0.1	0.3420061532041431	0.058567
0.1	0.34795555233466346	0.061482
0.08	0.3357908759184774	0.065429
0.02222222222222222	0.31630635289874004	0.0864855
0.017027863777089782	0.3064647927364844	0.0837737
0.021556813430675715	0.3021848821273617	0.0787521
0.01614433477967854	0.29510895290181377	0.0778213
0.017617742610920008	0.2866723311618288	0.0723904
0.014909000236786128	0.2811115538622586	0.0708638
0.014971681044931481	0.27764293320661154	0.0689962
0.013749257257562774	0.2751726368081879	0.0683422
0.01105594613261848	0.27357732849408406	0.0689175
0.011969554421158145	0.27313573604354124	0.0682078
0.012885300286951677	0.27169059346086044	0.0669802
0.012228705888841285	0.2705964955940017	0.0667539
0.011501707659150845	0.26777896365653064	0.065678
0.010507764790047856	0.2666494597488897	0.0656086
0.010404263640926914	0.26592243434646384	0.0652895
0.010398888773093789	0.265698326331277	0.0651778
0.009957781414991793	0.26575874377753955	0.0654341
0.00973740031761807	0.2657232909855692	0.0655288
0.01024777357948017	0.2659798221762049	0.0653989
0.010297949509574541	0.2659214808799164	0.0653434
0.010133234103058473	0.2657833241985059	0.065357
0.06666666666666667	0.3662093811820123	0.0897258
0.1	0.37863536104588336	0.0776377
0.06666666666666667	0.3594593549010527	0.0857276
0.02857142857142857	0.33587958073617763	0.0944383
0.009541577825159913	0.3098576125888062	0.0901897
0.01454562308288671	0.3030783433542486	0.0832511
0.014046062749850458	0.29351240338531115	0.0781014
0.015370124942686757	0.2856789048511508	0.0730668
0.013725807245997562	0.27938475326656687	0.0705747
0.013599498141978573	0.27628208834354134	0.0690021
0.013061049205182019	0.27453902700470045	0.0683707
0.010562371605767663	0.2730228976682329	0.0688855
0.011199982961515535	0.2724822078316408	0.0682684
0.011588133690183557	0.27104424212004724	0.0673175
0.011349321956767003	0.27021441420472864	0.0670111
0.011324762529008733	0.2678093949995107	0.0657844
0.010395938931993922	0.26660136964253084	0.0656412
0.010354709839252369	0.2658490717964016	0.0652774
0.010317032786096225	0.26566049134750064	0.0652003
0.00992489083750658	0.2657077478940299	0.0654249
0.009698210288378289	0.26568068670050227	0.065527
0.01022093666360358	0.2659505051259593	0.0653976
0.01023891570469224	0.2659011534872317	0.0653632
0.010081648990805367	0.26575283082407003	0.0653678
0.06666666666666667	0.3662093811820123	0.0897258
0.1	0.37972996171950346	0.0782489
0.05714285714285714	0.3630780514399917	0.0935963
0.023529411764705882	0.3434806196046237	0.102369
0.013056092843326886	0.3197450511374255	0.0940581
0.018105753035215312	0.3122263458755207	0.0865069
0.2	0.3836774031359384	0.0337374
0.18	0.3693394784459806	0.0358494
0.11857142857142858	0.3536954966369928	0.0552833
0.10574162679425839	0.3489602898735432	0.0591553
0.09778086406878392	0.3283099606160457	0.0531437
0.07903761756167296	0.32361727597512596	0.0598192
0.06701681798415109	0.31333340282023137	0.0606719
0.046363113249566816	0.30092426350688334	0.0648014
0.037345553412915074	0.2921652855990331	0.0649331
0.030931096557775047	0.2870167226441219	0.0655798
0.027663469716621026	0.2850599935599788	0.066253
0.027156077033890835	0.2835809397659255	0.0657537
0.025329204842464387	0.2816514364277994	0.0657011
0.025337228371319527	0.2804378300279834	0.0650763
0.02546263349970475	0.2804157798315085	0.0650011
0.02202167732943591	0.2746494672771005	0.0638208
0.02102141405321157	0.2729468485169395	0.0634664
0.02093848283724497	0.27325204222042543	0.0636621
0.02065216676916029	0.27247187411899354	0.0634132
0.020815384411253017	0.2726456497211597	0.0634185
0.020315258638465485	0.2722448627318022	0.0634685
0.01994282958126462	0.2721246083393053	0.0635956
0.019986626087207644	0.2718576693249965	0.063439
0.019829081155385866	0.27165463349900854	0.0634161
0.2	0.39288181404661277	0.0372034
0.10666666666666666	0.38138932170757334	0.0754725
0.08666666666666666	0.37302673030133676	0.0820021
0.07428487776313863	0.35319270817849296	0.0777896
0.06351855544494227	0.3349413062410852	0.0736703
0.05416074755087007	0.32115757051504823	0.0712873
0.04702830800810344	0.3110064813345583	0.0696845
0.03944310637140158	0.3001377195621383	0.0679617
0.03303923509075175	0.2916150173084945	0.0668614
0.030173167146657992	0.28665158884590347	0.0657812
0.026172674350784637	0.2845104661185548	0.0667384
0.026075850599499555	0.283099270703933	0.066061
0.02392692216997947	0.2809463417108482	0.066059
0.02502589567123325	0.2805881720636432	0.0653121
0.024963040045217606	0.2803199227693952	0.0652071
0.02194388634526754	0.27462645581482853	0.0638485
0.020679756652738766	0.27284306657099533	0.0635863
0.020842844179559422	0.27317466091937587	0.0636713
0.02064911042315088	0.2724557891257362	0.0634066
0.020779708942921533	0.2726175960393243	0.0634223
0.02023623274427935	0.27218483961200884	0.0634781
0.019901266338982548	0.27208409470866324	0.0635962
0.020027723166335797	0.27182442690166375	0.0634016
0.019769838387466415	0.2716114378589731	0.0634242
0.2	0.39288181404661277	0.0372034
0.10666666666666666	0.38138932170757334	0.0754725
0.10333333333333335	0.37950415201831333	0.0762703
0.09356893106893108	0.3666091651600269	0.074551
0.0808421724727632	0.34533447470744616	0.0699562
0.07157273717938842	0.3299429898218985	0.0667552
0.2	0.37413016579132097	0.0303213
0.18333333333333332	0.3458404326592509	0.0264086
0.16166666666666668	0.3439788068859032	0.0332377
0.15797385620915033	0.34408990177394916	0.0346392
0.11329662401090972	0.3265318733077562	0.0454693
0.09520218465125165	0.3271911654572926	0.0538189
0.10486474261472549	0.32625901907769694	0.0490154
0.07943204899151939	0.3160102915185601	0.0559693
0.07652615582218195	0.31226938847839186	0.0555749
0.07792089204334207	0.30716647518280876	0.0525535
0.06926964036602574	0.30195998088671566	0.0541448
0.06455611331169483	0.29991653491754755	0.0553945
0.060858359249004804	0.29699999773428293	0.0557629
0.059931007472309464	0.29593747185532704	0.0556991
0.05873972571002336	0.2941941205980915	0.0554388
0.048724100286725046	0.28720766418840615	0.0568744
0.043528681884361306	0.2839473646991047	0.0578011
0.0413583647561578	0.2832702985436277	0.0585214
0.04061555735077216	0.2826812894177152	0.0585958
0.039741665170004825	0.2822132931524554	0.0587925
0.03901751272780074	0.28168157781792513	0.0588858
0.03940140166123303	0.28185768375067227	0.058785
0.03957224223198168	0.2819939964512924	0.0587683
0.03981695457194448	0.28218270087007735	0.0587412
0.15	0.4006652022844367	0.062833
0.09047619047619047	0.3759725733078726	0.0815082
0.07981601731601731	0.3750032380208833	0.0871355
0.0690950080515298	0.3594714713697975	0.0843185
0.06348275188671484	0.3342179498403121	0.0732975
0.07090447982423777	0.3286793585591601	0.0664479
0.076100044833852	0.3227939706778464	0.0608579
0.06595752736396186	0.31461682722169326	0.0618314
0.06713231250506821	0.3098404196142079	0.0589072
0.06477602767301338	0.30528679583127416	0.0578454
0.06327817419105788	0.3012310745687725	0.0566216
0.060305746468806085	0.29950838038055244	0.0572179
0.05723923304527725	0.29621689613731683	0.0571103
0.056644401462349045	0.29496687398127125	0.0567976
0.05651148034054086	0.2933552068782706	0.056095
0.04698729730474056	0.2869749598146768	0.0575941
0.04287413124759844	0.2839087907920893	0.0580977
0.04082414653579524	0.28320166965970806	0.0587469
0.0404598657483687	0.28265678305649	0.0586593
0.039608740566444416	0.28215687556725066	0.0588296
0.03878438312140116	0.2816351383854235	0.0589765
0.03937971488266513	0.28184576734826555	0.0587898
0.039481122050800246	0.28197115054372707	0.0588014
0.039574846540885986	0.28216302884081934	0.058849
0.15	0.4006652022844367	0.062833
0.09357142857142857	0.3826505566849287	0.0835667
0.10808302808302808	0.3777964472234182	0.0727453
0.09722490070316157	0.36821411231483736	0.0734352
0.09371779962352003	0.3471701801661767	0.0642381
0.09285201862709251	0.3408134286946319	0.0614849
0.4	0.4397241978749887	0.00157801
0.37	0.4165160287238022	0.00216374
0.34222222222222226	0.3710398835897196	0.000830458
0.3137127578304049	0.371665560371225	0.00335853
0.15437234011495843	0.34126197677741593	0.0349277
0.10978546555611308	0.3297363925780565	0.0483784
0.12092169006355895	0.325890432635767	0.0420122
0.09113280466019602	0.3179835327176295	0.0514613
0.08526247127501448	0.3115153054590306	0.0511903
0.08847006226205287	0.3127112213223565	0.0502841
0.09356823890779487	0.3095667177373921	0.0466553
0.09028559097428587	0.3081463493718751	0.0474633
0.08496734173427749	0.3047495825372669	0.0483042
0.08213235418720051	0.3023871114834485	0.0485122
0.07633796191558842	0.29899091374325326	0.0495743
0.070306071585342	0.29612643082828816	0.0509948
0.0690824301510315	0.29520083168405775	0.0511295
0.06499770442521517	0.29408554201456716	0.0524812
0.0630342746099651	0.29291085198835737	0.0528432
0.061358311148879185	0.29225763769574586	0.0533145
0.059657473940170236	0.29166759766056904	0.0538287
0.059325193259495146	0.2918815651469428	0.0540825
0.05926140217982813	0.2917907024246533	0.0540699
0.05935195589369503	0.29213517108670706	0.054188
0.31666666666666665	0.45609450600326307	0.0194401
0.32333333333333336	0.43324524310338947	0.0120806
0.16180097680097677	0.3883765297425929	0.0513365
0.1504039529380609	0.3838314878957963	0.0544884
0.09180868185189157	0.33813104624713036	0.0606747
0.08023804681298784	0.3302237817924926	0.0624929
0.0884816664792887	0.32549433292209357	0.056175
0.0822468848491868	0.3166502264890942	0.0549449
0.0775419202946437	0.3097067113412345	0.0539005
0.08405517232193986	0.3113543042649562	0.0516649
0.08748157031211043	0.3100983416986554	0.0495582
0.08595617161266036	0.30740975741640375	0.0490417
0.08296946524471245	0.30453177248297936	0.0490899
0.07791005235161713	0.3018161358989343	0.0501339
0.07378409685027884	0.2988592184281337	0.0506588
0.06826010052948647	0.29597093307648276	0.0518522
0.06702622092712333	0.29499760970287353	0.051971
0.06418480320252623	0.293942916315484	0.0527888
0.06273568052625252	0.2928357838056053	0.0529461
0.06082060961764737	0.2921815117129692	0.0535279
0.05933810629456948	0.2916072338918124	0.0539489
0.05892205390696831	0.29184496339080307	0.0542531
0.0590586651840886	0.29176383304406484	0.0541517
0.059234905507684864	0.29208873993396856	0.0542209
0.31666666666666665	0.45609450600326307	0.0194401
0.28079365079365076	0.43452094685541914	0.0236321
0.15761405261405262	0.39964083979821263	0.058577
0.21279482505798297	0.39828293042855023	0.0344058
0.1294437072485853	0.35512858365492794	0.0509337
0.10734816965980502	0.34048539744334255	0.054353
0.06666666666666667	0.342160795242236	0.075897
0.2652380952380952	0.3918548993765497	0.0160318
0.2733333333333333	0.37896039475356114	0.0111571
0.28257330904389727	0.38269110046154087	0.0100236
0.19491501189281327	0.3559120733699364	0.0259201
0.16448185921095124	0.3542180315585003	0.0359998
0.13929749691933394	0.3479175541396843	0.0435223
0.13491153798736152	0.33991033527818526	0.0420245
0.13004177777400255	0.33387886358848495	0.0415496
0.12757198175917753	0.3296318349902857	0.0408282
0.12120429845058331	0.32595159037980764	0.0419215
0.11542202729777191	0.3223563981678651	0.0428218
0.1144975239809436	0.32117390054579686	0.0427151
0.1118849644288838	0.31930696677824666	0.0430239
0.1133976080045254	0.3193307435939934	0.0424085
0.09693592999721998	0.3109637220766709	0.0458079
0.08888200249803166	0.30725290478365175	0.0476859
0.08534526423733695	0.3061300184806512	0.0487459
0.08191832365027032	0.30452651193992075	0.0495544
0.08132222159844207	0.3041210374322182	0.0496393
0.07910008124869555	0.3032924457790192	0.0502622
0.07914520528380736	0.30346155068231395	0.0503178
0.07831846396388005	0.3031953012769899	0.0505696
0.07740237027125411	0.3028719374530219	0.0508365
0.05	0.3648504236879003	0.0991308
0.2149206349206349	0.4107999971832796	0.0383687
0.17669477581242288	0.3955907736418482	0.0479155
0.1836164125729343	0.3839874975569345	0.0401486
0.1206874891808675	0.3641259982906562	0.0592623
0.13686691633132358	0.3566639678806207	0.0483107
0.12471937836484925	0.3480784193758078	0.0498893
0.12441643118580345	0.33944056590149313	0.0462354
0.12187035365705767	0.3329662887436528	0.0445615
0.11765930324694907	0.32840839002888156	0.0444152
0.11408934575566007	0.3250264949576273	0.0444945
0.10805972612662332	0.32109458399967045	0.0453839
0.10857615947521945	0.3200027335570424	0.0447012
0.10599961430921108	0.318100877969112	0.0449869
0.10780334260015383	0.31830560351339465	0.0443112
0.09392475446252552	0.3105110998967129	0.0469096
0.08702867515500787	0.30707737761115184	0.0484214
0.08484452596267379	0.30603658111055665	0.0489259
0.08144236831164338	0.3044489667861018	0.0497319
0.08062565881798546	0.304093385771053	0.0499378
0.07881472592546661	0.30322829763073383	0.0503615
0.07923502008256754	0.30340953319085867	0.0502542
0.07801193567345935	0.30315902687944357	0.0506912
0.07726786743001635	0.30283015899609833	0.0508783
0.05	0.3675859698348748	0.100861
0.2149206349206349	0.41286240495580806	0.0391809
0.19555555555555554	0.4024241631914747	0.0427946
0.20465254044201414	0.3988962299268669	0.0377306
0.1498705953016933	0.37459910368937555	0.0505029
0.16551418622180875	0.3679693789871218	0.0409881
0.5	0.4581665363117165	0.00175004
0.44000000000000006	0.40757460496552056	0.00105141
0.42205128205128206	0.41169805411246047	0.000107189
0.3820531223162802	0.38732033847046005	2.77436e-05
0.2402480328673719	0.3732011601044046	0.0176765
0.24042519704330328	0.37438320718206974	0.0179447
0.20801326853802057	0.3647069699721092	0.0245529
0.17603699589208124	0.35107646021151756	0.0306388
0.16480692857037185	0.34249483312401663	0.031573
0.1516541337763965	0.33478303883525784	0.0335362
0.1431596596026821	0.33024211515488383	0.0349998
0.1427290596088196	0.3303951893230931	0.0352186
0.13283639476705225	0.32704399704231235	0.0377166
0.13052398718686467	0.3254056125179516	0.0379788
0.12607601498622956	0.32377755314158246	0.0390859
0.1182099603616052	0.3186184264552153	0.0401636
0.10885789438566625	0.3156299881117262	0.0427547
0.10637807263336477	0.31557980979488925	0.0437654
0.10374733073625816	0.3139063811396473	0.0441668
0.10164561371510905	0.3133786860119442	0.0448309
0.09908790933054253	0.31238729870012893	0.0454966
0.09770337536625288	0.3123488820050549	0.0460727
0.09698531471721064	0.31226651383033366	0.046346
0.09685995676033313	0.3120319191420154	0.046299
0.4666666666666666	0.46548365660230423	1.39951e-06
0.28214285714285714	0.42619664979460536	0.0207515
0.27866744366744367	0.41815907951950726	0.0194579
0.23004830257461836	0.40680567624439945	0.0312432
0.18380762659853148	0.375105909139587	0.036595
0.18124147588352107	0.3661641534561019	0.0341964
0.16446341252560587	0.3582900652476407	0.0375688
0.14836229304518456	0.34694387716053254	0.0394346
0.13943432136735967	0.3388013927860388	0.0397472
0.13364539864848213	0.3313715118396008	0.0390956
0.12758833825103846	0.3285007757691298	0.0403658
0.12877549057625945	0.3295135329092285	0.0402958
0.12309486361903776	0.3261253639910656	0.0412214
0.11964586486919529	0.32407262454137337	0.0417903
0.12095014838252549	0.3229127137817735	0.0407889
0.11364108207328712	0.3182298700901334	0.0418566
0.10700062497871735	0.3154242987049957	0.0434404
0.10551753046607629	0.31545743216611216	0.0440748
0.10220741919422038	0.3138696134710338	0.0448009
0.10080867878427983	0.31331773507770483	0.0451601
0.09832002227943003	0.31226985018121495	0.0457745
0.09724880014782315	0.3122618948908555	0.0462306
0.09659650674580143	0.31219470499805474	0.0464826
0.09633338932558508	0.311989281870014	0.0465075
0.4666666666666666	0.4693985980028912	7.46345e-06
0.28928571428571426	0.4319977550939683	0.0203667
0.3332034632034632	0.4309852887221052	0.00956129
0.3308491096107195	0.42617121550184284	0.0090863
0.23198966290736972	0.3903228698012323	0.0250694
0.2297134920239353	0.3851443094705491	0.0241587
0.5833333333333333	0.5007309917472241	0.00682315
0.6666666666666666	0.48184811144389217	0.0341579
0.7694516594516594	0.49697613053484097	0.0742429
0.6696192696192697	0.46891056535600306	0.040284
0.5344462632148828	0.4627507230918808	0.00514025
0.4433772136603661	0.4497610785033125	4.07537e-05
0.3828664795589412	0.4368150489528423	0.00291045
0.32599027497988536	0.4181062398689693	0.00848535
0.2974796435931472	0.40627571692586467	0.0118366
0.2747967377634838	0.39676693466679264	0.0148767
0.2668496166037928	0.3937488289081113	0.0161034
0.25137863212668254	0.3856512001988673	0.0180291
0.24858310721938368	0.3854920963311863	0.0187441
0.23895999228424075	0.3810944566533229	0.0202022
0.23771838166074583	0.3796552879053135	0.0201461
0.20999296411548274	0.36818022943198603	0.0250232
0.200387750163941	0.36669511511569286	0.0276581
0.19380994059373455	0.3642557379758054	0.0290518
0.19056798885115506	0.3633074818403521	0.0298389
0.18906885136537108	0.3630360162726878	0.0302646
0.18820121644853863	0.363357364803439	0.0306797
0.18539801954646662	0.36206022853864106	0.0312095
0.1844620086032213	0.36161265267193576	0.0313824
0.1829363720262367	0.36108906711513106	0.0317384
0.54	0.5042030555755098	0.00128142
0.5341269841269842	0.49260454477228144	0.00172411
0.6237301587301587	0.5147090687875435	0.0118856
0.513402901192375	0.4987639696473082	0.000214298
0.38015611081194134	0.45617138206669755	0.00577832
0.36156551637246215	0.4501176490952473	0.00784148
0.33549305514314354	0.43831747501784324	0.0105729
0.2982333261769834	0.41269457486061745	0.0131014
0.27314430743415297	0.4007571008578525	0.016285
0.257413944766134	0.39421324867200574	0.018714
0.2575090079142119	0.39204277260495185	0.0180993
0.24279614780361256	0.3852168956711041	0.0202837
0.24225251810675846	0.3847093269594844	0.0202939
0.23461700407118152	0.38072250203461	0.0213468
0.23121854983515133	0.3792841590278949	0.0219234
0.20570223651452607	0.36794674448861725	0.0263233
0.19888657657420555	0.36652856873177725	0.0281038
0.1924916917282125	0.3641769235562004	0.0294758
0.18967769116909977	0.3632481152508949	0.0301267
0.18816417204418373	0.36296169102582865	0.0305542
0.18791732664831656	0.3632982885589638	0.0307585
0.184892581110432	0.3619943894919532	0.0313651
0.18451218895710028	0.3615719942577089	0.0313502
0.1825962377904371	0.36103774086030904	0.0318414
0.54	0.5042030555755098	0.00128142
0.5907936507936509	0.4986959368728681	0.00848199
0.6895526695526696	0.5299997385358513	0.0254571
0.6388078304190836	0.5178654513703036	0.0146271
0.520144153953292	0.4837620058081056	0.00132366
0.42621221929148145	0.4676661209412372	0.00171843
0.8800000000000001	0.6790419075984959	0.0403842
0.9012265512265513	0.6226149713344229	0.0776244
0.7917316017316017	0.5707569262484281	0.0488298
0.7646557878499803	0.572715133125837	0.0368412
0.6413430841149568	0.5480761979726221	0.00869871
0.594242169249543	0.540135417671151	0.00292754
0.5423357230521476	0.5277323774104292	0.000213258
0.49448706621259575	0.5157400418339101	0.000451689
0.45299979974543936	0.4982563490464864	0.00204816
0.4277422589642973	0.4877143707381205	0.00359665
0.4061930751711076	0.47648588781507606	0.00494108
0.39891630108080023	0.474258606480863	0.00567646
0.38977377930418283	0.47160660796951503	0.00669661
0.3822872192650487	0.46814631471142204	0.00737178
0.3841993176773302	0.4693441761510412	0.00724965
0.35745066497747685	0.4573637125927702	0.00998262
0.3481993966720241	0.45333788473449727	0.0110541
0.3438635597311517	0.4526872512870085	0.0118426
0.34043149056075056	0.4513959743745892	0.0123131
0.33790319508933686	0.45047550065085123	0.0126725
0.33562889341773133	0.4494183531867292	0.012948
0.33536272399704414	0.44982896385955407	0.0131025
0.3346731130785506	0.44947862671546995	0.0131803
0.3349442086186135	0.4497932300194294	0.0131903
0.9	0.6957496767120686	0.0417182
0.8919191919191919	0.6649488034735792	0.0515156
0.8012932492344257	0.6339725339111604	0.0279962
0.7332331640311095	0.5969706707769256	0.0185675
0.6136169242001074	0.5603673742367509	0.00283551
0.5540977036062648	0.5407492264319116	0.000178182
0.5143047153750911	0.5261998958988521	0.000141495
0.47923107318223257	0.5137205957505795	0.00118953
0.44458972385756884	0.4971021466057646	0.00275755
0.419994802344153	0.48722626102463307	0.00452007
0.3986791852451222	0.4762132602372498	0.00601153
0.3944009089246244	0.47377671888586387	0.00630052
0.38549704731154966	0.4712121989517997	0.00734709
0.379576204513007	0.46772085363430316	0.00776948
0.38035754517043757	0.4690699133224398	0.00786988
0.3546747692224008	0.4570640992837089	0.0104836
0.3456930952559795	0.4530569580315055	0.011527
0.34278242184076346	0.45264302130947415	0.0120694
0.3397713251696982	0.4512157569454181	0.0124199
0.33678759038762	0.4502783583504666	0.0128802
0.33475224912175056	0.44930044546991094	0.0131213
0.33491411179548775	0.44973748521713564	0.0131844
0.3343132241032396	0.4493956344092466	0.013244
0.33440337504276085	0.44970624182124386	0.0132948
0.9	0.6957496767120686	0.0417182
0.8919191919191919	0.6649488034735792	0.0515156
0.8366778646190411	0.6467738847674604	0.0360635
0.8208814856640944	0.6246456997342366	0.0385085
0.6836035595264282	0.5850228369796995	0.00971816
0.602319912796666	0.5549522674634426	0.00224369
0.9355555555555556	0.6836527942786953	0.063455
0.9063048063048063	0.6800896641960336	0.0511733
0.8606341173446437	0.6766922429699413	0.0338346
0.8168647061017437	0.6603759110912334	0.0244887
0.7216504306348012	0.6283741807056252	0.00870046
0.669821735010869	0.6107607571475022	0.0034882
0.6186505520106148	0.5901754472437848	0.000810832
0.5732785628064992	0.5715592323797349	2.9561e-06
0.5303929429382506	0.5523012726008293	0.000479975
0.5139102680681502	0.5443071537169123	0.000923971
0.5059039872158845	0.5418367199483783	0.00129116
0.49432119730778157	0.5374211155754397	0.0018576
0.4849864097415712	0.534042498609806	0.0024065
0.4834966691191719	0.5339319877183353	0.00254372
0.4812744523027983	0.5333009951597993	0.00270676
0.46420340357879264	0.5278587041460949	0.004052
0.4602672268865418	0.5263763765367994	0.00437042
0.46147172614028265	0.5281729214392252	0.00444905
0.46025660818377084	0.5281061631469623	0.00460356
0.4612223435577884	0.5288011629849685	0.0045669
0.4618259524956387	0.529266088239544	0.00454817
0.4610747354543248	0.5290673745126895	0.004623
0.4611279762740598	0.5292253679072534	0.00463725
0.46069512035721055	0.528864249670131	0.00464703
0.95	0.7053736485558373	0.0598421
0.919047619047619	0.72981240998963	0.03581
0.963410019931759	0.7486823482037724	0.046108
0.8603520339309811	0.7002553024396578	0.025631
0.708870616828811	0.6378052297160298	0.00505029
0.6538923708839555	0.6150199950774364	0.00151106
0.5977935431890476	0.5862438572185178	0.000133395
0.5565662419182666	0.5701353244021176	0.00018412
0.5231070347560987	0.5518841807885664	0.000828124
0.5039983887013247	0.5428520903164638	0.00150961
0.5007789661198961	0.540898377775645	0.00160957
0.4869350025612844	0.5367184187799019	0.00247839
0.47983341379071476	0.5333942234344641	0.00286876
0.47920665149416763	0.5333028597287812	0.0029264
0.4771397284394057	0.5329246661193096	0.00311196
0.46366152264649135	0.5277426889576536	0.0041064
0.4591275152243415	0.5262694927774956	0.00450805
0.4607863978381904	0.5280794862804704	0.00452836
0.4599966265938047	0.528083832133272	0.00463587
0.46092564036320605	0.5287565491917413	0.00460103
0.46147639276227614	0.5292411733744327	0.00459207
0.46079354065312766	0.529011306044914	0.00465366
0.46085149099556266	0.5291677741299858	0.00466711
0.46046007193583505	0.5288101261425038	0.00467173
0.95	0.7053736485558373	0.0598421
0.919047619047619	0.72981240998963	0.03581
0.964107052367922	0.7513879203648568	0.0452494
0.8732908850277272	0.7084568040819207	0.0271703
0.7549579328058476	0.6567440866251186	0.00964596
0.6990352862159261	0.6309783680186636	0.00463174
0.9655122655122655	0.8077030026065032	0.0249038
0.9558622782446312	0.8053375393874976	0.0226577
0.9217734395456425	0.7951102785494246	0.0160436
0.8912399507455119	0.7870799814153226	0.0108493
0.8179811131503776	0.7474103409209519	0.00498023
0.787321386653097	0.7325111629959149	0.00300416
0.7504783623657258	0.71281202017429	0.00141875
0.7192833416992327	0.6959769588889364	0.000543187
0.6996727997583979	0.6833854128714935	0.000265279
0.6955375688682532	0.6815652655849049	0.000195225
0.6845014868026502	0.6756165160101232	7.89427e-05
0.6790047596509382	0.6720787939950121	4.7969e-05
0.6761128702041688	0.6703369151726588	3.33617e-05
0.6751850189634419	0.6700168380647109	2.67101e-05
0.6728698363822468	0.6686254466902539	1.80148e-05
0.6677312327932585	0.6666432731598533	1.18366e-06
0.6669008271860796	0.6668501555171467	2.56762e-09
0.6675121057994347	0.667409578668255	1.05118e-08
0.6668506588008202	0.6670989707191115	6.16588e-08
0.6665331142916523	0.6668492580383559	9.99469e-08
0.6670469935296863	0.6671584917692454	1.24319e-08
0.6667090004957511	0.6669954179155232	8.20349e-08
0.6673330301151443	0.6672168103979282	1.3507e-08
0.6675524523801997	0.6673661798163362	3.46975e-08
0.9780219780219781	0.8158676959618905	0.026294
0.9848544891640867	0.8246016396196649	0.025681
0.9580760586486395	0.8261788819132596	0.0173969
0.8909218171293931	0.7881900277369664	0.0105538
0.8182935684165791	0.7477073093992663	0.00498242
0.7869715780510553	0.7332094854840799	0.00289036
0.747279119575402	0.7120584041079301	0.0012405
0.7171721748180518	0.6959887339771746	0.000448738
0.6975144684272736	0.6829075806695037	0.000213361
0.6939612935069164	0.6811771923415602	0.000163433
0.684294819963254	0.6756953901916121	7.39502e-05
0.6789748063274336	0.6721646113091891	4.63788e-05
0.6761414371372194	0.6704524281675696	3.23648e-05
0.6741958032568955	0.6699610052320849	1.79335e-05
0.672468857106765	0.6687138324628694	1.41002e-05
0.6676477423640844	0.666631032504976	1.0337e-06
0.6667796022040994	0.666815174456018	1.26539e-09
0.667352364744551	0.6674018983668731	2.45358e-09
0.6667208025852347	0.6670480934476222	1.07119e-07
0.6664739262532203	0.6668471731005028	1.39313e-07
0.6669581646154287	0.6671348037144704	3.12014e-08
0.6667034595696906	0.6670246629812897	1.03172e-07
0.6672776439002738	0.6672235546630825	2.92565e-09
0.6674884362011633	0.6673587649704534	1.68146e-08
0.990909090909091	0.823143279547453	0.0281454
0.9842352941176472	0.8255586427994613	0.0251783
0.9651002521970264	0.8310402730753166	0.0179721
0.9041675015744947	0.795343459938243	0.0118427
0.832895949895525	0.7542373904524697	0.00618717
0.7985366187548968	0.7386252022112159	0.00358938
