0.05	0.1	0.0025
0.06666666666666667	0.1	0.00111111
0.05714285714285714	0.1	0.00183673
0.025	0.1	0.005625
0.011969696969696969	0.16666666666666666	0.0239312
0.015495164637041068	0.38	0.132864
0.013921309508987517	0.44666666666666666	0.187269
0.015500787498383706	0.5008080808080808	0.235523
0.01265897088780597	0.6735064935064935	0.436719
0.012250307637595357	0.4728327228327228	0.212136
0.01172680603905229	0.5169976499008757	0.255299
0.009937891358849076	0.5154947976000608	0.255588
0.010728179854146012	0.4493795093795093	0.192415
0.011227952569681931	0.38453546453546456	0.139358
0.010783670087457153	0.4432900432900433	0.187062
0.01086982631403494	0.2962987012987013	0.0814696
0.010150930544169112	0.24256834952487125	0.0540179
0.010011334811805921	0.19518158813810987	0.034288
0.01011864964182459	0.15279054603380887	0.0203553
0.04	0.1	0.0036
0.05714285714285714	0.1	0.00183673
0.03636363636363636	0.1	0.00404959
0.019047619047619046	0.1	0.00655329
0.009075789973865527	0.16666666666666666	0.0248349
0.013185326554176905	0.375	0.13091
0.011849097226933506	0.4416666666666666	0.184743
0.012363379980979337	0.46944444444444444	0.208923
0.011626019855738492	0.6225424981522543	0.373219
0.01191484923036137	0.38602397602397603	0.139958
0.011314681391814034	0.4141680694899	0.162291
0.009514816234439376	0.38763685885976906	0.142976
0.010512397989536609	0.23142562392697252	0.0488027
0.010549540088579754	0.16714515529232177	0.0245222
0.010439726708461343	0.16244272372438986	0.0231049
0.010733882124178131	0.043937445130905514	0.00110248
0.010069491915035781	0.037155131517668506	0.000733632
0.009978348304543052	0.0332671707499632	0.000542369
0.010089674531633045	0.02679666711950776	0.000279124
0.04	0.1	0.0036
0.05714285714285714	0.1	0.00183673
0.03636363636363636	0.1	0.00404959
0.021052631578947368	0.1	0.00623269
0.01118353344768439	0.18	0.028499
0.014996631564018013	0.38571428571428573	0.137432
0.11666666666666665	0.2	0.00694444
0.075	0.2	0.015625
0.08038461538461539	0.26666666666666666	0.034701
0.06618425147836912	0.48	0.171243
0.07274023603322485	0.7733333333333333	0.490831
0.05215208582152705	0.6311660561660561	0.335257
0.04730391475590528	0.6781428571428572	0.397958
0.038769536338333674	0.6404761904761904	0.362051
0.031030170134507894	0.5238757321110262	0.242897
0.027962287724345176	0.48906204906204903	0.212613
0.024583507233474883	0.45434787434787427	0.184697
0.023628029475615434	0.351007326007326	0.107177
0.02245978149150448	0.3135073967426908	0.0847087
0.02315309618232959	0.31583333333333335	0.0856617
0.023063301969384963	0.2932139864492806	0.0729814
0.02053652470023912	0.22090555380724006	0.0401477
0.01994232291298747	0.15433644306141175	0.0180618
0.01995463922137316	0.13296987854518744	0.0127724
0.020145800449500074	0.12326923127717135	0.0106344
0.02019298061990313	0.10907951582323769	0.00790082
0.11666666666666665	0.2	0.00694444
0.06999999999999999	0.2	0.0169
0.07068181818181818	0.275	0.0417459
0.05288931540976296	0.4545454545454545	0.161328
0.05287797132262757	0.7533333333333333	0.490638
0.047670085368367324	0.569604007104007	0.272415
0.042564046035300306	0.48244349734766967	0.193494
0.035596747266879794	0.4400156785450903	0.163555
0.030157954155079002	0.2900316614176405	0.0675343
0.027070211162352004	0.1550312996181594	0.016374
0.023911515086809578	0.17343685005268933	0.0223578
0.02335958692542873	0.11809828808382017	0.00897542
0.02185070391558066	0.10957084161885726	0.00769482
0.02313066048580308	0.10083962103782648	0.00603868
0.022360884700895863	0.0924209466638352	0.00490841
0.020314264710105355	0.05470116899743612	0.00118246
0.019822412032198047	0.04613825877649049	0.000692524
0.019833070879610747	0.04203606998105193	0.000492973
0.020086190933041988	0.03964113611789138	0.000382396
0.020177024447936585	0.03700754172347442	0.000283266
0.11666666666666665	0.2	0.00694444
0.06999999999999999	0.2	0.0169
0.08068181818181819	0.2857142857142857	0.0420383
0.06348023653906007	0.48	0.173489
0.061603684894547164	0.8066666666666666	0.555119
0.05439476339577047	0.73	0.456442
0.10666666666666666	0.2	0.00871111
0.09833333333333334	0.3	0.0406694
0.08107142857142857	0.4	0.101715
0.08188892948483742	0.58	0.248115
0.08531785708583646	0.8400000000000001	0.569545
0.07322120635833274	0.6795382395382394	0.36762
0.07453953690523683	0.5723809523809523	0.247846
0.06305253963001442	0.4901343101343101	0.182399
0.0627213953805797	0.4139443562972975	0.123358
0.061906894069179166	0.338164188752424	0.0763181
0.05669930900549276	0.3372985631126027	0.0787359
0.05351101407175507	0.3302893647161382	0.0766063
0.05180725366462683	0.267439533366149	0.0464973
0.05052416533426331	0.2512289702051663	0.0402824
0.049965227379312874	0.25820643724818304	0.0433644
0.04427292227081429	0.179334088944186	0.0182415
0.040389732778780676	0.16475039088344978	0.0154656
0.039314293029549904	0.12641513832078174	0.00758656
0.0390911991146142	0.1132681967321928	0.00550223
0.10666666666666666	0.2	0.00871111
0.06222222222222222	0.3	0.0565383
0.06204248366013072	0.4	0.114215
0.06003538128538129	0.6	0.291562
0.05686859519748374	0.8019607843137255	0.555162
0.06410309710917335	0.5697844449457352	0.255714
0.06765743905159272	0.38365088518012064	0.0998519
0.05945501520667997	0.29967367139337864	0.057705
0.058538410989784836	0.18824829039530153	0.0168247
0.058085051182989	0.156145406434214	0.00961583
0.05473397707201273	0.14314844223256692	0.00781712
0.05151019077554951	0.130018715195928	0.00616359
0.04968123740676371	0.1177214985811101	0.00462948
0.04964471228205937	0.11320042041922188	0.00403933
0.04864222492876475	0.10795081992424649	0.00351751
0.043266032022546815	0.0808367018339097	0.00141156
0.03994585979055161	0.07002677826240031	0.000904862
0.0391837396770328	0.0667102571967152	0.000757709
0.03886081494677402	0.06243715755864922	0.000555844
0.10666666666666666	0.2	0.00871111
0.06222222222222222	0.3	0.0565383
0.05898692810457516	0.4	0.11629
0.06223546219751154	0.6	0.289191
0.06556496417146418	0.8527272727272728	0.619625
0.07415805933118971	0.8187606837606838	0.554433
0.29523809523809524	0.4	0.0109751
0.29833333333333334	0.6	0.0910028
0.16541208791208792	0.6	0.188867
0.17781457104986514	0.9800000000000001	0.643501
0.09945671079129725	0.7868398268398269	0.472496
0.07877200074544069	0.6909523809523809	0.374765
0.08309774271708299	0.6137518037518038	0.281594
0.07591031671801166	0.4316416916416917	0.126545
0.07096960712424379	0.37112859362859363	0.0900954
0.0756698462276126	0.3150192943257459	0.0572882
0.07612674640961918	0.2924908632158422	0.0468134
0.07421569987999745	0.2695485804661217	0.0381549
0.0728737471803107	0.23451377553869096	0.0261275
0.0679198940250167	0.24868708615143248	0.0326768
0.06654775451289868	0.24856159350254342	0.033129
0.061724234501751477	0.18191430190824934	0.0144457
0.06277526239019263	0.15006336610713605	0.00761921
0.061348077592072094	0.141357999716351	0.00640159
0.060127072683037616	0.13203326764282514	0.0051705
0.059180349660054254	0.12869409091401646	0.00483216
0.058133502670360805	0.1187480256322273	0.00367412
0.05829893907885749	0.11847668876976858	0.00362136
0.0582625439411719	0.10621223570409588	0.00229917
0.05867374540759281	0.10455951838719454	0.0021055
0.2257142857142857	0.4	0.0303755
0.18572871572871572	0.6	0.171621
0.11946958270487681	0.6	0.230909
0.13477936877936875	1.0	0.748607
0.07834417344253394	0.8151731601731601	0.542917
0.0718575430018534	0.6381893161304927	0.320732
0.07486469043894092	0.507185298361769	0.186901
0.0720020248064596	0.29693057451134924	0.0505929
0.0684828682376642	0.1954797730283535	0.0161282
0.07255966319498304	0.16973139443880408	0.00944235
0.07527456317797944	0.16259664096228418	0.00762515
0.07342500303190272	0.15562209254109338	0.00675636
0.07066827106148707	0.1543405247113565	0.00700105
0.06676782980783316	0.1462334316917213	0.00631478
0.06622795109959316	0.134019185309542	0.00459565
0.06156154324326204	0.10541860083469176	0.00192344
0.06258122113164628	0.1003209678478744	0.00142429
0.061002260828087976	0.08954361085018404	0.000814609
0.060018604983259685	0.08481489174236262	0.000614856
0.05916097157824076	0.0816653264357069	0.000506446
0.05796004324584318	0.07894929589889625	0.000440549
0.05821273943583124	0.07795771151781042	0.000389864
0.058154675805177615	0.07580851161560584	0.000311658
0.05861089940597878	0.07455837645657087	0.000254322
0.2257142857142857	0.4	0.0303755
0.18017316017316018	0.6	0.176255
0.11216300039829452	0.6	0.237985
0.14514326132804392	1.0	0.73078
0.09561708591066824	0.8847619047619049	0.62275
0.07790608154058107	0.8346336996336998	0.572637
0.05	0.1	0.0025
0.196031746031746	0.5	0.0923967
0.19272727272727275	0.5599999999999999	0.134889
0.16960627833053463	0.6866666666666666	0.267351
0.12507392746916252	0.6847619047619047	0.313251
0.12090753749458012	0.5593650793650794	0.192245
0.11238096268222708	0.426998556998557	0.0989842
0.1051591613883601	0.3626247436773753	0.0662885
0.10681073150304417	0.3492760675358602	0.0587894
0.10214056890547248	0.29959703982979846	0.0389891
0.0984940596508799	0.2737884289016037	0.0307281
0.09598519169032382	0.2640131034277376	0.0282334
0.09685563825896848	0.25021053106625046	0.0235177
0.09447071471425479	0.2446113530106026	0.0225422
0.09433271294776333	0.24658286935687995	0.0231801
0.08581179167997269	0.19127648476094378	0.0111228
0.0809655577845136	0.16168822318196466	0.00651615
0.08050361647617318	0.15345984731975462	0.00532261
0.07776103818703567	0.14083457416074294	0.00397827
0.07771366191365232	0.13362521958861512	0.0031261
0.07698514991606242	0.13185584620649765	0.00301079
0.07759208877207471	0.12369913092006454	0.00212586
0.07724106905085754	0.11771462311827727	0.00163811
0.07663617314797759	0.11173938838680794	0.00123224
0.03333333333333333	0.1	0.00444444
0.14343434343434341	0.5	0.127139
0.13494810744810745	0.5857142857142857	0.20319
0.12893317301627255	0.6916666666666667	0.316669
0.10963562089950414	0.589749713887645	0.23051
0.11042097099809493	0.4564725286032586	0.119752
0.10879098039288322	0.3229275102854604	0.0458545
0.10220496021829115	0.26741972567265704	0.0272959
0.10118253954466472	0.21555098766906627	0.0130801
0.0993758712489837	0.20131716335263614	0.010392
0.09481163472260001	0.18037044201646574	0.00732031
0.09229837145531397	0.1773279862921864	0.00723004
0.09426714888929483	0.1686431527616775	0.00553179
0.09127463274816347	0.16367753380669456	0.00524218
0.0927908505141026	0.1638785081546703	0.00505346
0.085004210643958	0.13300480704460416	0.00230406
0.08060449216587774	0.11516381498141423	0.00119435
0.08019100471079571	0.10929617837632519	0.000847111
0.077650501683153	0.10239353951368005	0.000612218
0.0775471075232047	0.09992720351763376	0.000500869
0.0767820842027296	0.09746874532408273	0.000427938
0.07740561836707913	0.09759636892652736	0.000407666
0.07696011056539928	0.09565515659276358	0.000349505
0.0764271956758201	0.09380863696142369	0.000302115
0.03333333333333333	0.1	0.00444444
0.15303030303030302	0.5	0.120388
0.13633699633699634	0.5857142857142857	0.20194
0.13873520173111825	0.7257142857142858	0.344544
0.11977729396076826	0.8426984126984127	0.522615
0.12491726573985884	0.7260606060606061	0.361373
0.3333333333333333	0.5	0.0277778
0.31857142857142856	0.8	0.231773
0.26458836485152276	0.7666666666666666	0.252083
0.2405407268170426	0.7533333333333333	0.262956
0.16734590250695622	0.6362728937728938	0.219893
0.17192701279805372	0.5168686868686869	0.118985
0.1548177092661796	0.43865770245080593	0.0805651
0.13826008650918176	0.3691902541902542	0.0533287
0.12694236960342603	0.33682940057654015	0.0440526
0.11957382436857267	0.31283036420462396	0.0373481
0.11184630246623935	0.29232096077297315	0.0325711
0.11630945943032969	0.2498810236486825	0.0178414
0.11233347723334455	0.2659092971745038	0.0235855
0.10811304411519376	0.2641850203683541	0.0243585
0.10820898969913148	0.21997194168809817	0.012491
0.10362341741816061	0.1918404549885376	0.00778225
0.099802667737152	0.1719275916098592	0.005202
0.09898644650549301	0.15505641813264526	0.00314384
0.09807063519890323	0.15135263932443382	0.00283897
0.09732993349224425	0.14356519742448573	0.0021377
0.09651632449966834	0.1339286665447961	0.00139968
0.23523809523809525	0.5	0.0700989
0.1938888888888889	0.8	0.367371
0.20030689468769963	0.788888888888889	0.346429
0.18343639215190938	0.7988888888888889	0.378782
0.1470102351960833	0.5189538702038703	0.138342
0.15069721501941785	0.44633332747937204	0.0874007
0.14071984028337897	0.35454393166469833	0.0457207
0.12790990838389824	0.2747722797658725	0.0215686
0.11745808176564784	0.23817729317161335	0.0145731
0.11350688637791531	0.2133142592281577	0.00996151
0.10731975998396973	0.20186379383769112	0.00893857
0.11429630299382756	0.19190106528958908	0.0060225
0.10938793894815849	0.18327146144169917	0.00545877
0.10575611983916082	0.1758702410527569	0.00491599
0.10601478120763645	0.17020443084746034	0.00412031
0.10241839820959206	0.1464763834217817	0.00194111
0.09896920490555655	0.13494722538311282	0.00129442
0.09880313011691919	0.1289062265526706	0.000906196
0.09762535793945801	0.12362291392470373	0.000675873
0.09725103796628091	0.12022942008111089	0.000528006
0.0960452808626227	0.11765886939658332	0.000467147
0.24666666666666667	0.5	0.0641778
0.19984848484848483	0.8	0.360182
0.19942388880469378	0.788888888888889	0.347469
0.19557726590809313	0.8397979797979798	0.41502
0.16408829751051832	0.7747440794499619	0.3729
0.1753870371078642	0.7075897435897437	0.28324
0.39666666666666667	0.7	0.0920111
0.4829365079365079	0.74	0.0660816
0.52998001998002	0.8288888888888888	0.0893465
0.4912951509642135	0.6455555555555555	0.0237963
0.4160986431077086	0.5485009046680874	0.0175304
0.33944666884587266	0.46679870877020446	0.0162185
0.30787839284345203	0.42273261605943546	0.0131915
0.27559644072119066	0.3970543503058887	0.014752
0.25350522402527786	0.35403176217773963	0.0101056
0.2374869473017111	0.34188105761798415	0.0108981
0.23700029869755093	0.3314311902832549	0.00891719
0.22305461997750528	0.31646437105018377	0.00872538
0.2232899294170032	0.31339107363996527	0.00811822
0.217520340279071	0.29402911813747706	0.00585359
0.21690670591073563	0.2933342019315242	0.00584116
0.1942508148857267	0.2495787619882719	0.00306118
0.19058867197367518	0.23400791803112964	0.00188523
0.18754376658852864	0.21793489875203642	0.000923621
0.18562281932845165	0.21066826829676497	0.000627275
0.18469687436623947	0.20727032818099805	0.000509561
0.18508749555632656	0.2050979849543463	0.00040042
0.1829699935985053	0.2003203956142669	0.000301036
0.18255074423795986	0.1980241211801125	0.000239425
0.1813733856011971	0.196427052877249	0.000226613
0.32999999999999996	0.7	0.1369
0.3437590187590188	0.8	0.208156
0.4065945165945166	0.9523809523809523	0.297883
0.3595694147320834	0.8232539682539682	0.215003
0.323038607389787	0.622225205407148	0.0895126
0.3035208444263335	0.49665150696538723	0.0372995
0.2873325965446596	0.4334305650916946	0.0213446
0.2565785567840413	0.3762544158263888	0.0143223
0.24235568978853345	0.3315249695592723	0.00795116
0.23230391007566578	0.30780405914542375	0.00570027
0.23142776363372697	0.2964926970839057	0.00423345
0.22021399038390627	0.28150718857397417	0.00375686
0.21934787169062867	0.2762045199882694	0.00323268
0.2147102367087422	0.26449260459638074	0.00247828
0.21357553227965198	0.258666719589338	0.00203322
0.1924207551610317	0.23009849226230544	0.00141961
0.190126671476249	0.2217616689712396	0.00100077
0.18663564049874523	0.2125451323782595	0.000671302
0.18536597560732482	0.2072033722337633	0.000476872
0.18412960701079456	0.20249905768053714	0.000337437
0.18466269605179336	0.2015291184852542	0.000284476
0.18278444790386897	0.19822841160097	0.000238516
0.18251213216052267	0.1967883249044135	0.00020381
0.18107510543408392	0.19448691358972878	0.000179877
0.3466666666666667	0.7	0.124844
0.3761183261183261	0.8	0.179676
0.44283799533799534	0.9523809523809523	0.259634
0.4199916762398022	0.8977344877344876	0.228238
0.3534007696139721	0.7330077533499691	0.144101
0.3370747765971539	0.6479142188507513	0.0966212
0.8123809523809523	0.86	0.00226757
0.756930846930847	0.8099999999999999	0.00281634
0.6364395408513056	0.7902564102564102	0.0236596
0.6311568876568876	0.6637956634009267	0.00106529
0.5450470552617743	0.5780509490860535	0.00108926
0.516357337260471	0.5599447200566974	0.00189986
0.4785275653247781	0.5262387508877155	0.00227636
0.4528801403481434	0.5146674323965408	0.00381767
0.4225602843106766	0.48899484354923706	0.00441355
0.40041647546540887	0.457682499240191	0.0032794
0.38663558028057887	0.44072264767108055	0.00292541
0.37786693199268767	0.4267821323743918	0.0023927
0.3764549372235343	0.4180803682013431	0.00173268
0.37026293258330095	0.41103850379336604	0.00166265
0.3695802361031673	0.4065896400399594	0.0013697
0.35034437904820437	0.3766124866252478	0.000690013
0.34071421167902904	0.36181381417770797	0.000445193
0.3386163321386563	0.35582111757942014	0.000296005
0.336365447938042	0.34981430288654053	0.000180872
0.3346746146726224	0.3464216014878537	0.000137992
0.3336375423167868	0.3443282163914426	0.000114291
0.3340355747589451	0.34265375345411253	7.4273e-05
0.3335969133730933	0.34120499955493966	5.7883e-05
0.334054130424145	0.34045118136414176	4.09223e-05
0.7180952380952381	0.9	0.0330893
0.6714607614607615	0.9888888888888889	0.100761
0.6010526315789473	0.9642031171442935	0.131878
0.5816668306990886	0.8120170167996255	0.0530612
0.5067849663510005	0.6511054406158403	0.0208284
0.4871743190948358	0.5955016160551735	0.0117348
0.455277920179393	0.5484426582334121	0.00867967
0.4476318606568763	0.5055357231035601	0.00335286
0.41285245242931506	0.4755778121515217	0.00393447
0.39690288654137196	0.45149106517121373	0.00297987
0.3813518370897301	0.42967159751996464	0.0023348
0.3730777849276934	0.4215259759254649	0.00234723
0.3716966437718937	0.4108660833176406	0.00153424
0.3660450536596371	0.4041971248457402	0.00145558
0.36826196020333124	0.399667486021246	0.000986307
0.3478595383513946	0.3726934401598717	0.000616723
0.33913558781069775	0.35976237001126765	0.000425464
0.3377706350244971	0.3548529069404297	0.000291804
0.3354288645177994	0.34992216255284686	0.000210056
0.3336892583217151	0.346299092457705	0.000159008
0.33314005068513625	0.34363726852951093	0.000110192
0.3337259547653569	0.3425865749086021	7.85106e-05
0.33297328307010493	0.340676892266065	5.93456e-05
0.333645319388158	0.34028891736794614	4.41374e-05
0.7180952380952381	0.9	0.0330893
0.6781274281274281	0.9888888888888889	0.0965727
0.6365471370734528	0.9753142282554048	0.114763
0.6190156213999586	0.865638230467279	0.0608227
0.5588923467039777	0.7433533315120895	0.0340259
0.521653483398667	0.666282587491074	0.0209176
0.8153174603174603	0.9088888888888891	0.00875561
0.7790906479141774	0.8185464535464536	0.00155676
0.8529902023239618	0.7551356323415147	0.00957552
0.751755864083433	0.7326878972125153	0.000363587
0.6695042981475315	0.6689826661515872	2.721e-07
0.6294987180144641	0.63101506447757	2.29931e-06
0.5784230490878711	0.5988638932981136	0.000417828
0.5489962054755491	0.5805969641109487	0.000998608
0.5171044250951418	0.5466482027478891	0.000872835
0.49712379090608305	0.5339221442166516	0.00135412
0.4900269838022277	0.5223311046946125	0.00104356
0.48197940438607134	0.5057645267008528	0.000565732
0.4738858202738866	0.49972466265340765	0.000667646
0.4724891085543822	0.4962008674419752	0.000562248
0.47347437828287886	0.49242812813803755	0.000359245
0.4606264855009816	0.47383169249527735	0.000174377
0.4579262162587564	0.4678056768837625	9.76037e-05
0.4594122594871323	0.4655460789516005	3.76237e-05
0.45954800421119096	0.46423233795093743	2.1943e-05
0.4605908730599567	0.46401530538914876	1.17267e-05
0.4612259057347652	0.4640536685517402	7.99624e-06
0.4608130809143943	0.46301057778253485	4.82899e-06
0.460932516614838	0.46269096409338983	3.09214e-06
0.4605246013764134	0.4619496795828291	2.03085e-06
0.7207142857142858	1.0	0.0780005
0.7908697838109603	1.0	0.0437354
0.8721448978176667	0.953092559614299	0.00655252
0.7551593913739404	0.8612203955660555	0.0112489
0.6363965632370422	0.7191654989516291	0.0068507
0.6054824788305967	0.6636534192552073	0.00338386
0.5609281953527657	0.6062426186620467	0.0020534
0.5356048159179693	0.5734517224852897	0.00143239
0.5070118088355614	0.5399120079361815	0.00108242
0.4903193648868608	0.5229835292360054	0.00106695
0.48580614869165295	0.5165272340142542	0.000943785
0.4786720961451577	0.5038948054593092	0.000636185
0.4694340366407174	0.4980289298331023	0.000817668
0.4696806052642189	0.4926615580739197	0.000528124
0.47101499118486717	0.4909612383323103	0.000397853
0.459472645284592	0.4726301196871029	0.000173119
0.4571766093118466	0.4670932934763575	9.83406e-05
0.4589403307915173	0.46540193040480976	4.17523e-05
0.4591996757040275	0.4639943431923136	2.29888e-05
0.46030249952546864	0.46379893735956745	1.22251e-05
0.46101550593399204	0.46374143733690676	7.4307e-06
0.4605314720475791	0.46283393290003316	5.30133e-06
0.4606427927264609	0.4624746919202001	3.35585e-06
0.4602931599722332	0.4617669473968478	2.17205e-06
0.7207142857142858	1.0	0.0780005
0.8157471286883051	1.0	0.0339491
0.871387322060091	0.9645211310428703	0.00867391
0.7807983757126152	0.8835987777549749	0.0105679
0.6878507097471243	0.7759073851436489	0.00775398
0.6383267337402486	0.7182991938917669	0.00639559
0.9455122655122654	0.9147979797979799	0.000943367
0.9373895187835153	0.8723197696023781	0.00423407
0.9244693732193732	0.8624586901496919	0.00384532
0.8741090797961897	0.8591231720051621	0.000224577
0.8051008874128023	0.8149520558317056	9.70455e-05
0.7810156611179242	0.7916139272634777	0.000112323
0.7417199741970224	0.7529837510564537	0.000126873
0.7142777146936318	0.7294066106255543	0.000228883
0.6964117998590373	0.7072952314894643	0.000118449
0.6910845941242624	0.7015353845227084	0.000109219
0.6817839745658212	0.6902212087860656	7.11869e-05
0.6765354701119641	0.6836794094978194	5.10359e-05
0.6737292779582067	0.6809044100065382	5.14825e-05
0.6729414923588488	0.6788417170701778	3.48127e-05
0.6707348913510552	0.6767639425749784	3.63495e-05
0.6672724604853096	0.6694479709917323	4.73285e-06
0.6668414193595644	0.6679257591181759	1.17579e-06
0.6673197973728326	0.6679960204274222	4.57278e-07
0.6665940540873543	0.6670090478933327	1.7222e-07
0.6665034759681137	0.6667388750979931	5.54128e-08
0.6670148169581386	0.6670651350614928	2.53191e-09
0.6667145147380437	0.666805839176663	8.34015e-09
0.6672832147566586	0.6673616663099993	6.15465e-09
0.667507435029756	0.6675770969110782	4.85278e-09
0.9578199578199579	0.9669108669108668	8.26446e-05
0.9438743961352657	0.9800925844021819	0.00131176
0.9502030220634226	0.9588502521970265	7.47746e-05
0.8690583182907231	0.8963818552899319	0.000746576
0.79950304129076	0.8181849643891622	0.000349014
0.7775403658540709	0.7955290136319417	0.000323591
0.7402864487076479	0.7545967293703286	0.000204784
0.7116392533143303	0.7301597829698604	0.00034301
0.6941468899840214	0.7066755193224845	0.000156967
0.6908902922035101	0.7018844857922306	0.000120872
0.6817478680648408	0.6903889619034829	7.46685e-05
0.6758919642698942	0.6841419681367863	6.80626e-05
0.673662688568826	0.6805145834359283	4.69485e-05
0.6727736991249544	0.6784920716567042	3.26998e-05
0.6705531154574207	0.676611985986944	3.67099e-05
0.6669867635039994	0.6690862565349354	4.40787e-06
0.6665579429952606	0.6678876540435702	1.76813e-06
0.667083506200289	0.6679475834320274	7.46629e-07
0.6663887360920221	0.6668951598983182	2.56465e-07
0.6664147200195017	0.6666844711178305	7.27657e-08
0.6669074052770261	0.6670070956957627	9.93818e-09
0.6666311740996189	0.6667716501222698	1.97335e-08
0.6672034648507291	0.6673242327879183	1.45849e-08
0.66743056835437	0.6675340012794354	1.06984e-08
0.9707070707070707	0.9923076923076923	0.000466587
0.9479920431940894	0.9848544891640867	0.00135884
0.95263891949932	0.9651002521970264	0.000155285
0.8785040012030644	0.9049589091493957	0.000699862
0.8128259193235999	0.8375928940557751	0.000613403
0.783138891264784	0.8084232040878081	0.000639296
