10	0.0	0.0	0.0	0.0	0.0	0.0	0.0	0.0	0.0	0.0	0.0	0.0	0.0	0.0	0.0	0.0	0.0	0.0	0.0	0.0	0.0	0.0	0.0	0.0	0.0	0.0	0.0	0.0	0.0	0.0	0.0	0.0	0.0	0.0	0.0	0.0	0.0	0.0	0.0	0.0
20	0.049999999999999996	4.963440816200311E-18	1.0	0.0	0.09523809523809523	0.0	0.09523809523809523	0.0	1.0	0.0	1.0	0.0	1.0	0.0	1.0	0.0	1.0	0.0	1.0	0.0	1.0	0.0	1.0	0.0	1.0	0.0	1.0	0.0	1.0	0.0	1.0	0.0	0.10566558441558442	0.054987524819185424	1.0	0.0	0.18366447278211986	0.07690868066955256	0.18366447278211986	0.07690868066955256
30	0.03344827586206896	2.466576574931335E-4	1.0	0.0	0.06473118279569892	4.6148852047102416E-4	0.06473118279569892	4.6148852047102416E-4	1.0	0.0	1.0	0.0	1.0	0.0	1.0	0.0	1.0	0.0	1.0	0.0	1.0	0.0	1.0	0.0	1.0	0.0	1.0	0.0	1.0	0.0	1.0	0.0	0.06574076922912567	0.012264378694781659	1.0	0.0	0.12289006315322104	0.021387159843133226	0.12289006315322104	0.021387159843133226
50	0.04008163265306122	1.7517727511757154E-4	1.0	0.0	0.07707390648567118	3.2366841933487714E-4	0.07707390648567118	3.2366841933487714E-4	0.9	0.10926498066626837	1.0	0.0	0.9399999999999998	0.065558988399761	0.9399999999999998	0.065558988399761	0.9	0.10926498066626837	1.0	0.0	0.9399999999999998	0.065558988399761	0.9399999999999998	0.065558988399761	0.9	0.10926498066626837	1.0	0.0	0.9399999999999998	0.065558988399761	0.9399999999999998	0.065558988399761	0.08198636387277361	0.011896237590810621	0.7	0.17521376658242355	0.14385928728882885	0.01750920820755122	0.14385928728882885	0.01750920820755122
100	0.0402020202020202	1.445065064101196E-4	1.0	0.0	0.07729648991784914	2.6710500624723305E-4	0.07729648991784914	2.6710500624723305E-4	0.9666666666666666	0.07153072067300874	0.525	0.05364804050475655	0.6761904761904762	0.04768714711533918	0.6761904761904762	0.04768714711533915	0.5242368742368743	0.1233034633676526	1.0	0.0	0.6715091444503208	0.10395491082214872	0.671509144450321	0.10395491082214878	0.9550000000000001	0.06487248792824274	0.75	0.11309999999999999	0.825793650793651	0.06995038750846942	0.8257936507936506	0.06995038750846942	0.07719719794829898	0.020928310350446743	0.625	0.11996066542829778	0.13324800531449213	0.03094886728773512	0.13324800531449207	0.030948867287735115
150	0.040215490658443674	1.4453475826231343E-4	1.0	0.0	0.07732138828913022	2.671319170792122E-4	0.07732138828913022	2.671319170792101E-4	0.9666666666666666	0.07153072067300874	0.4	0.05840458886080785	0.5611111111111111	0.06270754074803654	0.5611111111111111	0.06270754074803654	0.3023685311562549	0.07130728131528935	1.0	0.0	0.45607985183049404	0.07737951409350051	0.45607985183049404	0.07737951409350054	0.8638095238095238	0.10831794844769896	0.65	0.06420078659954254	0.7306293706293708	0.05857747036515119	0.7306293706293706	0.05857747036515121	0.08462220805193149	0.016792944708038177	0.5166666666666667	0.09902979854569026	0.14393684959813063	0.026426408214843725	0.1439368495981306	0.026426408214843728
200	0.040201817166641285	1.2925087499123482E-4	1.0	0.0	0.07729612913234693	2.3890653799229984E-4	0.07729612913234693	2.3890653799229984E-4	0.9099999999999999	0.10216630442567645	0.325	0.04380344164560589	0.4697902097902098	0.044413218135189975	0.4697902097902098	0.04441321813518995	0.2189038420880663	0.04484393176652857	1.0	0.0	0.35498405747514516	0.058416035481959075	0.35498405747514516	0.058416035481959075	NaN	NaN	NaN	NaN	NaN	NaN	NaN	NaN	0.10629817813365443	0.03276918678898844	0.4625	0.06983409849421698	0.16744047943699975	0.043680830468598206	0.16744047943699975	0.043680830468598206
300	0.04016107473241993	9.427279671856007E-5	1.0	0.0	0.07722084522172737	1.742617559813053E-4	0.07722084522172737	1.7426175598130768E-4	0.8623232323232323	0.11203963702544466	0.3416666666666667	0.09020468529960073	0.46304226038241375	0.07948162300636452	0.46304226038241375	0.07948162300636452	0.15585323922063626	0.01871817834303968	1.0	0.0	0.2688042096879306	0.027565645289866852	0.2688042096879306	0.027565645289866856	NaN	NaN	NaN	NaN	NaN	NaN	NaN	NaN	0.15436443012892428	0.05009800272899439	0.39166666666666666	0.05990623715440656	0.2088928053847124	0.04635963730489405	0.2088928053847124	0.04635963730489406
400	0.04017098097572323	7.240203359375853E-5	1.0	0.0	0.07723916979201936	1.3384263926117414E-4	0.07723916979201938	1.338426392611763E-4	0.8764285714285714	0.09335308868779339	0.3	0.04380344164560589	0.4416805848613629	0.05242177155839462	0.4416805848613629	0.052421771558394614	0.13164139484106813	0.01133311923498718	1.0	0.0	0.23231273319484566	0.017522867721721017	0.23231273319484566	0.017522867721721014	NaN	NaN	NaN	NaN	NaN	NaN	NaN	NaN	0.14905749425835796	0.019458057360030673	0.375	0.04470670042063046	0.2105963976249162	0.019750039132943653	0.2105963976249162	0.019750039132943653
500	0.04017703031246163	7.198313353690912E-5	1.0	0.0	0.07725035216376136	1.330683946595752E-4	0.07725035216376136	1.330683946595752E-4	0.8695238095238095	0.09264931439551606	0.26999999999999996	0.05108315221283825	0.4043275243275243	0.06629345611967498	0.4043275243275243	0.066293456119675	0.11349067756086664	0.011440095371751108	1.0	0.0	0.2034814403303633	0.018190892943425886	0.2034814403303633	0.018190892943425893	NaN	NaN	NaN	NaN	NaN	NaN	NaN	NaN	0.19877726488262323	0.061721832439497866	0.325	0.06246151655219396	0.2328252764601176	0.04365609169879854	0.2328252764601176	0.04365609169879854
600	0.04017433940820351	7.186357756073624E-5	1.0	0.0	0.07724537811945306	1.328486074671408E-4	0.07724537811945306	1.3284860746714503E-4	0.808138528138528	0.1294973332298316	0.2625	0.05662848719946524	0.38289795607926863	0.06097869118303844	0.38289795607926863	0.06097869118303844	0.1057637629264451	0.007012204150094439	0.9958333333333332	0.008941340084126084	0.1910555393050948	0.011341340580943838	0.1910555393050948	0.011341340580943835	NaN	NaN	NaN	NaN	NaN	NaN	NaN	NaN	0.19349158001250907	0.0364185698311187	0.3125	0.053730766907796865	0.23000200782031066	0.02776402444196015	0.23000200782031072	0.02776402444196015
700	0.04017807052628284	5.356544662290342E-5	1.0	0.0	0.07725228301137345	9.901786486561707E-5	0.07725228301137345	9.901786486562045E-5	0.7652447552447552	0.11962848997163078	0.2571428571428572	0.042441342233867266	0.3807125805049236	0.05718829736940867	0.3807125805049237	0.05718829736940867	0.10069298874346626	0.0056774946954738365	0.9892857142857142	0.01635786040222789	0.18267433003059944	0.009307222414457602	0.18267433003059944	0.009307222414457606	NaN	NaN	NaN	NaN	NaN	NaN	NaN	NaN	0.2418254927294942	0.04837038348443879	0.30000000000000004	0.052603845983396486	0.25647671655695264	0.032434599660546265	0.25647671655695264	0.032434599660546265
800	0.04016578527954504	4.573761129110265E-5	1.0	0.0	0.07722957641769047	8.454847214092624E-5	0.07722957641769046	8.454847214093039E-5	0.7264096099978452	0.15542973600244492	0.2625	0.06338268703380286	0.36858133817692285	0.07502087121341829	0.36858133817692285	0.07502087121341829	0.10243679167545112	0.010340338782961193	0.978125	0.01745852462355425	0.18506266258995177	0.016581719932149016	0.18506266258995177	0.016581719932149016	NaN	NaN	NaN	NaN	NaN	NaN	NaN	NaN	0.2816976690491122	0.04371647193053673	0.315625	0.03231586352174811	0.29492755687638994	0.03472942981479412	0.29492755687638994	0.03472942981479412
900	0.04016073447115963	4.3441578688474154E-5	1.0	0.0	0.0772202405477342	8.030564138328008E-5	0.0772202405477342	8.03056413832789E-5	0.7993046564718391	0.1421422909266597	0.23611111111111116	0.03898705803782127	0.3537568871493749	0.04412005329898684	0.3537568871493749	0.044120053298986855	0.09450552660746823	0.005733561114531313	0.975	0.01390875124197393	0.17219381885056645	0.00942794281817168	0.17219381885056645	0.009427942818171678	NaN	NaN	NaN	NaN	NaN	NaN	NaN	NaN	0.26374021425830046	0.04207196435394832	0.3	0.03954009357601471	0.27578744250275483	0.030649760249192356	0.2757874425027549	0.030649760249192356
1000	0.04015670338901174	4.3603550290170123E-5	1.0	0.0	0.0772127888491993	8.060602749498824E-5	0.0772127888491993	8.060602749499239E-5	0.6823144257703081	0.09984716769823263	0.23249999999999998	0.041594053090556096	0.339580609331183	0.04326309317072736	0.339580609331183	0.04326309317072736	0.09072809788178608	0.0035987738684776734	0.9649999999999999	0.008760688329121184	0.16581441270636949	0.006032580331957117	0.16581441270636949	0.006032580331957114	NaN	NaN	NaN	NaN	NaN	NaN	NaN	NaN	0.29127271315535386	0.03317934623183264	0.29	0.036822692188377526	0.28618072168912484	0.02605840398622743	0.2861807216891248	0.026058403986227427
2000	0.04011045907048379	1.0703303027246351E-4	1.0	0.0	0.07712726666213258	1.9793946598699655E-4	0.07712726666213258	1.9793946598699577E-4	0.6760191638989881	0.20085708128099702	0.23150316455696202	0.05994861865489585	0.304529521247091	0.0323929408712101	0.304529521247091	0.032392940871210106	0.0737137911097083	0.0019012350999946352	0.927389240506329	0.008860378267618443	0.13655791447415203	0.003257471294901759	0.13655791447415203	0.0032574712949017593	NaN	NaN	NaN	NaN	NaN	NaN	NaN	NaN	0.3840969426901207	0.07284599700831844	0.21036392405063292	0.03139498075084675	0.26258973701062593	0.02086732080493093	0.26258973701062593	0.02086732080493093
3000	0.04012854644691749	7.437777537131404E-5	1.0	0.0	0.07716072515894286	1.3752663850317377E-4	0.07716072515894286	1.3752663850317393E-4	0.6129198409356048	0.16249592641025049	0.1960294117647059	0.036777672377079254	0.28357976554233527	0.038281223943652	0.28357976554233527	0.03828122394365199	0.06849640324614295	0.0014345828439471635	0.8857422969187676	0.012210057430237	0.1271435964145834	0.002410229991674216	0.1271435964145834	0.002410229991674214	NaN	NaN	NaN	NaN	NaN	NaN	NaN	NaN	0.45606028311910674	0.05944144009742654	0.16844537815126048	0.03007073439386023	0.2416556076205004	0.03038592452961284	0.2416556076205004	0.03038592452961284
4000	0.04012154523884955	7.72814665155795E-5	1.0	0.0	0.0771477807215544	1.4288889476680227E-4	0.07714778072155438	1.42888894766799E-4	0.5585529342047751	0.15185909595935373	0.2134158805031446	0.0405900630158822	0.2932621444131638	0.04599195181690916	0.2932621444131638	0.04599195181690915	0.06610533301555513	0.001400272246904257	0.852936320754717	0.008813410637164527	0.1226898946515983	0.0023786866932851303	0.1226898946515983	0.002378686693285132	NaN	NaN	NaN	NaN	NaN	NaN	NaN	NaN	0.42039809971954095	0.06002461464246121	0.2008372641509434	0.035796002383871435	0.2649806411243186	0.030755664092402987	0.2649806411243186	0.030755664092402983
5000	0.04011814464992932	6.928880142160243E-5	1.0	0.0	0.07714149817036622	1.2810205013577685E-4	0.07714149817036621	1.281020501357782E-4	0.627331772809329	0.1968598778867367	0.21989698492462315	0.04853716949565774	0.29138028485284795	0.03464434499976467	0.29138028485284795	0.03464434499976468	0.06517489572255739	0.0017107254458185819	0.8337788944723619	0.013303247104927774	0.1208798969692217	0.002887642318318894	0.1208798969692217	0.002887642318318898	NaN	NaN	NaN	NaN	NaN	NaN	NaN	NaN	0.424580227143134	0.09545549714456984	0.20227638190954775	0.03073672901185869	0.2649858867649869	0.02729762057874421	0.2649858867649869	0.02729762057874421
6000	0.0401225375136664	5.6526829100335106E-5	1.0	0.0	0.07714962476804695	1.0450527910857322E-4	0.07714962476804695	1.0450527910857664E-4	0.5172209965161374	0.19039783427547363	0.2328294979079498	0.05304569921110359	0.2812626154722631	0.02971390211167322	0.2812626154722631	0.029713902111673213	0.06377670447435353	0.0016036788273360242	0.8293967921896792	0.014731368096313558	0.11842807611288635	0.0027208622015595435	0.11842807611288635	0.0027208622015595474	NaN	NaN	NaN	NaN	NaN	NaN	NaN	NaN	0.38135816337544826	0.05656323648582409	0.2385843793584379	0.03535018385529597	0.2910005573085036	0.03835615662455188	0.2910005573085036	0.038356156624551885
7000	0.040122255650285564	4.571837971207582E-5	1.0	0.0	0.07714910753285432	8.452042194946258E-5	0.07714910753285432	8.452042194946397E-5	0.7146243906595791	0.1832309575165906	0.19809907834101384	0.058931582909354276	0.27507508788667234	0.03529707493536706	0.2750750878866723	0.03529707493536706	0.06286026920598882	0.0013569560832367609	0.8175985663082438	0.014282919275749671	0.11673140639663784	0.002317134063094208	0.11673140639663784	0.002317134063094212	NaN	NaN	NaN	NaN	NaN	NaN	NaN	NaN	0.3693924024152446	0.05030992642263326	0.1888402457757296	0.028832333929683443	0.24872016826095883	0.03485102862403731	0.24872016826095883	0.03485102862403731
8000	0.040127566162287076	4.27569869095222E-5	1.0	0.0	0.07715892581843752	7.904487167927334E-5	0.07715892581843752	7.904487167927069E-5	0.690410132544857	0.18659957383186712	0.17837578369905957	0.03755155507503942	0.2649240069091	0.039177271600535225	0.2649240069091	0.03917727160053522	0.062382269404772615	0.0012909703026691241	0.8250989420062697	0.005052449073626914	0.11598494335738703	0.002190446530890221	0.11598494335738704	0.002190446530890223	NaN	NaN	NaN	NaN	NaN	NaN	NaN	NaN	0.41280542886631116	0.08987240814227428	0.19987656739811915	0.03589295840167152	0.26395804649849686	0.0416096602499212	0.26395804649849686	0.041609660249921195
9000	0.040117843713980986	5.2672232466224255E-5	1.0	0.0	0.07714094887250515	9.738057266866808E-5	0.07714094887250515	9.73805726686685E-5	0.6775454098449389	0.18606402513597897	0.203059791752039	0.060724850604263976	0.2750443772614325	0.039785163841307404	0.2750443772614326	0.039785163841307404	0.062026957733668855	7.854719736857906E-4	0.8189164284886805	0.013411242233252222	0.11531505589283153	0.0014067023910465687	0.11531505589283153	0.0014067023910465729	NaN	NaN	NaN	NaN	NaN	NaN	NaN	NaN	0.4129363759198851	0.03870027757127589	0.23532075788148674	0.037340697219341856	0.2965151197835579	0.034547195123984444	0.2965151197835579	0.034547195123984444
10000	0.04012090935889333	4.44681652399101E-5	1.0	0.0	0.07714661906211734	8.221179903199656E-5	0.07714661906211732	8.221179903199991E-5	0.6631759826870861	0.18924252946021092	0.21100154909887786	0.058664117061694894	0.28206203851648615	0.036006563372566316	0.2820620385164862	0.036006563372566316	0.061638474815813485	7.639128803117798E-4	0.8059922104255615	0.013960737704213735	0.11451461930635884	0.0013756631402823082	0.11451461930635884	0.001375663140282307	NaN	NaN	NaN	NaN	NaN	NaN	NaN	NaN	0.4004871434001929	0.05271654969006054	0.2087182655130288	0.0398676697081571	0.27198597325856066	0.044519792782214074	0.27198597325856066	0.04451979278221408
