10	0.0	0.0	0.0	0.0	0.0	0.0	0.25027711391289	0.020081905397527997	0.0	0.0	0.0	0.0	0.0	0.0	0.32794751906889585	0.02313462286905698	0.0	0.0	0.0	0.0	0.0	0.0	0.34974434442953817	0.025521486983121917	0.0	0.0	0.0	0.0	0.0	0.0	0.33440691839045183	0.021620938438793876	0.0	0.0	0.0	0.0	0.0	0.0	0.24683828851593734	0.02485996441175066
20	0.0	0.0	0.0	0.0	0.0	0.0	0.2574106610942114	0.015239518953985374	0.0	0.0	0.0	0.0	0.0	0.0	0.31204582501620537	0.021773872943248753	0.0	0.0	0.0	0.0	0.0	0.0	0.3427201433712458	0.014169494366018475	0.0	0.0	0.0	0.0	0.0	0.0	0.3065065081836079	0.05316128095027727	0.0	0.0	0.0	0.0	0.0	0.0	0.2434854304343601	0.014911710657985296
30	0.03344827586206896	2.466576574931335E-4	1.0	0.0	0.06473118279569892	4.6148852047102416E-4	0.2908226610327266	0.012372153548151552	0.2192857142857143	0.06985854821986895	1.0	0.0	0.35071428571428565	0.08038275549785892	0.36765005960080654	0.015700477282883315	0.10207431457431457	0.01828902621089844	1.0	0.0	0.18427350427350428	0.029814670438113738	0.4036855888800689	0.01335105485666281	0.1065920190920191	0.01626296492290008	1.0	0.0	0.1918925518925519	0.02634558788139537	0.4089893172737996	0.013274669977052631	0.056354518225227614	0.025953709203824792	0.8	0.28612288269203495	0.10445849472165261	0.04664324262981102	0.29022340759125365	0.02388496928946824
50	0.02004081632653061	8.758863755878577E-5	1.0	0.0	0.03929411764705881	1.68307578054137E-4	0.280845126370248	0.01083657585609636	0.08449295587453483	0.0189138344493035	1.0	0.0	0.15472002833767542	0.03228401245609157	0.34773551772065237	0.012094856855116161	0.05167316586585667	0.005471678044811093	1.0	0.0	0.09816782488137987	0.009899794552188956	0.36954803413765547	0.011945954816696198	0.05716212880686564	0.006198831260684936	1.0	0.0	0.10801565935298604	0.011076844080576926	0.3717549781847699	0.013994183809241221	0.03907458039036986	0.023390483581641086	0.8	0.28612288269203495	0.07335613441495795	0.04217021514397401	0.2692749502026313	0.011766759487272472
100	0.0201010101010101	7.22532532050598E-5	1.0	0.0	0.03940982333527471	1.3886763865853273E-4	0.2825021833796885	0.009695054710200183	0.055416531300480645	0.012402662859250022	1.0	0.0	0.10451419987413997	0.021746862715036588	0.3393783273029805	0.00960504320776408	0.040591187772038836	0.002948416745677441	1.0	0.0	0.07798545133708024	0.005449527889978806	0.3387600377499665	0.00844009869624724	0.052976393115928	0.008106986422144396	1.0	0.0	0.10040454872043555	0.014464875900163878	0.34554038123890835	0.008391589903982331	0.02321191133011743	0.013818652600978582	0.55	0.25035752235553055	0.04437873108061671	0.02600960163176195	0.2558298642844399	0.008331665298337695
150	0.020107745329221837	7.226737913115672E-5	1.0	0.0	0.039422768061564105	1.3888807746870692E-4	0.2852782147452227	0.009316635810969979	0.050487185548592085	0.011153774298291846	1.0	0.0	0.09570960401149849	0.01984996622580989	0.3313920020618622	0.01047803714620456	0.03741249486152104	0.0026735446263038945	1.0	0.0	0.07210165977369683	0.004942819800996333	0.3306492671575808	0.011571496432936602	0.0468188474350111	0.006791140615335494	1.0	0.0	0.08929420209060088	0.012269679775860272	0.3357791437101569	0.009922786564051442	0.022844500321591826	0.01068951987248314	0.4333333333333333	0.18622426265124528	0.04334359590208771	0.020180665362942038	0.23712437018550872	0.008340053000122418
200	0.0201111634159105	7.5642488768721E-5	1.0	0.0	0.03942933553011815	1.453736297293296E-4	0.28628213324255836	0.006186395229568404	0.041945139517893346	0.004020133247954356	1.0	0.0	0.0804576227497517	0.007362983506867845	0.32373186773928503	0.0054405829710311646	0.03286583022338067	0.001768196918002232	1.0	0.0	0.0636289864025965	0.003314626913827578	0.321108294570953	0.006171506705041151	NaN	NaN	NaN	NaN	NaN	NaN	NaN	NaN	0.029705383668120765	0.014506471266684114	0.425	0.17971871146321963	0.055415214910024636	0.02678134363811583	0.22458500313470867	0.00944737615951575
300	0.020080537366209964	4.7136398359280035E-5	1.0	0.0	0.03937048587363938	9.059636690951702E-5	0.28482296943603463	0.005536505930559823	0.03721316528794864	0.002730197849586432	1.0	0.0	0.0717299348533635	0.005078426988214519	0.3143152903597437	0.005812667211705297	0.031050591256141104	0.0020082624692218964	1.0	0.0	0.06021660400522161	0.0037751786684333626	0.31106471982010525	0.006740714195723268	NaN	NaN	NaN	NaN	NaN	NaN	NaN	NaN	0.02958196652255794	0.021666469776647653	0.3166666666666667	0.1455239533547656	0.05331325849464401	0.037121888905365885	0.20527662184363402	0.016740197478002976
400	0.020085490487861617	3.6201016796879264E-5	1.0	0.0	0.03938000925154407	6.958080504539044E-5	0.2844271548806545	0.005282571365711518	0.03335756251432449	0.001912557126796251	0.9875	0.026824020252378275	0.06451407482920621	0.003556865403963254	0.3082379286788156	0.005461337180468979	0.029405818297449805	0.0010015229245406354	1.0	0.0	0.05712803589831915	0.001892352244640746	0.3059964526633717	0.005672158224850687	NaN	NaN	NaN	NaN	NaN	NaN	NaN	NaN	0.05139406025206208	0.021798273448884273	0.3625	0.13530702794940105	0.08966579958756782	0.0372318845049815	0.18218470137077725	0.012439787683538941
500	0.020088515156230814	3.599156676845456E-5	1.0	0.0	0.039385822749079306	6.917826379733584E-5	0.28392536383050504	0.0051403328177582475	0.03281878021200278	0.0014838735050899591	0.99	0.02145921620190261	0.06352050185759973	0.002778057550686264	0.30417000447549924	0.004804244877245655	0.02901627445424193	8.373095628944138E-4	1.0	0.0	0.05639362751917974	0.001581734380699749	0.30172269671992513	0.00530257690290681	NaN	NaN	NaN	NaN	NaN	NaN	NaN	NaN	0.04340755547846299	0.023237474791077746	0.31	0.15490984591045207	0.07521698641598516	0.03939246479426884	0.1829224789536176	0.02190286845102705
600	0.02009391489604446	3.843711314889967E-5	1.0	0.0	0.0393962003452665	7.387818922460864E-5	0.2820307598833053	0.00422614995492098	0.031663362765094696	0.002481778220474513	0.9916666666666666	0.01788268016825219	0.06134112828961613	0.00463797910195631	0.30030403410561773	0.0038726863430471326	0.02786401831777848	8.760878531862343E-4	1.0	0.0	0.05421456127893563	0.0016585551956563797	0.29756510999808106	0.004346424581944567	NaN	NaN	NaN	NaN	NaN	NaN	NaN	NaN	0.03638461289956078	0.030589121216986762	0.16666666666666663	0.1278469201819113	0.05867458817792206	0.04777762136439894	0.14103309360467892	0.011700476919907292
700	0.02008903526314142	2.678272331145171E-5	1.0	0.0	0.03938682452495343	5.1477307051234626E-5	0.2810433114172974	0.004059972251980986	0.031206448841948675	0.002179385017636005	1.0	0.0	0.06050730216852842	0.004079819270726689	0.29626851517499275	0.0038204908458987085	0.02729789655438561	0.0011511962525870521	1.0	0.0	0.05314026470566371	0.0021827458329055785	0.2943787813459156	0.00441214138527715	NaN	NaN	NaN	NaN	NaN	NaN	NaN	NaN	0.06433845280062116	0.050909640125499464	0.2214285714285714	0.14351690713171414	0.09773613736992773	0.07369041269776085	0.13865959312231382	0.014685130465566793
800	0.020085408339309947	2.1627995844064784E-5	1.0	0.0	0.03937985446420852	4.156990501273314E-5	0.2812564385622044	0.0034062481684129903	0.02958396670960763	0.0014997298488433567	1.0	0.0	0.05745975002321343	0.0028303808476240386	0.29430980398507217	0.003279629293244412	0.02682533136427801	0.0011172807235539262	1.0	0.0	0.05224455682472131	0.0021195826618935205	0.29288558014939836	0.0036194455171227238	NaN	NaN	NaN	NaN	NaN	NaN	NaN	NaN	0.0700705269110144	0.040859777067418966	0.225	0.12029342796886287	0.10618557889309221	0.06019477124874452	0.12340582155493034	0.008205756764519297
900	0.020082606843797687	2.154070176754899E-5	1.0	0.0	0.039374469944987084	4.140261476954733E-5	0.28110174774279323	0.002783601316118662	0.029465083868762953	0.001870215656983488	1.0	0.0	0.05723098177471882	0.003521137978880014	0.2923614692567495	0.0025034313381560023	0.026433308399027116	0.0010344793703174016	1.0	0.0	0.051501302583680686	0.001960837508007814	0.2914502248659468	0.0029051830031083465	NaN	NaN	NaN	NaN	NaN	NaN	NaN	NaN	0.05630740112350967	0.05225824954508101	0.15	0.11524393886206961	0.08005626958931839	0.07078468511735947	0.113509826952358	0.00809160275780518
1000	0.020080373877857233	2.323760276594718E-5	1.0	0.0	0.039370177836665396	4.466408290575068E-5	0.28143527342399366	0.0020003595160136265	0.028032618284705563	0.0013608930270795694	1.0	0.0	0.05452977807693391	0.002573955818312066	0.2917065298058817	0.0021586134287348902	0.026292439682114414	0.0010242778535961984	1.0	0.0	0.05123392761899006	0.0019415978476522186	0.2908613269624987	0.0025140389555742024	NaN	NaN	NaN	NaN	NaN	NaN	NaN	NaN	0.07058214668645144	0.0505320132863047	0.18	0.11666307487804356	0.10088800436403175	0.07030034378156551	0.11106581676545332	0.00851075420442554
2000	0.020080341531683418	1.4424573651498297E-5	1.0	0.0	0.03937011688851132	2.7724407497790574E-5	0.2813929078621691	0.0018337477809186337	0.02560342629416009	0.0010736468314873117	0.9974999999999999	0.005364804050475661	0.04992082476812955	0.002036565049325988	0.2869632541638208	0.002233677431492475	0.024510938857061532	6.879072173420803E-4	1.0	0.0	0.04784733311048895	0.0013102366272506724	0.2864574705478035	0.0022437900982864452	NaN	NaN	NaN	NaN	NaN	NaN	NaN	NaN	0.2072664839731771	0.022212916799390307	0.2975	0.03243624396412137	0.24351668505711288	0.024051853971207682	0.08829860045250655	0.004859096538374909
3000	0.020050893963340106	7.249447164530087E-5	1.0	0.0	0.03931349741096869	1.393795147943258E-4	0.2823323213480801	0.001276548783541769	0.023772860428065243	7.370125683485815E-4	0.996638418079096	0.0048093397956813794	0.04643602029864147	0.0014064615458416446	0.2852906942580717	0.0012961025925919197	0.0230860043335682	7.355415603564522E-4	0.9966666666666667	0.00476871471153393	0.04512474798616587	0.0014044580065696302	0.2849722597582751	0.0012216650742143435	NaN	NaN	NaN	NaN	NaN	NaN	NaN	NaN	0.2381558563380878	0.03944762534260875	0.2471186440677966	0.04336598657367532	0.23867439087393913	0.031112135916182355	0.07174490881966152	0.009000923771573773
4000	0.020060773632666007	5.581548855134064E-5	1.0	0.0	0.039332495275775384	1.0730439849422301E-4	0.28237093160038346	0.0010006032733877713	0.022730352393625714	6.517796677667029E-4	0.99875	0.0026824020252378183	0.04444751419630905	0.0012452943826718557	0.28436408397852436	0.0011513120966504498	0.022177119228481295	4.378847754805427E-4	0.9962341772151898	0.004114829310526348	0.04338751425146048	8.360883319132493E-4	0.2842143692408411	0.001109992610744001	NaN	NaN	NaN	NaN	NaN	NaN	NaN	NaN	0.24589796782651638	0.05100176914735587	0.25783227848101264	0.04025353707238591	0.24848927157473036	0.039859445819948394	0.07282957281850588	0.007304463236534123
5000	0.020070730700003567	4.4686756180762774E-5	1.0	0.0	0.03935163777313851	8.590402751790696E-5	0.28271297971260945	9.713696106168268E-4	0.022116673344719687	5.255734069340102E-4	0.998	0.0028612288269203516	0.04327317084381384	0.0010046059022699525	0.28414878460321263	0.0010211053369646717	0.021700410912270283	4.4285075726362773E-4	0.9970000000000001	0.0032779494199880535	0.04247563517237642	8.495072254133247E-4	0.2840048323000762	0.0010441196023023163	NaN	NaN	NaN	NaN	NaN	NaN	NaN	NaN	0.24618815787078824	0.06358158090084415	0.2442222222222222	0.05939108241478681	0.24030905322834123	0.05348025160774613	0.07029364720962934	0.010567892483163279
6000	0.020070318797474	3.899705233755358E-5	1.0	0.0	0.03935084782068658	7.496514807744634E-5	0.2822270256555946	8.776001542076792E-4	0.02189609821035811	5.735019338481087E-4	0.9949929971988796	0.00395705737278533	0.042847845799850334	0.0010967026705966587	0.2834039420839022	8.701209110326803E-4	0.021485282235485008	4.011965136274083E-4	0.9949859943977591	0.004786309004518124	0.04206161073187494	7.685470014846799E-4	0.28324089745152686	8.862194016809688E-4	NaN	NaN	NaN	NaN	NaN	NaN	NaN	NaN	0.19103877842358136	0.09040224352438316	0.21167366946778712	0.09834552783418414	0.19945099087710608	0.09281232377759212	0.07780185867452273	0.005945787745458832
7000	0.020062001922118915	4.23197793367748E-5	1.0	0.0	0.03933486105765501	8.134971816578297E-5	0.2820695300746262	8.54274322196818E-4	0.021500329793163984	4.140794018737315E-4	0.9928468653648512	0.003243106576037699	0.04208847377772097	7.921773627795879E-4	0.2828966769737245	8.691831856374672E-4	0.02114708778949896	3.200226464554433E-4	0.994989722507708	0.004002798496990815	0.041413492733494754	6.12165309592128E-4	0.2827858143220213	8.501915103308474E-4	NaN	NaN	NaN	NaN	NaN	NaN	NaN	NaN	0.12120467422805045	0.08235828967031539	0.13999999999999999	0.0910322736938804	0.1293853238582949	0.08600334881163295	0.07293137045061729	0.005566291770818076
8000	0.02006379392841902	3.857096086128081E-5	1.0	0.0	0.039338306590784536	7.414270271025204E-5	0.28215053925175837	5.56644272702579E-4	0.021328203612819435	5.295147501892815E-4	0.9975000000000002	0.0021901720822802865	0.041762434204195065	0.001014657385119415	0.2829305541785438	5.140479887431274E-4	0.021110445005127654	4.827880200186489E-4	0.9962500000000001	0.002965507018201093	0.0413439491473379	9.255715859010393E-4	0.28282352260227844	5.25583980268275E-4	NaN	NaN	NaN	NaN	NaN	NaN	NaN	NaN	0.07991951886945738	0.08881115833961838	0.071875	0.07821117487789868	0.07495198712760685	0.08218694168861489	0.069556434422123	0.00399529644699497
9000	0.02005401442743871	3.653259426706993E-5	1.0	0.0	0.039319509823667984	7.022351900639928E-5	0.282224062487057	7.081812747980312E-4	0.021150110952418495	3.552562037778207E-4	0.9961018001241465	0.0031120025424560493	0.04142027214825085	6.815002050681052E-4	0.2828484082145	6.119547275026532E-4	0.020994560470687686	3.1481755879030375E-4	0.9961018001241465	0.0031120025424560493	0.04112200904087535	6.039722053369569E-4	0.2827543359748805	6.240048478072609E-4	NaN	NaN	NaN	NaN	NaN	NaN	NaN	NaN	0.030116016462134444	0.03607328343571313	0.04796710117939167	0.053507912573567774	0.03678927066041695	0.04286161232966103	0.073095304486559	0.004535487609950386
10000	0.020056439763503048	3.1448878669359224E-5	1.0	0.0	0.03932417290631475	6.0450891363327874E-5	0.28208340211867206	7.19861001327119E-4	0.020987781690853274	3.1330043942435544E-4	0.9974974874371858	0.002400558584127957	0.0411101180748312	5.991336267910585E-4	0.28259946893877574	6.531207784111994E-4	0.020866752296488503	3.272044353488197E-4	0.9969974874371859	0.0028621323915720078	0.04087744942104856	6.261390139192183E-4	0.2825089959673093	6.400503145208962E-4	NaN	NaN	NaN	NaN	NaN	NaN	NaN	NaN	0.16752607427538677	0.08811575252173108	0.1710904522613065	0.08196653369144374	0.16746943264112588	0.08335875100567115	0.0741780970591567	0.0040773954305719775
