10	0.0	0.0	0.0	0.0	0.0	0.0	0.17421366859637438	0.01457051243844135	0.0	0.0	0.0	0.0	0.0	0.0	0.23128633976732801	0.015245092133352399	0.0	0.0	0.0	0.0	0.0	0.0	0.25556682043692625	0.01989515028725897	0.0	0.0	0.0	0.0	0.0	0.0	0.2511813167498299	0.016587132852187856	0.0	0.0	0.0	0.0	0.0	0.0	0.1850221682431188	0.0205345538075489
20	0.0	0.0	0.0	0.0	0.0	0.0	0.17935696157111988	0.011104314228256975	0.0	0.0	0.0	0.0	0.0	0.0	0.22209348112990593	0.014592336829567393	0.0	0.0	0.0	0.0	0.0	0.0	0.25303079886310875	0.01024046650147735	0.0	0.0	0.0	0.0	0.0	0.0	0.2451947545146198	0.018176697018287818	0.0	0.0	0.0	0.0	0.0	0.0	0.17854498424492155	0.009398607145265522
30	0.03344827586206896	2.466576574931335E-4	1.0	0.0	0.06473118279569892	4.6148852047102416E-4	0.22160580747254036	0.008894504628091576	0.95	0.1072960810095131	1.0	0.0	0.9666666666666666	0.07153072067300874	0.38424037581591725	0.018068990164612088	0.5549242424242424	0.23240235657904101	1.0	0.0	0.6555555555555556	0.20325393641124562	0.38290130674481737	0.019725670258306502	0.5833333333333334	0.20649140417944759	1.0	0.0	0.6966666666666667	0.15903860172926568	0.38683827718655184	0.01656801336352422	0.06391895960936209	0.017727478404124565	1.0	0.0	0.11916918169549748	0.030359123841612698	0.22772296340296821	0.010945127831610281
50	0.02004081632653061	8.758863755878577E-5	1.0	0.0	0.03929411764705881	1.68307578054137E-4	0.20725357585519383	0.00786115637350891	0.4926190476190476	0.2032384044542321	1.0	0.0	0.615	0.172140858630367	0.2860017260816005	0.008051610596193417	0.08416920497802852	0.03068501049835527	1.0	0.0	0.15256714016304807	0.048896927096510064	0.3028249765652415	0.010242412432736684	0.12305555555555556	0.021657912648216534	1.0	0.0	0.21786657786657787	0.033903154891453104	0.3164288123036939	0.006382988286975536	0.055347531037933516	0.018077877297006547	1.0	0.0	0.10382884199522571	0.031695021001967215	0.2161407199062222	0.013690445218209061
100	0.0201010101010101	7.22532532050598E-5	1.0	0.0	0.03940982333527471	1.3886763865853273E-4	0.20848160150572564	0.007037710334471962	0.30530081925243213	0.14688720901022867	1.0	0.0	0.43231729055258467	0.16279909331290202	0.2808397009391882	0.004955911622003668	0.05283705515903658	0.006569103032109844	1.0	0.0	0.10022700518930894	0.011794061265488766	0.2719347830415747	0.00744182839763912	0.13029959069083205	0.042560459960069186	1.0	0.0	0.2258324595940695	0.06429161513332494	0.29576903143395217	0.005829853070321054	0.02817829469460802	0.00816837683580648	0.6	0.14306144134601748	0.0535059079470107	0.01518491773387113	0.19681648224119835	0.008167436154884702
150	0.020107745329221837	7.226737913115672E-5	1.0	0.0	0.039422768061564105	1.3888807746870692E-4	0.2104984272453454	0.006758304275508261	0.20479288546286298	0.09919928084968713	0.9666666666666666	0.07153072067300874	0.31910895551031876	0.12790579656002343	0.27213001190851394	0.007295757843352926	0.04640986902032298	0.004478529742971229	1.0	0.0	0.08863478050432114	0.008160821705651211	0.26252295688506233	0.009469018339152766	0.13903302751599966	0.04254036670722343	1.0	0.0	0.23936348947958855	0.06527285754279978	0.28581567214472264	0.005170634751987151	0.0391908001418871	0.015360177570148993	0.5	0.15994755390439705	0.07208024414920966	0.027541195649889695	0.18761782656710993	0.010234110347572697
200	0.0201111634159105	7.5642488768721E-5	1.0	0.0	0.03942933553011815	1.453736297293296E-4	0.21121708858169272	0.004477865286068868	0.13601302094289472	0.05236654741574251	0.975	0.05364804050475655	0.23197767926454532	0.07663550358455155	0.263705187012223	0.007847042601778103	0.04023115936876376	0.0030185205368122845	1.0	0.0	0.07731895596775198	0.0055483161821929415	0.2501777441587559	0.005345736504428882	NaN	NaN	NaN	NaN	NaN	NaN	NaN	NaN	0.05469428365371408	0.018684662482008754	0.575	0.1145050228155953	0.09850892908569088	0.03190415664670455	0.1883691471941225	0.008917153967865618
300	0.020080537366209964	4.7136398359280035E-5	1.0	0.0	0.03937048587363938	9.059636690951702E-5	0.21013915552525106	0.004009701059547803	0.08095967062114087	0.02080794421330225	0.9666666666666668	0.047687147115339154	0.1476400761627608	0.03443621418846188	0.25272179755412794	0.004227690974479132	0.03799590277273918	0.0016602897645168729	1.0	0.0	0.07320048958478972	0.0030809454818854936	0.24172606124549456	0.005707485086728094	NaN	NaN	NaN	NaN	NaN	NaN	NaN	NaN	0.06616751481114888	0.011186938291159678	0.4833333333333333	0.06420078659954254	0.11583965882838335	0.01812733675856106	0.17722134681915488	0.011425886941254857
400	0.020085490487861617	3.6201016796879264E-5	1.0	0.0	0.03938000925154407	6.958080504539044E-5	0.2098536997499612	0.003831870163519452	0.0680726038160044	0.01650822070522293	0.9375	0.05998033271414889	0.12560237692309176	0.027549064475091985	0.24498556926972598	0.004492598667033188	0.03762838355124372	0.0021923537525216567	1.0	0.0	0.072510787017601	0.004088085454856238	0.23771174999938033	0.004012738953105782	NaN	NaN	NaN	NaN	NaN	NaN	NaN	NaN	0.06938034069471867	0.03815585197595291	0.425	0.12128623788377643	0.11504765779859553	0.053271282177308074	0.16979114249277788	0.014983735182905394
500	0.020088515156230814	3.599156676845456E-5	1.0	0.0	0.039385822749079306	6.917826379733584E-5	0.20949069451276703	0.003730976171667051	0.055025258127713104	0.015799318610007808	0.95	0.0479842661713191	0.10281215151641324	0.026090105350694635	0.23829667905767135	0.0033963027944819034	0.03512843447242435	0.0012683019673766617	1.0	0.0	0.06786694111582921	0.002367476287379221	0.2326887371533651	0.004312604988105086	NaN	NaN	NaN	NaN	NaN	NaN	NaN	NaN	0.07946162773097831	0.01627540223512817	0.39999999999999997	0.04524	0.13157223368916396	0.024165394757851504	0.15800386623666327	0.010011976501939959
600	0.02009391489604446	3.843711314889967E-5	1.0	0.0	0.0393962003452665	7.387818922460864E-5	0.20811685541253744	0.003067919021850154	0.055690875342967815	0.015279528957433675	0.9166666666666667	0.059608933894173946	0.1038232336487439	0.025407531171127297	0.2343573294575226	0.003618637144521288	0.03459050989086627	0.0016802928204325486	1.0	0.0	0.06685806167636356	0.0031375678525665633	0.2294904134574562	0.003110846621849599	NaN	NaN	NaN	NaN	NaN	NaN	NaN	NaN	0.09487462631903924	0.030469475608520265	0.32500000000000007	0.06770273443517624	0.14490127570978945	0.042170572044707144	0.13723853611617226	0.009867698621225303
700	0.02008903526314142	2.678272331145171E-5	1.0	0.0	0.03938682452495343	5.1477307051234626E-5	0.20739784965855784	0.0029448884228759657	0.053400406541729374	0.006589991417663133	0.9285714285714286	0.039576755701253935	0.10073903079600806	0.011659598225632383	0.2323769972217192	0.0033848653836863014	0.034643552881271855	0.0013622721929834546	1.0	0.0	0.06696058585239548	0.002541786113906121	0.22675159829180233	0.00342368919081132	NaN	NaN	NaN	NaN	NaN	NaN	NaN	NaN	0.09292102723050841	0.03519101625945267	0.3142857142857143	0.10520769196679293	0.14193327326189237	0.05192319140147203	0.13569523279714923	0.012098063734629145
800	0.020085408339309947	2.1627995844064784E-5	1.0	0.0	0.03937985446420852	4.156990501273314E-5	0.20754923477393702	0.0024681371636369807	0.044918041174298845	0.0044065723467822115	0.94375	0.046675165539342214	0.0855953756940351	0.007778387319091168	0.22907783823815575	0.0026562176473701334	0.03338431893027163	0.0011366043713621815	1.0	0.0	0.06460705505259891	0.0021249260296226	0.22496860752625766	0.002866537273076209	NaN	NaN	NaN	NaN	NaN	NaN	NaN	NaN	0.12143430958110264	0.03392862303703373	0.33125	0.06940346274232288	0.1744763274557639	0.042512800147518445	0.1283163240896456	0.01109967977992689
900	0.020082606843797687	2.154070176754899E-5	1.0	0.0	0.039374469944987084	4.140261476954733E-5	0.2074346235642941	0.002014177052892307	0.044193022148081455	0.005857784842233433	0.961111111111111	0.05042350532131704	0.0842527855774738	0.010369343680494832	0.22727960974154615	0.002095673626454005	0.03253172370112276	0.0019404172719689038	1.0	0.0	0.0630002016336149	0.0036232479604003612	0.2232691396960808	0.002776341888549867	NaN	NaN	NaN	NaN	NaN	NaN	NaN	NaN	0.16911395846833435	0.03574432886202469	0.3222222222222222	0.0527201247680196	0.21681766236817887	0.038356397854213055	0.11680967430371225	0.01226803086060153
1000	0.020080373877857233	2.323760276594718E-5	1.0	0.0	0.039370177836665396	4.466408290575068E-5	0.20767432108945627	0.0014470614891458305	0.041966834145522804	0.0046700822937554235	0.9700000000000001	0.032779494199880514	0.080330487675038	0.008473476024253883	0.22668008615781332	0.0020329187142640215	0.03193678930507489	0.0016155718188232927	1.0	0.0	0.061887550737914535	0.003020832345861043	0.2226400104162872	0.002380747022669067	NaN	NaN	NaN	NaN	NaN	NaN	NaN	NaN	0.16370810984731635	0.022525612442379266	0.30999999999999994	0.05007150447110611	0.21203259274485955	0.02574058541989832	0.1136657556067362	0.010984796475147583
2000	0.020080341531683418	1.4424573651498297E-5	1.0	0.0	0.03937011688851132	2.7724407497790574E-5	0.2076434142091062	0.0013299662323510114	0.03604895686253529	0.0015332614133865702	0.9775	0.014854469781853553	0.06952233536261786	0.002844386767569914	0.2199534479476264	0.0018152426114737006	0.030473523846517414	0.0010081569307414636	0.9949999999999999	0.007153072067300879	0.05913168178447338	0.001896786884328709	0.21769655036423846	0.001717078151802193	NaN	NaN	NaN	NaN	NaN	NaN	NaN	NaN	0.2079716525863257	0.026875360890397722	0.2975	0.03243624396412137	0.24168419557485063	0.02168898348201292	0.10604172727994872	0.008521814530538569
3000	0.020050893963340106	7.249447164530087E-5	1.0	0.0	0.03931349741096869	1.393795147943258E-4	0.20830848256280426	9.435654569788664E-4	0.03325036176036705	0.0019274289529765919	0.9783050847457627	0.011975367498659566	0.0642964611224546	0.0035858039522350645	0.21722075052788498	0.0012785126404069177	0.02890356048909709	8.263311571432224E-4	0.9949999999999999	0.005463249033313435	0.05617292616959453	0.0015625153187810014	0.21523963366552562	0.0011831167895562504	NaN	NaN	NaN	NaN	NaN	NaN	NaN	NaN	0.23100785237442797	0.02895662003234637	0.2654802259887005	0.04880783266855619	0.2433687565190497	0.030869802144515644	0.09322907635176389	0.01293809423878142
4000	0.020060773632666007	5.581548855134064E-5	1.0	0.0	0.039332495275775384	1.0730439849422301E-4	0.20834165410533512	7.248840120920253E-4	0.03072488818152076	0.0011242151271972018	0.9774683544303798	0.008765570784455244	0.05957085380933134	0.0021037415236165946	0.2150128775548003	0.001183136740868412	0.02723660117862804	9.94956700923645E-4	0.99375	0.00447067004206303	0.05301652136431841	0.0018885250641813773	0.21375756630960097	9.265129694349226E-4	NaN	NaN	NaN	NaN	NaN	NaN	NaN	NaN	0.24604404981243486	0.043517364756722375	0.2503006329113924	0.03571738539954152	0.2445546160682876	0.03222733179444285	0.08844388006456447	0.009221533900499616
5000	0.020070730700003567	4.4686756180762774E-5	1.0	0.0	0.03935163777313851	8.590402751790696E-5	0.20859508525921053	7.082794868345337E-4	0.028999963684026093	0.0011567993471374516	0.9810000000000001	0.011731910483804425	0.056327544734733906	0.0021730451127735	0.21389659468238437	0.0011870710499433251	0.026565134901718274	9.495633181870427E-4	0.9919797979797981	0.005376166431652437	0.051741262626140413	0.0018051901743454987	0.2130329179542152	0.0010928773761637056	NaN	NaN	NaN	NaN	NaN	NaN	NaN	NaN	0.2417546452541516	0.04181582315972908	0.2752424242424243	0.04414412953713931	0.25358934212360523	0.035393721919466666	0.0965923299478644	0.011469084153093513
6000	0.020070318797474	3.899705233755358E-5	1.0	0.0	0.03935084782068658	7.496514807744634E-5	0.208242316250031	6.38605906659864E-4	0.02846095444472658	9.444520387253424E-4	0.974985994397759	0.011304758607066404	0.055302559911065495	0.001779435597763599	0.212973500082359	9.73260665018187E-4	0.02597685461517719	9.8857703658907E-4	0.9833123249299719	0.007065857104647425	0.05061276339811181	0.0018824863896241208	0.2120582131777622	0.001038050248514373	NaN	NaN	NaN	NaN	NaN	NaN	NaN	NaN	0.24078434747170513	0.047162356747635026	0.23602941176470588	0.04601904863467393	0.23366733473349574	0.03993741213593978	0.0841787093272861	0.012246496359477312
7000	0.020062001922118915	4.23197793367748E-5	1.0	0.0	0.03933486105765501	8.134971816578297E-5	0.2081236208191246	6.227821751174329E-4	0.028134085647614077	9.372557388629794E-4	0.9714131551901337	0.01292139695832169	0.05467895230291765	0.0017602684962775034	0.2123845495663978	8.535430314882428E-4	0.025668803049431095	8.573352440187771E-4	0.9806937307297019	0.009717895597409244	0.050024428480004456	0.001626434882578292	0.21155038189404057	9.245189498184335E-4	NaN	NaN	NaN	NaN	NaN	NaN	NaN	NaN	0.23129142580411144	0.0508692215060038	0.21674203494347374	0.02946334092286244	0.22156030283226252	0.03794740531283111	0.0804996520191401	0.005592644783302967
8000	0.02006379392841902	3.857096086128081E-5	1.0	0.0	0.039338306590784536	7.414270271025204E-5	0.20818322920124716	4.100168604622562E-4	0.02771168060777742	8.772264507610391E-4	0.9687342767295597	0.011118342454571266	0.053877300538618146	0.0016481154231833108	0.21206581784881987	6.254206777773343E-4	0.02545945890081038	6.342908937253118E-4	0.9787382075471698	0.008039099321655785	0.04962602724824817	0.0012048468174460057	0.2114225462369153	6.483306770512846E-4	NaN	NaN	NaN	NaN	NaN	NaN	NaN	NaN	0.22195493171698927	0.06490900235674373	0.19086477987421385	0.05047236363975338	0.20372653784923359	0.05482056625580797	0.0749941134501954	0.0066518291969164785
9000	0.02005401442743871	3.653259426706993E-5	1.0	0.0	0.039319509823667984	7.022351900639928E-5	0.20823137291494076	5.184803913251116E-4	0.027031405739598634	9.456202057164504E-4	0.9682867783985103	0.007554770384920499	0.05259075094362089	0.0017899031479962782	0.21167023918908043	5.703309992728679E-4	0.024932344747621907	7.325845831413974E-4	0.9727343265052761	0.008249754490310242	0.04861559444123146	0.0013884452447241022	0.21104692805616584	6.12144651563639E-4	NaN	NaN	NaN	NaN	NaN	NaN	NaN	NaN	0.2118606462279021	0.08684538105608643	0.1903693358162632	0.07474706038725629	0.200075167449456	0.08035608522522414	0.08038877911662265	0.008432286002526147
10000	0.020056439763503048	3.1448878669359224E-5	1.0	0.0	0.03932417290631475	6.0450891363327874E-5	0.20813064811788715	5.296916643636214E-4	0.026802379436593055	8.956572805893921E-4	0.9664597989949749	0.012796272446541647	0.05215386096204559	0.0016893546446704122	0.21144665885182543	6.0275567463751E-4	0.024854913749350605	7.011758650160418E-4	0.978467336683417	0.0069914485455072764	0.04847608178798788	0.0013308227537818982	0.2108405638312206	5.938020120050122E-4	NaN	NaN	NaN	NaN	NaN	NaN	NaN	NaN	0.2508644677539264	0.039340468995482436	0.23682663316582916	0.019377685439703023	0.24174461135843747	0.026425291126517935	0.08480411622429115	0.004969630728449039
