10	0.09999999999999999	9.926881632400622E-18	1.0	0.0	0.18181818181818185	1.9853763264801244E-17	0.18181818181818185	1.9853763264801244E-17	1.0	0.0	1.0	0.0	1.0	0.0	1.0	0.0	1.0	0.0	1.0	0.0	1.0	0.0	1.0	0.0	1.0	0.0	1.0	0.0	1.0	0.0	1.0	0.0	0.17539682539682538	0.02078913619353795	1.0	0.0	0.29738095238095236	0.030848908825342358	0.29738095238095236	0.030848908825342376
20	0.049999999999999996	4.963440816200311E-18	1.0	0.0	0.09523809523809523	0.0	0.09523809523809523	0.0	1.0	0.0	1.0	0.0	1.0	0.0	1.0	0.0	1.0	0.0	1.0	0.0	1.0	0.0	1.0	0.0	1.0	0.0	1.0	0.0	1.0	0.0	1.0	0.0	0.10590409590409589	0.022368357168146117	1.0	0.0	0.19008658008658008	0.03638828422280134	0.19008658008658008	0.03638828422280133
30	0.06689655172413791	4.93315314986267E-4	1.0	0.0	0.1254032258064516	8.652909758831695E-4	0.1254032258064516	8.652909758831695E-4	0.9666666666666668	0.07153072067300875	1.0	0.0	0.9800000000000001	0.04291843240380524	0.9800000000000001	0.04291843240380524	0.9666666666666668	0.07153072067300875	1.0	0.0	0.9800000000000001	0.04291843240380524	0.9800000000000001	0.04291843240380524	0.9666666666666668	0.07153072067300875	1.0	0.0	0.9800000000000001	0.04291843240380524	0.9800000000000001	0.04291843240380524	0.12857160954987043	0.032746098389232446	0.7	0.17521376658242355	0.21078937728937727	0.04662269768433938	0.21078937728937727	0.04662269768433941
50	0.06012244897959185	2.6276591267635884E-4	1.0	0.0	0.1134252539912917	4.671817750777097E-4	0.1134252539912917	4.6718177507770677E-4	1.0	0.0	0.6666666666666667	7.941505305920498E-17	0.7999999999999999	7.941505305920498E-17	0.7999999999999999	7.941505305920498E-17	0.885	0.10494558690102218	1.0	0.0	0.9321428571428572	0.06304392091459504	0.9321428571428572	0.06304392091459506	0.925	0.08194873549970129	0.9666666666666668	0.07153072067300875	0.9371428571428572	0.05619341862836657	0.937142857142857	0.05619341862836659	0.12772166185069408	0.028484814847640674	0.7333333333333333	0.14306144134601748	0.2127333957455661	0.040471564835303876	0.2127333957455661	0.04047156483530387
100	0.05025252525252525	1.8063313301264702E-4	1.0	0.0	0.09569597069597069	3.2752161480315234E-4	0.09569597069597069	3.2752161480315234E-4	1.0	0.0	0.45999999999999996	0.065558988399761	0.6249999999999999	0.058534811071215165	0.625	0.058534811071215144	0.4875	0.10766200541775434	1.0	0.0	0.6418815088084168	0.0962922232375469	0.6418815088084168	0.09629222323754688	0.9064285714285714	0.08359506480037915	0.7	0.11533982139746879	0.7699206349206349	0.06609863346243179	0.7699206349206349	0.0660986334624318	0.1055909659446245	0.027008117010639283	0.6799999999999998	0.13111797679952203	0.17945325229263692	0.04096293979347633	0.17945325229263692	0.04096293979347632
150	0.05362065421125824	1.927130110164174E-4	1.0	0.0	0.10178348083693564	3.4716278316390914E-4	0.10178348083693564	3.4716278316390816E-4	0.9349999999999999	0.0960351540322605	0.4	0.06691086234685666	0.5524708624708625	0.06955086840246631	0.5524708624708625	0.06955086840246634	0.3276336485313781	0.07452554551622466	1.0	0.0	0.4848751132454878	0.07921800472352764	0.4848751132454877	0.07921800472352764	0.7826839826839826	0.10320146186701666	0.675	0.09118413513325657	0.7084461152882205	0.05680740699672798	0.7084461152882205	0.056807406996727976	0.11389664721866714	0.017287189281282422	0.5125	0.08435243364894696	0.18348685607033727	0.024961334841858737	0.18348685607033727	0.02496133484185874
200	0.05025227145830161	1.6156359373904132E-4	1.0	0.0	0.0956955325376378	2.929449085639042E-4	0.0956955325376378	2.929449085639042E-4	0.9425000000000001	0.06597230708789861	0.37	0.09076230957837067	0.5171916971916971	0.08090876187090616	0.5171916971916972	0.08090876187090612	0.2212328302327085	0.03018739844671723	0.99	0.021459216201902612	0.3598581647165204	0.04061729708172016	0.35985816471652043	0.04061729708172017	NaN	NaN	NaN	NaN	NaN	NaN	NaN	NaN	0.13185339943238145	0.04052353345095812	0.47000000000000003	0.07188748458528785	0.2004937867048442	0.047164062726125326	0.2004937867048442	0.047164062726125326
300	0.050201343415524916	1.1784099589819897E-4	1.0	0.0	0.09560322717920243	2.1368057311312524E-4	0.09560322717920243	2.1368057311312215E-4	0.95	0.07633668187706352	0.2733333333333333	0.054162187548141005	0.41726374760430485	0.06766311979600896	0.41726374760430496	0.06766311979600897	0.1693370074168738	0.017849768792819912	1.0	0.0	0.2888540604683948	0.025982601445818578	0.2888540604683948	0.02598260144581858	NaN	NaN	NaN	NaN	NaN	NaN	NaN	NaN	0.14790103480648678	0.02037538408686497	0.42666666666666664	0.07748244291450805	0.21602544236692395	0.02593054749400502	0.21602544236692395	0.02593054749400502
400	0.050213726219654045	9.050254199219858E-5	1.0	0.0	0.09562570065742455	1.6412098586105877E-4	0.09562570065742455	1.641209858610555E-4	0.8241117216117215	0.0878359093043177	0.31500000000000006	0.057780707939588276	0.4486109675764848	0.060538351213512	0.44861096757648483	0.060538351213512025	0.14636035416974988	0.012705504748112058	1.0	0.0	0.254932555877755	0.01917837876472824	0.254932555877755	0.019178378764728242	NaN	NaN	NaN	NaN	NaN	NaN	NaN	NaN	0.22341618202176122	0.0346790223483136	0.32499999999999996	0.05364804050475656	0.2564025936525246	0.025597323632808536	0.2564025936525246	0.025597323632808536
500	0.05022128789057704	8.99789169211364E-5	1.0	0.0	0.0956394126120754	1.631716285190267E-4	0.0956394126120754	1.631716285190267E-4	0.8265434565434567	0.12326015780153059	0.268	0.05729606260817579	0.39365545207595365	0.06359690528750343	0.3936554520759537	0.06359690528750346	0.12716363316096632	0.00732877762397198	0.9960000000000001	0.008583686480761056	0.22535175942981786	0.011337773366828894	0.22535175942981786	0.011337773366828887	NaN	NaN	NaN	NaN	NaN	NaN	NaN	NaN	0.216807123296172	0.03498117805249443	0.324	0.05643225341593227	0.2560509757767215	0.03780767430324279	0.2560509757767215	0.03780767430324279
600	0.05021792426025438	8.982947195091994E-5	1.0	0.0	0.09563331343022222	1.6290247748129485E-4	0.09563331343022222	1.6290247748129033E-4	0.741993561993562	0.09892807302791946	0.25666666666666665	0.03025410319279022	0.3761756546101413	0.03425417122916614	0.3761756546101413	0.03425417122916613	0.12588565850334416	0.011002389902886527	0.9833333333333334	0.011921786778834789	0.22281680981839944	0.016947703417499425	0.22281680981839944	0.01694770341749941	NaN	NaN	NaN	NaN	NaN	NaN	NaN	NaN	0.2696456373576198	0.06222942860512297	0.3133333333333333	0.04549063903705904	0.2820057681230264	0.04418316745811121	0.28200576812302647	0.04418316745811123
700	0.050222588157853555	6.695680827862953E-5	1.0	0.0	0.09564178257026792	1.2141703798486798E-4	0.09564178257026794	1.2141703798486625E-4	0.7761477411477411	0.11420533265245762	0.23999999999999994	0.03320676124907487	0.3615115583936182	0.040827663799585995	0.36151155839361826	0.040827663799585995	0.11631203635574724	0.005871057173693699	0.9800000000000001	0.015962079655821033	0.20782164770768757	0.009242150421645784	0.20782164770768757	0.009242150421645782	NaN	NaN	NaN	NaN	NaN	NaN	NaN	NaN	0.30444767949884743	0.0936048274632064	0.2857142857142857	0.057805551601194556	0.2706381331169857	0.025649759481475656	0.2706381331169858	0.025649759481475656
800	0.0502072315994313	5.7172014113879554E-5	1.0	0.0	0.09561394036642065	1.0367467038877995E-4	0.09561394036642065	1.0367467038877566E-4	0.7591829738888564	0.0968365342257508	0.25	0.039986888476099255	0.3680396857314638	0.03837622550859997	0.36803968573146384	0.03837622550859995	0.11153250095800378	0.004004376786629617	0.9674999999999999	0.01145050228155954	0.19995418507141155	0.0064394908461863545	0.19995418507141155	0.006439490846186353	NaN	NaN	NaN	NaN	NaN	NaN	NaN	NaN	0.29681282948794474	0.041936646574857246	0.2975	0.035270158384957666	0.29340199352033824	0.03224064701848104	0.29340199352033824	0.03224064701848104
900	0.05020091808894954	5.430197336059388E-5	1.0	0.0	0.09560249281623365	9.847248538196521E-5	0.09560249281623365	9.847248538196418E-5	0.8106899099352661	0.10041917344432216	0.2333333333333333	0.0319895107808794	0.3575034503414528	0.037873579067099684	0.35750345034145287	0.03787357906709968	0.10788984036656683	0.0035025751651132776	0.9666666666666666	0.010663170260293117	0.19406112001023296	0.0055789171184641335	0.19406112001023298	0.005578917118464132	NaN	NaN	NaN	NaN	NaN	NaN	NaN	NaN	0.32322412281980667	0.0494208942012023	0.2844444444444444	0.041935778201117636	0.29448818559280926	0.03018270790892844	0.29448818559280926	0.030182707908928432
1000	0.05019083392940911	5.293431726495709E-5	1.0	0.0	0.09558420687426389	9.599380900330105E-5	0.09558420687426389	9.599380900329904E-5	0.7622389652121111	0.12070681194086419	0.238	0.04544312399472553	0.34709136174034483	0.03762609519269299	0.34709136174034483	0.037626095192692985	0.10389181810513193	0.004415637268192915	0.962	0.0162486562644423	0.18747345061180665	0.007314898982111447	0.18747345061180665	0.007314898982111455	NaN	NaN	NaN	NaN	NaN	NaN	NaN	NaN	0.3666270131956634	0.04463075081807409	0.2840000000000001	0.031212321566970947	0.31621622697863166	0.024573581716838634	0.31621622697863166	0.024573581716838627
2000	0.05014811653528852	1.082522049429528E-4	1.0	0.0	0.09550670990483037	1.963784107496237E-4	0.09550670990483037	1.9637841074962337E-4	0.7408945648603147	0.11960251872492264	0.22520202020202024	0.020673074998674636	0.3383224915329735	0.01620995113761925	0.3383224915329735	0.016209951137619243	0.0874254024268418	0.0021420179016012303	0.906909090909091	0.010129339189202695	0.15946720302230072	0.0036590043449108265	0.15946720302230072	0.0036590043449108312	NaN	NaN	NaN	NaN	NaN	NaN	NaN	NaN	0.41441744726948126	0.06811286856201959	0.23025252525252524	0.04981884862410415	0.28417548466937087	0.03860454207265811	0.28417548466937087	0.038604542072658114
3000	0.050133948431786035	1.0984663011071169E-4	1.0	0.0	0.09548101386137713	1.9925505006500782E-4	0.09548101386137711	1.9925505006500847E-4	0.5679576557323517	0.17064845040872728	0.2677539149888143	0.04851506848509942	0.328755790174925	0.020873687342353973	0.328755790174925	0.020873687342353967	0.08285129186815143	0.0020913290094382486	0.8651588366890379	0.011411853657535803	0.1511914518794782	0.0033449099878358913	0.1511914518794781	0.0033449099878358865	NaN	NaN	NaN	NaN	NaN	NaN	NaN	NaN	0.5237658091602502	0.0517511491111049	0.15755704697986578	0.01204660888719632	0.24071925805155564	0.014665345064046369	0.24071925805155558	0.014665345064046365
4000	0.05013433856356185	8.8456821016004E-5	1.0	0.0	0.09548173572483638	1.6043923072993593E-4	0.0954817357248364	1.604392307299368E-4	0.5429454129803694	0.12840408459891647	0.2403442211055276	0.04675539745749415	0.3123077805452304	0.029056256902332676	0.3123077805452304	0.029056256902332676	0.07977859472487364	0.0018011222894219522	0.8462839195979898	0.01414578296751613	0.14578273675207293	0.0028724674794051914	0.14578273675207293	0.0028724674794051923	NaN	NaN	NaN	NaN	NaN	NaN	NaN	NaN	0.47710399835797046	0.10598491218135565	0.15973618090452263	0.013427373871556226	0.23364548435266466	0.0110128155867794	0.2336454843526646	0.011012815586779407
5000	0.050160726955353986	6.961452431980353E-5	1.0	0.0	0.09552960242961314	1.2625382019315832E-4	0.09552960242961314	1.262538201931577E-4	0.5973580288530866	0.13450790695712334	0.22305060240963853	0.05111135213602484	0.2989471192724046	0.033104758395550236	0.2989471192724046	0.03310475839555023	0.07877050596806183	0.0020260079531379607	0.8246136546184738	0.015652241274103938	0.14376800956914876	0.003214789335281257	0.14376800956914876	0.003214789335281255	NaN	NaN	NaN	NaN	NaN	NaN	NaN	NaN	0.4449124689023785	0.09433262850587965	0.1606152610441767	0.02373116706154994	0.23017070835386347	0.025647784644015473	0.2301707083538634	0.02564778464401548
6000	0.05014729214354322	5.375662304731731E-5	1.0	0.0	0.0955052446400507	9.749294991103115E-5	0.0955052446400507	9.749294991103242E-5	0.5805910923847041	0.14885938303501864	0.2336220735785953	0.04990332884819978	0.30733002211230204	0.027107952801949848	0.30733002211230204	0.027107952801949848	0.07704802638386057	0.001699725806322309	0.82644370122631	0.010977570412381338	0.14093380603728173	0.002750558067034273	0.14093380603728173	0.002750558067034273	NaN	NaN	NaN	NaN	NaN	NaN	NaN	NaN	0.43858568393517905	0.10298336711827819	0.1828840579710145	0.03291099529163198	0.2495091213586383	0.03419342703749022	0.2495091213586383	0.03419342703749023
7000	0.050164294761422444	4.511833676775003E-5	1.0	0.0	0.09553608212371559	8.182309556048129E-5	0.09553608212371559	8.182309556048637E-5	0.5866527554534324	0.13600278500790652	0.23711584117887838	0.04913652674044404	0.3148833591653585	0.02885195575976378	0.3148833591653585	0.028851955759763785	0.07672128279878568	0.001073686129135386	0.8266655751125664	0.008767227526593261	0.1404027333220706	0.0017601352694264162	0.1404027333220706	0.0017601352694264156	NaN	NaN	NaN	NaN	NaN	NaN	NaN	NaN	0.4483815613241349	0.1288987369577573	0.17419566107245188	0.025061205908175503	0.24079302405748176	0.027684498853807523	0.24079302405748176	0.02768449885380753
8000	0.05015693284552788	5.5947515524699045E-5	1.0	0.0	0.09552272756454587	1.0146708356348702E-4	0.09552272756454587	1.0146708356348542E-4	0.639240868913362	0.20998360530279167	0.24025968816513643	0.05588022370388032	0.3028488976255176	0.03386942975925739	0.3028488976255176	0.03386942975925739	0.07640172298551748	9.868428536683395E-4	0.8127622731451746	0.010028612739209745	0.1396708447277643	0.0017396397294766192	0.1396708447277643	0.0017396397294766274	NaN	NaN	NaN	NaN	NaN	NaN	NaN	NaN	0.48597589982189177	0.09810687783978053	0.20570132617977102	0.0378193986114284	0.2781162525807429	0.035529858651582764	0.2781162525807429	0.035529858651582764
9000	0.05014898403556119	5.598170926427873E-5	1.0	0.0	0.09550831214197708	1.0152795208273728E-4	0.09550831214197708	1.0152795208274004E-4	0.5943347115638028	0.18342525187232672	0.2298468024180719	0.05182684796577304	0.297413097400592	0.029969225376188766	0.297413097400592	0.029969225376188752	0.07625173283704914	0.0010903531910801169	0.8001819232332874	0.012145304564279888	0.13923003277203524	0.0019032791793173218	0.13923003277203524	0.001903279179317319	NaN	NaN	NaN	NaN	NaN	NaN	NaN	NaN	0.4776312774488833	0.07225457751199552	0.19757251785272384	0.04197634908570077	0.2704048724910508	0.0406799612579977	0.2704048724910508	0.0406799612579977
10000	0.05012954339344955	5.334764497512202E-5	1.0	0.0	0.09547305599573552	9.67526732292859E-5	0.09547305599573552	9.675267322928723E-5	0.5786154730944714	0.19138053621009607	0.24299078317277126	0.05999419551583298	0.29733422661724895	0.03378511225806401	0.29733422661724895	0.033785112258064014	0.07583903612065887	9.930356520281827E-4	0.7922750191145344	0.014051482150716952	0.13842427007424757	0.00181820654699455	0.13842427007424757	0.0018182065469945473	NaN	NaN	NaN	NaN	NaN	NaN	NaN	NaN	0.4816636358937079	0.12156411498626526	0.15366923887936515	0.01810417698683674	0.22369213284772896	0.014199472192669153	0.22369213284772896	0.014199472192669146
