0.9090909090909091
0.9090909090909091
0.8333333333333334
0.8
0.9230769230769229
1.0
1.0
1.0
0.9090909090909091
1.0
0.8571428571428572
0.9090909090909091
0.782608695652174
0.8
0.9565217391304348
0.9655172413793105
0.9565217391304348
0.9473684210526315
1.0
0.9629629629629631
0.8666666666666667
0.9142857142857143
0.9032258064516129
0.8
0.8648648648648649
0.8571428571428572
0.8823529411764706
0.8888888888888888
0.8888888888888888
0.9032258064516129
0.875
0.8474576271186439
0.7868852459016392
0.75
0.875
0.7894736842105263
0.8333333333333334
0.8363636363636364
0.8333333333333333
0.8679245283018868
0.6990291262135923
0.7716535433070866
0.7184466019417476
0.6865671641791045
0.7549668874172186
0.8026315789473684
0.7272727272727273
0.7466666666666666
0.7142857142857143
0.6906474820143885
0.6947368421052631
0.7599999999999999
0.6458333333333334
0.6926829268292682
0.7239819004524887
0.7410714285714285
0.6853932584269663
0.7053571428571429
0.6272189349112426
0.7010309278350516
