1.0
1.0
0.9090909090909091
1.0
0.9230769230769229
1.0
1.0
1.0
0.9090909090909091
1.0
0.8999999999999999
0.9090909090909091
0.9411764705882353
0.8571428571428572
0.9565217391304348
0.9655172413793105
0.9565217391304348
0.9473684210526315
1.0
0.9629629629629631
0.896551724137931
0.9142857142857143
0.9333333333333333
0.9090909090909091
0.8648648648648649
0.8837209302325582
0.9090909090909091
0.9166666666666667
0.9166666666666667
0.9285714285714286
0.875
0.9019607843137255
0.8363636363636364
0.8235294117647058
0.8852459016393441
0.8157894736842105
0.8636363636363636
0.8627450980392156
0.8780487804878049
0.8727272727272726
0.6990291262135923
0.7889908256880733
0.7526881720430108
0.7191011235955056
0.7737226277372262
0.8108108108108107
0.7816091954022989
0.7538461538461539
0.7605633802816901
0.7678571428571428
0.7045454545454545
0.7848101265822784
0.7034482758620689
0.7209302325581395
0.7289719626168224
0.7454545454545454
0.7375886524822695
0.7231638418079096
0.6821705426356589
0.7142857142857143
