1.0
1.0
0.9090909090909091
1.0
0.9230769230769229
1.0
1.0
1.0
0.9090909090909091
1.0
0.8999999999999999
0.9090909090909091
0.9411764705882353
0.8571428571428572
0.9565217391304348
0.9655172413793105
0.9565217391304348
0.9473684210526315
1.0
0.9629629629629631
0.896551724137931
0.9142857142857143
0.9333333333333333
0.9090909090909091
0.8648648648648649
0.8837209302325582
0.9090909090909091
0.9166666666666667
0.9166666666666667
0.9032258064516129
0.875
0.9019607843137255
0.8363636363636364
0.8235294117647058
0.8852459016393441
0.8157894736842105
0.8085106382978723
0.8627450980392156
0.8780487804878049
0.8727272727272726
0.6990291262135923
0.7863247863247863
0.74
0.6976744186046513
0.7714285714285715
0.8108108108108107
0.7692307692307694
0.7466666666666666
0.7466666666666667
0.7678571428571428
0.7045454545454545
0.7771428571428572
0.7034482758620689
0.7083333333333334
0.7239819004524887
0.7443946188340806
0.7375886524822695
0.717948717948718
0.6821705426356589
0.7046632124352331
