10	0.02	0.2	0.03636363636363636	0.26761429577073026	0.2	0.2	0.2	0.37139332336979825	0.125	0.2	0.13999999999999999	0.3689902590824957	0.2	0.2	0.2	0.3733591368729642
20	0.034999999999999996	0.5	0.06493506493506493	0.28664851382391265	0.30333333333333334	0.5	0.35	0.38749318768123	0.21000000000000002	0.5	0.2690476190476191	0.39663573570280625	0.22833333333333333	0.5	0.2819047619047619	0.40134394492446734
30	0.04666666666666667	0.8	0.08717008797653958	0.3106477456382868	0.29801587301587296	0.8	0.39761904761904765	0.3961811327535984	0.1640613553113553	0.8	0.2560667600373483	0.4116631879252992	0.17660714285714282	0.8	0.27187154348919057	0.4148923611910427
50	0.052000000000000005	0.9	0.0975937409899674	0.3162073254475717	0.2889285714285714	0.8466666666666667	0.4004390054390054	0.3950563255284033	0.14874738986503694	0.9	0.2448122952363092	0.39848033681107664	0.20956311804137892	0.9	0.3235865800865801	0.4168019668668156
100	0.05	1.0	0.09428421119677274	0.3128167607911892	0.20883456909671744	0.9304761904761906	0.3124291005501524	0.370139388690207	0.12174260642057252	1.0	0.2086522512383429	0.3700130449720582	0.18457645550658255	0.9857142857142858	0.29320449143986804	0.39008386874932155
150	0.044	1.0	0.08396165621245939	0.30790007234770816	0.13511391536236936	0.976388888888889	0.22675492815177667	0.35738640027865115	0.08630491796211905	1.0	0.15643040800019428	0.35085584279030096	0.13206990740148739	0.956388888888889	0.22456472045454348	0.36475562227245933
200	0.04650000000000001	1.0	0.0883194391200043	0.31047999081210664	0.12568215149058085	0.95	0.21417951213536685	0.3496451924561655	0.09047425030325121	1.0	0.16246461651987607	0.346261574730184	?	?	?	?
300	0.048999999999999995	1.0	0.0931293314015812	0.314893491634057	0.09302923047301953	0.9605555555555554	0.16768734984981942	0.34148151481531847	0.07306454481368918	0.9947368421052631	0.13541042988329086	0.3385447552141606	?	?	?	?
400	0.05	1.0	0.09501464355061272	0.31418369904698074	0.09003141823497211	0.961148266203033	0.16312327548476385	0.33552338713882357	0.07781868530572505	0.9917898193760262	0.1433542171477455	0.33339975908921565	?	?	?	?
500	0.0482	1.0	0.09179118058353863	0.31176485566377055	0.08074189170851677	0.9714063714063714	0.1478917038443889	0.33007431923852953	0.06941162779284128	0.988036963036963	0.12924129864685027	0.32699450575838346	?	?	?	?
600	0.04833333333333334	1.0	0.09210139864185803	0.31273760550219026	0.0750897854788031	0.9778104264492649	0.13904540134035068	0.3273268465824396	0.06613658485008236	0.9742121543845681	0.12362910607229646	0.3252467487132237	?	?	?	?
700	0.04971428571428571	1.0	0.09460237235563394	0.31334220071401886	0.0743451283391697	0.9707838506522718	0.13752591883045323	0.3258852087613056	0.06715970427445163	0.9786909873444714	0.12537847873488425	0.3246398842464304	?	?	?	?
800	0.04937500000000001	1.0	0.0940090278237049	0.312568186063538	0.06864581269219705	0.9540915173989211	0.1276809696057425	0.32234540794092986	0.06418953297038495	0.9816059472352379	0.12024466404426208	0.3215338221055936	?	?	?	?
900	0.04933333333333333	1.0	0.09392870077854568	0.31201358374097554	0.06741575442516361	0.9528123578127602	0.12569780878677445	0.3209192953246637	0.062093766070412296	0.978523859351186	0.11659117143231298	0.31955913788536583	?	?	?	?
1000	0.0502	1.0	0.09552664504302961	0.31328337125053773	0.06673073345197586	0.9583537065570964	0.12447050674723585	0.321700158605307	0.06251484278901392	0.9777919876733435	0.11737697569329075	0.3206209968548416	?	?	?	?
2000	0.0501	1.0	0.09538777827319198	0.3126450818428652	0.055427744360014894	0.9706037695425985	0.10479968905364619	0.315176016786868	0.05369393987299188	0.9829981745203025	0.10177989869888601	0.3145127166407624	?	?	?	?
3000	0.050966666666666674	1.0	0.09697332616628912	0.3123987925519284	0.053880644113725104	0.9840953790002803	0.10215187519913546	0.3134906401489498	0.0525503485675796	0.987964072743439	0.0997828174503346	0.31324788313099294	?	?	?	?
4000	0.0494	1.0	0.09413649215127838	0.3105383065464665	0.050943685318195764	0.996313549574419	0.09692391805265155	0.3112455711726294	0.05001698666589353	0.9916468161208695	0.09522085935481997	0.310869174498146	?	?	?	?
5000	0.04956	1.0	0.09443250346336647	0.3110072256344305	0.05057546424936532	0.9950194192895392	0.09625278425430456	0.3114671067233508	0.04997731967659676	0.9982978723404254	0.09518447565384226	0.3112060564055708	?	?	?	?
6000	0.04973333333333334	1.0	0.09474688306112246	0.3110639545892459	0.050473544482174185	0.9972483312060347	0.09607556234693307	0.3114137333013429	0.049825972481435055	1.0	0.09491495617785622	0.31121782873355064	?	?	?	?
7000	0.049557142857142855	1.0	0.09442883885475288	0.310936701916213	0.05010237778507977	0.9991506260881163	0.09541305094823875	0.31125338474850694	0.04972031364080284	0.9985240390387815	0.09471881807714086	0.3110693327030988	?	?	?	?
8000	0.049800000000000004	1.0	0.09486827826551035	0.3114299992473447	0.050262880501440975	0.997809309896175	0.0956957028755924	0.3116775239090439	0.04983710096307549	1.0	0.09493564317421185	0.31152407784227215	?	?	?	?
9000	0.049977777777777774	1.0	0.09519073583375144	0.3115870722590247	0.05041303914169243	0.9980408653497145	0.09596947314062103	0.3117907810974951	0.050011536472997865	1.0	0.09525199071730683	0.3116749809355893	?	?	?	?
10000	0.04995	1.0	0.09514152128813116	0.31154790627629286	0.05024856317100336	0.9984446825109436	0.09567449914611935	0.311740621980156	0.049980745029653155	1.0	0.09519724601375568	0.31162476532340766	?	?	?	?
