10	0.0	0.0	0.0	0.24955117991910045	0.0	0.0	0.0	0.30255998278410046	0.0	0.0	0.0	0.31175692346152467	0.0	0.0	0.0	0.32634543800046084
20	0.01	0.2	0.019047619047619046	0.2741812242123181	0.15	0.2	0.16666666666666666	0.3413771898615653	0.04242424242424242	0.2	0.06666666666666667	0.34759829964383393	0.06999999999999999	0.2	0.1	0.36207407242202966
30	0.006666666666666666	0.2	0.012903225806451613	0.26352809971767543	0.06666666666666667	0.2	0.09523809523809523	0.3232347478351742	0.02526315789473684	0.2	0.043333333333333335	0.32708552764196036	0.039285714285714285	0.2	0.065	0.3408230256969151
50	0.014000000000000002	0.4	0.026579520697167756	0.2713208805968365	0.0698051948051948	0.375	0.09689655172413794	0.32229539990864253	0.07039372625111165	0.4	0.09806818181818182	0.3383456777477121	0.06558062880324543	0.4	0.09620915032679737	0.3458682147102686
100	0.012	0.7	0.023456237026417574	0.2743901158647578	0.04227286961703177	0.7	0.07485028138558267	0.3141367583419541	0.022922196253313272	0.7	0.0438619054698816	0.3107170987909533	0.036573913253244564	0.7	0.06691827922673328	0.3230218870184018
150	0.010666666666666668	0.8	0.020934352670446743	0.2712564624764982	0.027702917372956343	0.78	0.052024985969982285	0.3042110404890631	0.02178044206346093	0.8	0.041761492263921104	0.3019942505161418	0.028997751537078176	0.8	0.054517968308882156	0.31275500921718213
200	0.012	1.0	0.023636616143471477	0.2733947027613758	0.026546297747495663	1.0	0.05126912603947855	0.2983998590123078	0.020721380926939766	1.0	0.04031493693923036	0.2953040144643434	?	?	?	?
300	0.011333333333333334	1.0	0.022356033877826566	0.2724871084745212	0.02058555213692994	1.0	0.04011803703664446	0.290085886306338	0.01788467908410992	1.0	0.03499204344055478	0.28926918008923586	?	?	?	?
400	0.010750000000000001	1.0	0.02123980064046579	0.27346716806764565	0.01748746614199165	1.0	0.03422106406087108	0.2854907101033758	0.015699937198698104	1.0	0.030824954997356054	0.28529158381082714	?	?	?	?
500	0.011	1.0	0.021744766855803684	0.27254064273245204	0.015611736134223503	1.0	0.030712705521692623	0.2809766943831927	0.015060498880121597	1.0	0.029620603128254198	0.2808108114711214	?	?	?	?
600	0.010833333333333332	1.0	0.021418043554628945	0.27298422500653663	0.01558284088427459	1.0	0.03064751897900067	0.27965781067681145	0.013734546846719514	1.0	0.027068588304645473	0.2786074170058846	?	?	?	?
700	0.01114285714285714	1.0	0.022016638186866628	0.27402570860168357	0.014675544207973155	1.0	0.028886453676475115	0.279692462741442	0.013581407561619862	1.0	0.026762557787646284	0.2788331650717978	?	?	?	?
800	0.0105	1.0	0.02076411032074535	0.27378494865029757	0.01362179643796218	1.0	0.026849499029246986	0.2787888078030013	0.012727764396207032	1.0	0.025115896406550885	0.278219415433406	?	?	?	?
900	0.010555555555555554	1.0	0.020874207490988485	0.27342662955451347	0.01327575569725833	1.0	0.026171988582137616	0.2772060611739728	0.012103413466607437	1.0	0.02389345024822832	0.27662501517762567	?	?	?	?
1000	0.0104	1.0	0.020572258453182245	0.2728603461270185	0.01284891039866222	1.0	0.025346865098073473	0.2764290114902244	0.011509810180531488	1.0	0.022740079105346343	0.2753801834299122	?	?	?	?
2000	0.01135	1.0	0.02243491583227613	0.27335527325672226	0.01218138597762487	0.9969696969696968	0.02405558824158075	0.27454938018591196	0.011688245932135043	0.9960000000000001	0.023095328394061167	0.27429473253668907	?	?	?	?
3000	0.011066666666666667	1.0	0.02188398558106019	0.27250447562168795	0.011511711207624434	1.0	0.02275370379580771	0.2729924468214578	0.011180188612727553	1.0	0.022105652763300326	0.27279724075146555	?	?	?	?
4000	0.010875	1.0	0.021512912022504854	0.27245094613348253	0.011158973510084687	1.0	0.022067779080350198	0.2727896510970322	0.010882052626988464	0.9952380952380953	0.021525626603674776	0.2726265286015191	?	?	?	?
5000	0.010620000000000001	1.0	0.021014905153658635	0.2720742343393295	0.01077547092101563	0.9963541666666667	0.021318433204156575	0.2723779360013991	0.010630870395181274	1.0	0.021036186424148347	0.27219876605846083	?	?	?	?
6000	0.010416666666666668	1.0	0.020617187473265918	0.27213100604114254	0.010581353326278086	0.9983050847457626	0.020939287099159577	0.27232318949345247	0.010424779740965317	1.0	0.020633072811545267	0.27222460462362275	?	?	?	?
7000	0.010242857142857144	1.0	0.02027637037169041	0.2718778210762839	0.010348400605000469	0.9959103641456583	0.020482264572938773	0.2720344484438232	0.010250185452148777	1.0	0.020290728567100923	0.27196793716443907	?	?	?	?
8000	0.010349999999999998	1.0	0.02048647136434756	0.2719074932997062	0.010448261543500583	0.9976747311827957	0.02067835285993217	0.2720693697467478	0.010355683567620677	1.0	0.020497605716984713	0.27197500062211866	?	?	?	?
9000	0.010155555555555555	1.0	0.0201056104103031	0.2717269499852292	0.010250840618213266	0.9978756708407872	0.020291745907227134	0.2718567628969174	0.010161662147502007	1.0	0.02011757717878942	0.27179436274021473	?	?	?	?
10000	0.009989999999999999	1.0	0.019781052567967836	0.27141552927558765	0.010061272299332751	0.9980039331366765	0.019920247927626377	0.27152506875541066	0.00999550725302164	1.0	0.01979184828929239	0.2714849335494551	?	?	?	?
