10	0.0	0.0	0.0	0.18720281791454965	0.0	0.0	0.0	0.23933019868172067	0.0	0.0	0.0	0.2527487447127498	0.0	0.0	0.0	0.25371671668512474
20	0.005	0.1	0.009523809523809523	0.19117619369216418	0.1	0.1	0.1	0.25322830260425344	0.1	0.1	0.1	0.262175542137886	0.1	0.1	0.1	0.26634684210896203
30	0.003333333333333333	0.1	0.0064516129032258064	0.19067339767004887	0.1	0.1	0.1	0.24802893125549436	0.03333333333333333	0.1	0.05	0.24888169676839317	0.1	0.1	0.1	0.26143013953035676
50	0.002	0.1	0.00392156862745098	0.18725477368084467	0.05	0.1	0.06666666666666667	0.2312133712745017	0.03333333333333333	0.1	0.05	0.23564173129563923	0.025	0.1	0.04	0.24392698555542003
100	0.001	0.1	0.0019801980198019802	0.1842412534059308	0.006666666666666666	0.1	0.0125	0.2106304752337118	0.002127659574468085	0.1	0.004166666666666667	0.21263357394359456	0.0038461538461538464	0.1	0.007407407407407407	0.22329625558233315
150	0.004666666666666667	0.5	0.009236667828511676	0.18872897692395263	0.03101972101972102	0.5	0.05653265677855842	0.21565026906941265	0.009483902833284355	0.5	0.018548368270309624	0.21081883953233738	0.021200992702088778	0.5	0.039949579406101145	0.2274356132096063
200	0.005	0.5	0.009881577820306844	0.18961601380375775	0.03137453399748481	0.5	0.056910016977928704	0.2183057813858516	0.01180895153642789	0.5	0.02289084713452822	0.21062649586417015	?	?	?	?
300	0.004333333333333333	0.6	0.008594001025149269	0.18847670142787334	0.012491900974685893	0.6	0.024340765831423142	0.20658232561567408	0.008594110377167551	0.6	0.016902017755821737	0.2049015895583028	?	?	?	?
400	0.004	0.6	0.007938032654952987	0.18775368781479654	0.012567754940869369	0.575	0.024390353081815575	0.20168631110937726	0.007989844637991704	0.6	0.015721624898164577	0.20082073826319383	?	?	?	?
500	0.004	0.6	0.00794125088835866	0.18699722202693908	0.009442515958080443	0.6	0.01854124299957343	0.19832660092253046	0.0070351560890844905	0.6	0.013882834515463344	0.19752433861210067	?	?	?	?
600	0.004166666666666667	0.7	0.008271068734975214	0.18774951485922436	0.008629573626856672	0.7	0.016978542628764838	0.19757031635965752	0.006571366319261239	0.7	0.012982423333987475	0.19576321842631372	?	?	?	?
700	0.004	0.7	0.007940107120416226	0.18755217943147864	0.00777814837480339	0.7	0.015324681036745688	0.19475381154106516	0.006622007378722404	0.7	0.013062176848141588	0.19442444639283957	?	?	?	?
800	0.00375	0.9	0.007453471381284516	0.18640654235090998	0.007394776739433192	0.9	0.014571460597528405	0.19330152377254917	0.005619542312723882	0.9	0.011131358625686196	0.1925469492779998	?	?	?	?
900	0.004	0.9	0.007952911260523169	0.18658736426467049	0.007246211424076885	0.9	0.01432277557438288	0.19251157435543356	0.005422532551778219	0.9	0.010760662430524832	0.19136390688013932	?	?	?	?
1000	0.0042	1.0	0.008354682505245337	0.1867277570107984	0.006594620926181421	0.95	0.013072490098275564	0.19193076133024894	0.005472436501856595	1.0	0.010869309009933503	0.1907764216215525	?	?	?	?
2000	0.004750000000000001	1.0	0.009449649525282686	0.1877730398537924	0.00625491484336593	0.9833333333333332	0.012417509949400132	0.19006515483052003	0.005551296143358392	1.0	0.011033821389570295	0.18939233740740063	?	?	?	?
3000	0.005299999999999999	1.0	0.010539638818421956	0.18854175869260043	0.006123256386937302	0.9781904761904763	0.012162634906288983	0.18971385301737018	0.0060482283875105515	0.9914545454545454	0.012016207047437801	0.18956199153335856	?	?	?	?
4000	0.005124999999999999	1.0	0.010194041363196866	0.18797132565791014	0.005763040479316348	0.9866071428571429	0.011452470600862704	0.188847856352427	0.0056039523064446515	0.9964285714285716	0.011141766875380427	0.1886744394574999	?	?	?	?
5000	0.005020000000000001	1.0	0.009986362201272194	0.18789358915039908	0.005440115666006855	0.9942857142857143	0.01081639684571219	0.18854093436934144	0.0053457064338598695	0.9971428571428571	0.010630648623687598	0.18835519976387677	?	?	?	?
6000	0.004933333333333334	1.0	0.009814869101506554	0.18797082875147575	0.005205051071629874	0.9952380952380953	0.010351526912329649	0.18842592636896155	0.005093429457461394	0.9953463203463204	0.0101309520801429	0.18822134154388487	?	?	?	?
7000	0.004885714285714287	1.0	0.009720801347234784	0.18763824260840928	0.005103922851018092	0.9926960257787325	0.010152033746667517	0.18802054778294564	0.005004132163129305	0.9926960257787325	0.00995491839620497	0.18787001202736947	?	?	?	?
8000	0.004825	1.0	0.009600995542044338	0.18742199281126262	0.005022940063327078	0.996875	0.0099925014151397	0.18774783089678915	0.004875631354995273	1.0	0.009701385582483879	0.1875473990234044	?	?	?	?
9000	0.004722222222222223	1.0	0.009397874306374652	0.1873946728601128	0.004868566443887834	0.9942857142857143	0.009687381459078426	0.18766784552234594	0.004771418364027046	1.0	0.009495435070148299	0.1875224603122427	?	?	?	?
10000	0.00466	1.0	0.009274522575638761	0.1874278429468523	0.0047894170111376765	1.0	0.009530850198542721	0.18764866139041722	0.00470790876726916	1.0	0.009369578008094358	0.18753642709645607	?	?	?	?
