10	0.030000000000000006	0.3	0.05454545454545454	0.35824064271802303	0.15	0.3	0.2	0.44326715527844457	0.09166666666666666	0.3	0.13523809523809524	0.4588006994866215	0.10833333333333332	0.3	0.15666666666666668	0.4626109148462126
20	0.025	0.5	0.047619047619047616	0.33737491240200285	0.13833333333333334	0.5	0.20818181818181816	0.40736456848036157	0.06928571428571428	0.5	0.12047119547119545	0.4251923457301423	0.0767099567099567	0.5	0.13214285714285712	0.43405366251646244
30	0.02	0.5	0.038306451612903226	0.33978532590205857	0.07888888888888887	0.5	0.13016917293233082	0.40278982308768574	0.04339285714285714	0.5	0.07747899159663865	0.40809176180334833	0.046294903926482875	0.5	0.08257759784075573	0.4223238145139397
50	0.024	0.9	0.04660633484162896	0.35246123982827365	0.0599141235441545	0.9	0.11106194182397847	0.41531014904699426	0.04835178550695792	0.9	0.09065062348372306	0.4135411405922696	0.05614148878276877	0.9	0.10460542661000324	0.42485641296589305
100	0.02	1.0	0.03910259672454967	0.351595230181879	0.03717812815570894	1.0	0.07129396875078205	0.38659164918339683	0.030564759537494508	1.0	0.058961891746681504	0.3832099756336123	0.039243536878006344	1.0	0.07513265183066675	0.39524998758187263
150	0.019333333333333334	1.0	0.03777554159425277	0.3508945256535788	0.03197980093987639	1.0	0.061638134310287605	0.37713890916056114	0.029121411531589047	1.0	0.05626433149281122	0.37564844129270203	0.034990175533028946	1.0	0.06717958514105948	0.384688144642538
200	0.0195	1.0	0.03807222270748225	0.3484828287146976	0.030386972943693386	1.0	0.0585290385742722	0.3689990576867635	0.0272081765371953	1.0	0.052586422144277264	0.36699530861109453	?	?	?	?
300	0.01966666666666667	1.0	0.0384356746204942	0.3498724138248306	0.027922174997932238	0.9857142857142858	0.05401194041646419	0.362891620576959	0.02699670906982184	1.0	0.05220482120615426	0.3623407694603242	?	?	?	?
400	0.021	1.0	0.041025514285332396	0.35064778832588384	0.028063820321664747	0.9722222222222221	0.05429091413531748	0.3610146838183487	0.025569292975299245	0.9805555555555557	0.049649938010847744	0.3592013257097659	?	?	?	?
500	0.020399999999999998	1.0	0.03991368572609033	0.3494513481669616	0.025319857885473345	0.9818181818181818	0.0492221138346743	0.35635024073153	0.024093894598345995	0.9818181818181818	0.04692976266063416	0.3555865708720575	?	?	?	?
600	0.021166666666666667	1.0	0.0413920474841374	0.3500114826129837	0.02510083819982432	0.965666971916972	0.04880587600488856	0.3552604633688233	0.024405492359109694	0.9860576923076924	0.047517550995843705	0.35467197541197587	?	?	?	?
700	0.020428571428571428	1.0	0.039976112866856726	0.34944656457602463	0.02261813972147864	0.9731559290382821	0.04411318740250503	0.3530681299030505	0.02273889366795455	0.9711017740429504	0.044349226546422656	0.35301235696786276	?	?	?	?
800	0.021625	1.0	0.042269984736184804	0.3501546431413852	0.025129628096893238	0.9791666666666667	0.048903520181755464	0.35430544790487517	0.024560726531323563	0.9905701754385966	0.04784912772072839	0.3537070608130833	?	?	?	?
900	0.021555555555555557	1.0	0.042144787337654935	0.3496071408086453	0.02421575750106069	0.9766511266511267	0.04717245359191162	0.35277872734632415	0.02460508755079651	0.9919871794871795	0.04792952605921121	0.3523748681096983	?	?	?	?
1000	0.021299999999999996	1.0	0.04167509762081627	0.3496683733779717	0.023400020644213516	0.9757371794871794	0.04564781119740447	0.35241308671042004	0.023128618586779396	0.9899038461538462	0.04515207763425866	0.3520519950183049	?	?	?	?
2000	0.021049999999999996	1.0	0.041219163989070065	0.3502559430660841	0.021682818326298467	0.9969696969696968	0.04242897756919882	0.35089329248224055	0.021385502109242113	1.0	0.04186222822688897	0.35073523038094984	?	?	?	?
3000	0.019933333333333334	1.0	0.0390799642945766	0.34942811353683256	0.020196101913520618	0.9950484292792339	0.03958088446890272	0.34976336654692425	0.019963222144929262	0.9983050847457626	0.039136077300464714	0.34962538585513053	?	?	?	?
4000	0.020474999999999993	1.0	0.040120005008026004	0.35012073977106517	0.020645478892905227	0.99875	0.04044598975097857	0.35038706379124596	0.020496986671459005	1.0	0.040162261212484875	0.35027043797707663	?	?	?	?
5000	0.020059999999999998	1.0	0.03932480711373386	0.3493953065000087	0.020185923519484603	0.9990196078431373	0.03956605603143232	0.34959528918962723	0.020081053256033828	1.0	0.0393652821041595	0.3495551502664601	?	?	?	?
6000	0.020233333333333332	1.0	0.0396605743427719	0.34976563480155365	0.02031644348467402	0.9983322910152179	0.03981877925436303	0.3499253649639037	0.02025129467399183	1.0	0.03969510144379792	0.349907174615468	?	?	?	?
7000	0.020557142857142857	1.0	0.0402827019787378	0.35012328726554925	0.0206539298223229	1.0	0.04046857208464806	0.3503081849295231	0.020573480481654437	1.0	0.04031407914198528	0.3502503089294225	?	?	?	?
8000	0.020637499999999996	1.0	0.040437788597018035	0.350059229467996	0.020726269037508384	0.999367088607595	0.0406075891826073	0.35021990198894254	0.020652958882091718	1.0	0.040467467960751895	0.3501779933688609	?	?	?	?
9000	0.02056666666666667	1.0	0.04030258375690167	0.3501410564670825	0.020663478289733812	1.0	0.04048840744323959	0.3502748359003952	0.020582216042442363	1.0	0.04033243962536663	0.350253497918632	?	?	?	?
10000	0.02062	1.0	0.04040516531078468	0.3502663235738485	0.020702994065856947	1.0	0.0405645615837759	0.35039505327653203	0.02063338110940442	1.0	0.04043085750456134	0.3503691008093548	?	?	?	?
