10	0.030000000000000006	0.2	0.051515151515151514	0.051515151515151514	0.2	0.2	0.2	0.2	0.2	0.2	0.2	0.2	0.2	0.2	0.2	0.2
20	0.03	0.2	0.05217391304347826	0.05217391304347826	0.2	0.13333333333333333	0.16	0.16	0.2	0.2	0.2	0.2	0.2	0.2	0.2	0.2
30	0.03	0.5	0.055718475073313775	0.055718475073313775	0.5	0.4333333333333333	0.45999999999999996	0.45999999999999996	0.475	0.5	0.48571428571428577	0.48571428571428577	0.475	0.5	0.48571428571428577	0.48571428571428577
50	0.038	0.9	0.07229795320805307	0.07229795320805307	0.9	0.7833333333333333	0.8266666666666665	0.8266666666666665	0.8149999999999998	0.9	0.8496031746031747	0.8496031746031747	0.8550000000000001	0.8666666666666668	0.8546031746031746	0.8546031746031746
100	0.031	0.9	0.05921908071005333	0.05921908071005333	0.9	0.6275000000000001	0.7116883116883118	0.7116883116883118	0.6227144120247569	0.9	0.7026083226083226	0.7026083226083226	0.8833333333333332	0.7474999999999999	0.8035714285714286	0.8035714285714286
150	0.029333333333333333	1.0	0.05621154683819733	0.05621154683819733	0.7835714285714286	0.6978571428571428	0.6797222222222222	0.6797222222222222	0.5785714285714285	0.9716666666666667	0.6910305250305251	0.6910305250305251	0.8903030303030304	0.7538095238095238	0.7987050630528891	0.7987050630528891
200	0.03449999999999999	1.0	0.0662396175883581	0.0662396175883581	0.9466666666666667	0.4038095238095238	0.5555699855699856	0.5555699855699856	0.25008314538740506	0.9817460317460318	0.39531687675070026	0.39531687675070026	?	?	?	?
300	0.034666666666666665	1.0	0.06683315825508465	0.06683315825508465	0.8466666666666665	0.2813980463980464	0.3959637576046245	0.3959637576046245	0.1663608525777752	0.9507203907203909	0.2821063372526494	0.2821063372526494	?	?	?	?
400	0.03525	1.0	0.06797253598623587	0.06797253598623587	0.775	0.2329233919675096	0.35251265240395674	0.35251265240395674	0.1204306984262354	0.9287557866969631	0.2120616658346262	0.2120616658346262	?	?	?	?
500	0.036199999999999996	1.0	0.06969868311714629	0.06969868311714629	0.5955555555555555	0.23978431656063232	0.334258529028542	0.334258529028542	0.11526315399464497	0.9009749373433585	0.20318227914275216	0.20318227914275216	?	?	?	?
600	0.03833333333333333	1.0	0.07365001011853126	0.07365001011853126	0.5885775335775336	0.18650884610410895	0.26966066984545245	0.26966066984545245	0.11001207848812677	0.8510769464276381	0.193159724753118	0.193159724753118	?	?	?	?
700	0.039142857142857146	1.0	0.07519190311345661	0.07519190311345661	0.5967222222222223	0.17342657342657344	0.25452154727589765	0.25452154727589765	0.10199738457661071	0.8371395271395272	0.18045321032517636	0.18045321032517636	?	?	?	?
800	0.03875	1.0	0.07450436390572021	0.07450436390572021	0.5983323922454357	0.17603928164903773	0.2583111330368101	0.2583111330368101	0.09054786316661699	0.8647238249677274	0.1634820043126028	0.1634820043126028	?	?	?	?
900	0.03866666666666667	1.0	0.07436830072688223	0.07436830072688223	0.5309075877825877	0.17803180946102046	0.24453943980815054	0.24453943980815054	0.08496026106852864	0.8400633064263383	0.15418476098331696	0.15418476098331696	?	?	?	?
1000	0.0386	1.0	0.07424593251224142	0.07424593251224142	0.5984895170189288	0.16773922905742572	0.23027111078073342	0.23027111078073342	0.08767953889936944	0.780449909259994	0.15620148348635796	0.15620148348635796	?	?	?	?
2000	0.03895	1.0	0.07494402731634302	0.07494402731634302	0.29582676324836604	0.1646821159664573	0.19314142426366904	0.19314142426366904	0.06855490128068105	0.6831986321079837	0.12418384047715877	0.12418384047715877	?	?	?	?
3000	0.04030000000000001	1.0	0.07745358657597719	0.07745358657597719	0.17958973501001027	0.16131850698845382	0.15575367345358768	0.15575367345358768	0.06366317886057471	0.6370499606588321	0.11554716700440279	0.11554716700440279	?	?	?	?
4000	0.040675	1.0	0.07816427429103129	0.07816427429103129	0.15322275754337228	0.18682945135916157	0.1408990567030866	0.1408990567030866	0.05774320228165377	0.6542398034507212	0.10587837978303102	0.10587837978303102	?	?	?	?
5000	0.04038	1.0	0.07762024331926932	0.07762024331926932	0.1197801091682638	0.18422984959555505	0.137069276267427	0.137069276267427	0.057945713043344685	0.6002811999091154	0.10557202097468614	0.10557202097468614	?	?	?	?
6000	0.04053333333333333	1.0	0.07790375888844811	0.07790375888844811	0.11873141755379277	0.1666257008561763	0.1273876712950801	0.1273876712950801	0.054504871204374694	0.6088504143662513	0.09973943405613504	0.09973943405613504	?	?	?	?
7000	0.03981428571428571	1.0	0.076577381808176	0.076577381808176	0.1036731306022212	0.19115040591302307	0.12439889272955296	0.12439889272955296	0.05299152482913697	0.6121592164383615	0.09730578268467666	0.09730578268467666	?	?	?	?
8000	0.039850000000000003	1.0	0.0766446545309816	0.0766446545309816	0.08358482663357684	0.19621176776559518	0.1109793952769749	0.1109793952769749	0.052481753636891906	0.5982021307963097	0.09631304372230545	0.09631304372230545	?	?	?	?
9000	0.039933333333333335	1.0	0.076798142237962	0.076798142237962	0.07591041653555115	0.25746736541368137	0.10867485816671299	0.10867485816671299	0.052828104585782486	0.557251832945705	0.09632112517739903	0.09632112517739903	?	?	?	?
10000	0.040179999999999993	1.0	0.07725386516513522	0.07725386516513522	0.0757058185256905	0.21793809521740423	0.10699843262607145	0.10699843262607145	0.052047914361781036	0.5551476426483635	0.09489031372168263	0.09489031372168263	?	?	?	?
