0.5	0.001	0.1	0.0019801980198019802	0.09747771861375967	0.1	0.1	0.1	0.1323725578896215	0.1	0.1	0.1	0.13530478643034322	0.1	0.1	0.1	0.14517020120202867
1.0	0.012	0.7	0.023456237026417574	0.1148635404638751	0.6666666666666666	0.65	0.6466666666666667	0.261824498072818	0.33853803059685406	0.7	0.38076960076960076	0.24559263829225975	0.6571428571428571	0.7	0.6727272727272727	0.2840145850875778
2.8	0.02	1.0	0.03910259672454967	0.12785821924177584	0.8066666666666666	0.85	0.7782539682539682	0.32497549355672406	0.5275735294117647	1.0	0.6105472013366751	0.3402498233492294	0.8316666666666667	0.9666666666666666	0.8800000000000001	0.37836826165215887
3.9	0.027000000000000003	0.8	0.05187775761855658	0.13924698859932366	0.6717948717948717	0.615	0.6254887218045113	0.33551179015747035	0.45965811965811965	0.8	0.525230179028133	0.35745001833711687	0.6033333333333333	0.7583333333333333	0.6560457516339869	0.3816083893712142
4.0	0.031	0.9	0.05921908071005333	0.14284790353204738	0.8166666666666668	0.735	0.7702380952380953	0.3909455340581963	0.6203334596438045	0.9	0.7013962013962014	0.3875462603724916	0.8071428571428572	0.7925	0.7895238095238095	0.41124963850577034
5.0	0.05	1.0	0.09428421119677274	0.17317983934410452	0.7696248196248197	0.639047619047619	0.6297186147186146	0.39475259258982676	0.44939640768588135	1.0	0.6065299863535157	0.46574898799378744	0.6585714285714286	0.9107142857142858	0.7304991740285858	0.4983350382134681
10.0	0.12199999999999997	1.0	0.21610573445470954	0.27752015428009197	0.7187229437229437	0.5886657786657786	0.6107892850856238	0.4956790534127024	0.3922770171005465	0.9644444444444445	0.5498238786634488	0.5182397717912642	0.6567795564422252	0.7685270285270286	0.6921974066158411	0.5836623159365637
20.0	0.20800000000000002	1.0	0.3417953117206318	0.38249504646001375	0.5435491209738035	0.7431261062873199	0.610336758094601	0.5712536571851405	0.46399290427980355	0.9621986733905775	0.6206896149390594	0.5966167411930705	0.5828354765518051	0.8663538685202852	0.6790541415715831	0.6338032494314234
30.0	0.31300000000000006	1.0	0.4741825576760424	0.496463878652904	0.59953287990459	0.80780652374312	0.6792374357429682	0.6488521448723507	0.5386804579550839	0.9036005660955604	0.6682992494219195	0.6490313825639245	0.6661653082821651	0.8264820176066003	0.7348367509642036	0.6972601510412503
50.0	0.5090000000000001	1.0	0.6722856591899338	0.6723320458908556	0.6853277272075416	0.873226047108076	0.7624759130310115	0.7454851207700852	0.6474053741297388	0.9466534496616184	0.7669113216539565	0.7518853980186923	0.7222318241208696	0.9040340630395722	0.7994768686451095	0.7775948875912487
