0.5	0.0	0.0	0.0	0.0	0.0	0.0	0.0	0.0	0.0	0.0	0.0	0.0	?	?	?	?
1.0	0.0	0.0	0.0	0.0	0.0	0.0	0.0	0.0	0.0	0.0	0.0	0.0	?	?	?	?
2.8	0.030000000000000006	0.3	0.05454545454545454	0.05454545454545454	0.3	0.3	0.3	0.3	0.3	0.3	0.3	0.3	0.3	0.3	0.3	0.3
3.9	0.030000000000000006	0.2	0.051515151515151514	0.051515151515151514	0.2	0.2	0.2	0.2	0.2	0.2	0.2	0.2	0.2	0.2	0.2	0.2
4.0	0.030000000000000006	0.2	0.051515151515151514	0.051515151515151514	0.2	0.2	0.2	0.2	0.2	0.2	0.2	0.2	0.2	0.2	0.2	0.2
5.0	0.02	0.2	0.03636363636363636	0.03636363636363636	0.2	0.2	0.2	0.2	0.2	0.2	0.2	0.2	0.2	0.2	0.2	0.2
10.0	0.07999999999999999	0.7	0.14242424242424245	0.14242424242424245	0.7	0.7	0.7	0.7	0.7	0.7	0.7	0.7	0.7	0.7	0.7	0.7
20.0	0.18	0.9	0.2911754911754912	0.2911754911754912	0.9	0.8666666666666666	0.8800000000000001	0.8800000000000001	0.9	0.9	0.9	0.9	0.9	0.9	0.9	0.9
30.0	0.32	1.0	0.47239427239427234	0.47239427239427234	1.0	0.8583333333333332	0.9171428571428573	0.9171428571428573	0.9399999999999998	1.0	0.9638888888888889	0.9638888888888889	0.9800000000000001	0.9666666666666666	0.9688888888888888	0.9688888888888888
50.0	0.59	1.0	0.7342326404245909	0.7342326404245909	0.9690476190476189	0.9049999999999999	0.9287290487290486	0.9287290487290486	0.9690476190476189	1.0	0.9832167832167833	0.9832167832167833	0.9690476190476189	1.0	0.9832167832167833	0.9832167832167833
