10	0.030000000000000006	0.2	0.051515151515151514	0.2128352769313719	0.2	0.2	0.2	0.34604520983356263	0.2	0.2	0.2	0.3544879197793276	0.2	0.2	0.2	0.35591874462335377
20	0.03	0.2	0.05217391304347826	0.2130463722444651	0.2	0.16666666666666666	0.18	0.30670265652305717	0.175	0.2	0.18571428571428572	0.326601195029501	0.2	0.2	0.2	0.34355926901075334
30	0.03	0.5	0.055718475073313775	0.2157010549233811	0.45	0.4333333333333333	0.42666666666666664	0.3267476176651728	0.21428571428571427	0.5	0.2551587301587302	0.3512441301498059	0.2783333333333333	0.5	0.33571428571428574	0.3664313663700913
50	0.038	0.9	0.07229795320805307	0.22762708045464858	0.7224999999999999	0.8416666666666666	0.7296031746031746	0.3738613161030607	0.28451770451770453	0.9	0.3693722943722944	0.35738844211515	0.5726923076923077	0.9	0.643888888888889	0.39654804652029385
100	0.031	0.9	0.05921908071005333	0.21952235020357053	0.4244403744403744	0.825	0.46983305966064587	0.3070462805395702	0.1118607551139591	0.9	0.1893286795763576	0.28724638374269024	0.3332967607105538	0.8625	0.4105124507116701	0.32849563174531854
150	0.029333333333333333	1.0	0.05621154683819733	0.2213607845063142	0.2550309185001211	0.9264285714285714	0.35289722225359316	0.2921330058940829	0.10244243999548526	0.9916666666666666	0.17276659068383152	0.28009682892403137	0.17661397483796626	0.9916666666666666	0.2789920351979175	0.31071307792265435
200	0.03449999999999999	1.0	0.0662396175883581	0.22537644368704637	0.23321457903101037	0.8776190476190475	0.3551384686512688	0.29945265024000306	0.09696506801064901	0.9928571428571429	0.1713371943371125	0.2811982793921762	?	?	?	?
300	0.034666666666666665	1.0	0.06683315825508465	0.22700106298392467	0.15627424222728464	0.8684371184371183	0.2580037372287278	0.28294806490099916	0.07957420218942174	1.0	0.14697114693750699	0.2653261640020504	?	?	?	?
400	0.03525	1.0	0.06797253598623587	0.2274819382137176	0.12255414539397902	0.8949582525317819	0.2142948817994513	0.2740774764767295	0.07426768810163765	0.988562091503268	0.13790894866588016	0.2607289139429313	?	?	?	?
500	0.036199999999999996	1.0	0.06969868311714629	0.2285308727130147	0.1015558271013054	0.9110420281472914	0.1816218780779874	0.2663140600823329	0.07542777926814598	0.9897619047619048	0.1399300114478873	0.2584500685871115	?	?	?	?
600	0.03833333333333333	1.0	0.07365001011853126	0.2305288715283492	0.10091261603529904	0.8882549797402651	0.179533175778448	0.2655178772651916	0.07257693243537146	0.9851948051948053	0.13493613086639084	0.2575399376278505	?	?	?	?
700	0.039142857142857146	1.0	0.07519190311345661	0.23197748533898993	0.08836272682610131	0.9221758796758797	0.16054201727886455	0.2632162174217535	0.07107517247395538	0.965944055944056	0.1321083721036071	0.2560623940393313	?	?	?	?
800	0.03875	1.0	0.07450436390572021	0.2313239471662243	0.08617949677924554	0.883463602609944	0.15647453919490098	0.2593216782800659	0.066165353484849	0.9622312927800734	0.12357917056373893	0.2517345494030111	?	?	?	?
900	0.03866666666666667	1.0	0.07436830072688223	0.23167633314286654	0.08345089092928679	0.8765212847388308	0.15177598704625553	0.25776588823243796	0.062205034530954294	0.9603771542388658	0.1167481194774636	0.24957221423174852	?	?	?	?
1000	0.0386	1.0	0.07424593251224142	0.23136881121717198	0.07571471343409027	0.8665681099566189	0.13874957854244235	0.25268594462713345	0.060154009440111046	0.9470565267796467	0.11297785271544696	0.2474874169209193	?	?	?	?
2000	0.03895	1.0	0.07494402731634302	0.23204762649412874	0.05140668284156611	0.8951921756556617	0.09702252465125037	0.2394533930080574	0.048425551513185935	0.9303568448661285	0.09195341705702512	0.2385954833594599	?	?	?	?
3000	0.04030000000000001	1.0	0.07745358657597719	0.233895633665223	0.04871452972124059	0.9157583748004028	0.0924585852314991	0.23850600462920551	0.0459419788621569	0.9407962954923009	0.0875258272335605	0.23716002249258356	?	?	?	?
4000	0.040675	1.0	0.07816427429103129	0.2341969822988888	0.04700709634403203	0.9234591829978751	0.08943955807869494	0.23713317226920685	0.04419263659598531	0.9517896037805416	0.0844457310102569	0.2363474953605959	?	?	?	?
5000	0.04038	1.0	0.07762024331926932	0.23378950569016377	0.0443399821329678	0.9544449714597885	0.08472311291093626	0.23574371014907075	0.04304099121927168	0.9684289371806795	0.08239604162800952	0.23526609559617045	?	?	?	?
6000	0.04053333333333333	1.0	0.07790375888844811	0.23391925773945163	0.04390743106014722	0.9536794358641772	0.08392325136754605	0.23532306480250326	0.04248669817766094	0.9718188250563834	0.08139150590625001	0.23492490925198287	?	?	?	?
7000	0.03981428571428571	1.0	0.076577381808176	0.23315589350324423	0.04162554410902687	0.9739992774545992	0.07983276321585048	0.23403502283098887	0.04190877524232274	0.964201614807697	0.08031445377408278	0.23390944079202272	?	?	?	?
8000	0.039850000000000003	1.0	0.0766446545309816	0.2333567434543254	0.041213594890662036	0.9814308840402705	0.07909984187824906	0.2340941972744644	0.04138183196913229	0.967736830246559	0.07936170988814256	0.23395116301039548	?	?	?	?
9000	0.039933333333333335	1.0	0.076798142237962	0.23349548912911486	0.04144359623571525	0.9754286277825	0.07950009243783251	0.2342113590452713	0.041152788288554135	0.9720751531189118	0.07895495742742153	0.23394404144256004	?	?	?	?
10000	0.040179999999999993	1.0	0.07725386516513522	0.233824248986194	0.041529588302294584	0.9767466424383396	0.07966287372280743	0.23439021163369617	0.04088091548993875	0.984760393350494	0.07849520687034495	0.2341080996147465	?	?	?	?
