10	0.18	0.9	0.2911754911754912	0.4314571484768443	0.8333333333333333	0.9	0.85	0.6403604955047626	0.825	0.9	0.8400000000000001	0.6430936103531194	0.825	0.9	0.8400000000000001	0.6430936103531194
20	0.19999999999999998	1.0	0.32397219527654303	0.4546815483195309	0.8457142857142855	0.9290476190476191	0.8789610389610389	0.6030719425691469	0.5878968253968254	1.0	0.6969555444555444	0.6188513158625851	0.7068253968253968	1.0	0.7998376623376624	0.6425878504911158
30	0.18333333333333332	1.0	0.3041177009056266	0.44278730287758766	0.6364574314574314	0.925436507936508	0.7094068676421619	0.5894794165830002	0.5724847374847376	1.0	0.6856454819690113	0.6012820202322419	0.6577777777777778	0.968888888888889	0.7528277424330054	0.608443649742127
50	0.19	1.0	0.315615059475593	0.44771074417811685	0.6409124209124208	0.853154623154623	0.6998101557312084	0.5662709150304709	0.5298513915042047	0.9916666666666666	0.677732246352936	0.5868213946580874	0.5672101823185415	0.9762820512820513	0.6953932284052223	0.5984746317264793
100	0.20800000000000002	1.0	0.3417953117206318	0.4580289123407585	0.4583687107900448	0.9284244330597625	0.6043312821463391	0.5566488345838231	0.4152387640276941	0.9832323232323233	0.5820601820158692	0.5551814041621576	0.48981725168357093	0.9379605651719596	0.6348760241326488	0.5709486276584949
150	0.21200000000000002	1.0	0.3484331574141192	0.4592550382773248	0.3949329898134444	0.9144601694601695	0.5461954432568907	0.5364169726169523	0.37401953848257596	0.9602650127650127	0.534960519979723	0.5381768964248277	0.4439003141244552	0.8936793761793762	0.5862221750439718	0.5546980691236523
200	0.21050000000000005	1.0	0.3462025900165474	0.4593810074686185	0.3644703014756034	0.9141238415363331	0.5167444292210622	0.526686372410003	0.33068994607600005	0.9619465105930445	0.4895710656817845	0.5204789802377902	?	?	?	?
300	0.21233333333333335	1.0	0.3490103261391275	0.4600247852946988	0.31511305368446363	0.9143692592220276	0.46696845026319134	0.5044137109759663	0.29178527079083666	0.9476020123821112	0.4429138011706112	0.49930186768350904	?	?	?	?
400	0.20500000000000002	1.0	0.3396610708313087	0.4537509748893382	0.26885611188062253	0.9201278818646197	0.41475621053148926	0.4812933529690535	0.26519686155912636	0.9234281464660314	0.41110608469307586	0.4811111322738465	?	?	?	?
500	0.19939999999999997	1.0	0.33222494349674087	0.4494218719557296	0.25616330335342913	0.906768314531492	0.39812882443114517	0.47187147801461754	0.24918186630020345	0.9261178655545775	0.3913284403437867	0.47089507405217307	?	?	?	?
600	0.19733333333333333	1.0	0.3293077041718501	0.44738234577035946	0.24088751419571802	0.9219927867167165	0.3808173588184271	0.46428072855418645	0.23530856363197197	0.9276051849681946	0.37425208348932637	0.46349007245204665	?	?	?	?
700	0.19428571428571426	1.0	0.3251466462209357	0.4453172103884758	0.23049134003172012	0.9223541680838745	0.3674537266194452	0.45881339845279745	0.22296842878758247	0.9347083968415737	0.3588711046428027	0.45691777834277125	?	?	?	?
800	0.19675	1.0	0.32860801943701445	0.44714402008607623	0.22657603745235008	0.9196939106614284	0.3626310242728158	0.45698627748118464	0.21891079195599233	0.9415333910609359	0.354472656842459	0.4559385073352432	?	?	?	?
900	0.198	1.0	0.3303860921805037	0.4481347745641756	0.22497522864798342	0.9183674353802228	0.36059486272921853	0.45661054920200506	0.22039842547755178	0.9372199228320662	0.35594294499498225	0.4562034927481462	?	?	?	?
1000	0.1963	1.0	0.3280110889948483	0.44673641503501427	0.21580416611744627	0.9479388990924751	0.35104149533620277	0.4538994071093846	0.21371749800452622	0.952083216394424	0.3485432243245565	0.45322597946358406	?	?	?	?
2000	0.1997	1.0	0.33287789706646903	0.4487619536307168	0.20561524793610314	0.9790068883302083	0.3397788953790702	0.450824277523036	0.20239805794004004	0.9919388952192071	0.3361438131363418	0.4500162605569401	?	?	?	?
3000	0.20099999999999998	1.0	0.3347061921510801	0.44930735082993223	0.20498542767930972	0.986842666933551	0.33940388213616324	0.4506327617066181	0.2031768099351603	0.9937623646226633	0.3373217399401111	0.4502487407399312	?	?	?	?
4000	0.20045000000000002	1.0	0.3339442468786653	0.44941437264155415	0.20237768154505184	0.9943888261492526	0.33629456849394407	0.45021640334012253	0.20095319216214486	1.0	0.33464190383030407	0.44983539744483253	?	?	?	?
5000	0.19949999999999996	1.0	0.33261931213303775	0.44893867982396307	0.2013131740560478	0.9944519043114541	0.3348250864604586	0.4496830748193822	0.199883877233837	1.0	0.3331526688380697	0.44926499159545125	?	?	?	?
6000	0.1996	1.0	0.3327567772299661	0.4493673692510904	0.2009979264154064	0.99504704581159	0.33442018389173245	0.4498076910673336	0.19993308834423124	1.0	0.33321961484701734	0.44964469020047415	?	?	?	?
7000	0.1986	1.0	0.33137539995845144	0.44850954051564706	0.19972040070438024	0.996320503144416	0.3327289472211557	0.4489493070778684	0.19890964619816387	1.0	0.33180638930739753	0.44877920200480437	?	?	?	?
8000	0.19878749999999998	1.0	0.33163531162071147	0.4487678192547578	0.1997798619738814	0.9973537385562115	0.3328673741493803	0.4491855247063558	0.19901460473012977	1.0	0.3319509717132413	0.4489510354463063	?	?	?	?
9000	0.19892222222222222	1.0	0.33182427864125197	0.4487888050769846	0.1998020956276672	0.9979247331426719	0.3329317248991089	0.4491482861065704	0.19912597512615174	1.0	0.3321076308091049	0.44894596844389023	?	?	?	?
10000	0.19919	1.0	0.3321975699275937	0.44900606483814876	0.19995519307990434	0.9980877994661137	0.3331540280869411	0.4493023115040791	0.1993672980936827	1.0	0.3324441727914166	0.4491374012975572	?	?	?	?
