10	0.0	0.0	0.0	0.26805861030544864	0.0	0.0	0.0	0.31691905413053534	0.0	0.0	0.0	0.3456028223532603	0.0	0.0	0.0	0.3456028223532603
20	0.005	0.1	0.009523809523809523	0.269971651892282	0.05	0.1	0.06666666666666667	0.3224401234830151	0.02	0.1	0.03333333333333333	0.33616897666097867	0.02	0.1	0.03333333333333333	0.34042309279502325
30	0.003333333333333333	0.1	0.0064516129032258064	0.27046728488588934	0.025	0.1	0.04	0.32141184128615763	0.016666666666666666	0.1	0.02857142857142857	0.333059936166433	0.014285714285714285	0.1	0.025	0.33997952969843187
50	0.002	0.1	0.00392156862745098	0.26677082092505133	0.008333333333333333	0.1	0.015384615384615385	0.3112473107734236	0.005	0.1	0.009523809523809523	0.3134463341475985	0.006666666666666666	0.1	0.0125	0.32560515295157977
100	0.001	0.1	0.0019801980198019802	0.2634191083417659	0.0018867924528301887	0.1	0.0037037037037037034	0.2932255166176581	0.0018181818181818182	0.1	0.0035714285714285713	0.2927113656903495	0.0024390243902439024	0.1	0.0047619047619047615	0.30149693641851477
150	0.004666666666666667	0.5	0.009236667828511676	0.2668372996799033	0.010100519635403357	0.5	0.019711427183598758	0.28854812033046867	0.007252337260080706	0.5	0.014272021848216637	0.2865964529235621	0.013476955216085652	0.5	0.026001750700280112	0.29866647778652505
200	0.005	0.5	0.009881577820306844	0.2678239384039005	0.009738615693314096	0.5	0.01900713933194248	0.28842713300684586	0.007071279331820524	0.5	0.013903665859734283	0.28518238229532283	?	?	?	?
300	0.004333333333333333	0.6	0.008594001025149269	0.26674341591268774	0.007289038619755739	0.6	0.014374780793338532	0.28064209764032194	0.006509827729397226	0.6	0.01285787090610753	0.27973990082730926	?	?	?	?
400	0.004	0.6	0.007938032654952987	0.2660038324987361	0.006068552744674345	0.6	0.011996164633870088	0.27645642078643073	0.00572712192081854	0.6	0.011325660644652435	0.27572151584978183	?	?	?	?
500	0.004	0.6	0.00794125088835866	0.2649672655640721	0.006072306184963787	0.6	0.012005031090366915	0.2730366124037008	0.0051996079684643185	0.6	0.010294896843990126	0.27216903656075137	?	?	?	?
600	0.004166666666666667	0.7	0.008271068734975214	0.2658767031597624	0.005640290003801748	0.7	0.011162943547528668	0.27193664618823343	0.005237827107653008	0.7	0.010377102997253928	0.27128448523468573	?	?	?	?
700	0.004	0.7	0.007940107120416226	0.2657329210236399	0.00502293505024714	0.7	0.00995230265880549	0.2699392238970945	0.0046097383272653	0.7	0.009140015969287287	0.269543444570879	?	?	?	?
800	0.00375	0.9	0.007453471381284516	0.2643451431503431	0.004491398716708489	0.9	0.00891671501133202	0.2678225799654451	0.004186038981121283	0.9	0.008315180086453561	0.2676006556090487	?	?	?	?
900	0.004	0.9	0.007952911260523169	0.2644041454375118	0.004851053739397908	0.9	0.009633328842224745	0.26766970274361784	0.004730570168599099	0.9	0.009395981239142556	0.2672770432809551	?	?	?	?
1000	0.0042	1.0	0.008354682505245337	0.26444474808664487	0.0049159007146232035	1.0	0.009768758018421676	0.26742639362918774	0.004704956949307235	1.0	0.009353431889539712	0.26672751123598804	?	?	?	?
2000	0.004750000000000001	1.0	0.009449649525282686	0.2654667635301207	0.005102532384009817	0.99	0.010146520033422368	0.2664184299556148	0.0049865500132980235	1.0	0.009917795672050984	0.2662588923390179	?	?	?	?
3000	0.005299999999999999	1.0	0.010539638818421956	0.26610920054371057	0.005504981431062271	0.9928571428571429	0.010944504697549524	0.2667054181790876	0.005403397055829572	1.0	0.01074421040683059	0.2664696027603019	?	?	?	?
4000	0.005124999999999999	1.0	0.010194041363196866	0.26545674847647666	0.005240555556538665	1.0	0.010422289892825924	0.26581671542363167	0.005151282045942182	1.0	0.010246015690812741	0.2656385083546268	?	?	?	?
5000	0.005020000000000001	1.0	0.009986362201272194	0.26542879772311323	0.005132480152777658	0.9971428571428571	0.01020836702650464	0.26578521761017354	0.005053164990479596	0.9971428571428571	0.010051626888238543	0.2656398168166359	?	?	?	?
6000	0.004933333333333334	1.0	0.009814869101506554	0.26560009417650104	0.005029136676099244	0.9976190476190476	0.010004132575370124	0.26587830567626164	0.004970328500817267	0.9976190476190476	0.00988774167270152	0.26573685288474364	?	?	?	?
7000	0.004885714285714287	1.0	0.009720801347234784	0.26517872323022995	0.004971960261106218	1.0	0.009891502634509233	0.2653945467119422	0.0048896240854898725	1.0	0.009728539149067536	0.26526692435803223	?	?	?	?
8000	0.004825	1.0	0.009600995542044338	0.2649270409322434	0.004898918534267417	1.0	0.009747354336678348	0.2651345348104283	0.004837742667172633	1.0	0.009626257388138455	0.2650120836279545	?	?	?	?
9000	0.004722222222222223	1.0	0.009397874306374652	0.26496665188071866	0.004781540431350016	1.0	0.009515373111492751	0.26516188424718035	0.0047351353493324914	1.0	0.00942347228979944	0.2650531568492186	?	?	?	?
10000	0.00466	1.0	0.009274522575638761	0.26505911977039737	0.004702097016770148	1.0	0.00935790725006524	0.265199338185174	0.004662792908118985	1.0	0.00928005259711518	0.2651247949101919	?	?	?	?
