0.5	0.004666666666666667	0.5	0.009236667828511676	0.009236667828511676	0.5	0.5	0.5	0.5	0.5	0.5	0.5	0.5	0.5	0.5	0.5	0.5
1.0	0.010666666666666668	0.8	0.020934352670446743	0.020934352670446743	0.75	0.7266666666666666	0.7321428571428571	0.7321428571428571	0.6785714285714286	0.8	0.7126315789473684	0.7126315789473684	0.8	0.7266666666666666	0.755	0.755
2.8	0.019333333333333334	1.0	0.03777554159425277	0.03777554159425277	0.8019047619047619	0.7166666666666667	0.7187301587301587	0.7187301587301587	0.5442857142857143	1.0	0.6524369747899159	0.6524369747899159	0.9666666666666668	0.7666666666666667	0.8400000000000001	0.8400000000000001
3.9	0.029333333333333333	1.0	0.05647054720778409	0.05647054720778409	0.95	0.6077380952380953	0.7011327561327562	0.7011327561327562	0.5522222222222222	0.9675	0.6533237776716039	0.6533237776716039	1.0	0.7120238095238095	0.814145299145299	0.814145299145299
4.0	0.029333333333333333	1.0	0.05621154683819733	0.05621154683819733	0.7835714285714286	0.6978571428571428	0.6797222222222222	0.6797222222222222	0.5785714285714285	0.9716666666666667	0.6910305250305251	0.6910305250305251	0.8903030303030304	0.7538095238095238	0.7987050630528891	0.7987050630528891
5.0	0.044	1.0	0.08396165621245939	0.08396165621245939	0.8	0.35388888888888886	0.485585248085248	0.485585248085248	0.2869729623824452	0.943888888888889	0.4288278962192006	0.4288278962192006	0.7966666666666666	0.696111111111111	0.7219165279165279	0.7219165279165279
10.0	0.12799999999999997	1.0	0.22669111124049088	0.22669111124049088	0.6981184020657705	0.3910249554367201	0.4829885319359004	0.4829885319359004	0.33630007143425306	0.8684027582324795	0.4815715719719213	0.4815715719719213	0.6468801829032008	0.6075449541858211	0.6180634901074638	0.6180634901074638
20.0	0.21200000000000002	1.0	0.3484331574141192	0.3484331574141192	0.5661513892865583	0.5841865541865542	0.554460802543767	0.554460802543767	0.4194266120436745	0.8955485255485256	0.5684632985765452	0.5684632985765452	0.5932243750872783	0.7213936063936064	0.6400601539982083	0.6400601539982083
30.0	0.3026666666666667	1.0	0.4632528709534839	0.4632528709534839	0.5739443447185322	0.6796134292438902	0.6167141086467401	0.6167141086467401	0.4994654988660353	0.848587305757692	0.624683535191733	0.624683535191733	0.6497804810184549	0.7188402884240086	0.6792400004504554	0.6792400004504554
50.0	0.5033333333333333	1.0	0.6683073079012511	0.6683073079012511	0.6346821049311568	0.8881796856247721	0.7366736414748507	0.7366736414748507	0.6177685953065069	0.9046347624318836	0.7328974741280894	0.7328974741280894	0.6930399325244287	0.8427120556674852	0.7585276402918095	0.7585276402918095
