10	0.030000000000000006	0.2	0.051515151515151514	0.30443689837019117	0.15	0.2	0.16666666666666666	0.3846325233063268	0.13333333333333333	0.2	0.15	0.40070733989493973	0.13333333333333333	0.2	0.15	0.4038949223877973
20	0.030000000000000006	0.4	0.05541125541125541	0.3073873626206759	0.2733333333333333	0.4	0.3071428571428571	0.39355149843457604	0.12777777777777777	0.4	0.17857142857142855	0.4081825469523047	0.1361111111111111	0.4	0.19	0.41240556014048985
30	0.03	0.6	0.056488269794721414	0.2963095799587858	0.20555555555555555	0.6	0.26676767676767676	0.3793907305059444	0.10396575646575648	0.6	0.16812409812409815	0.39415455031044094	0.10868797868797868	0.6	0.1769119769119769	0.40242862690765335
50	0.03799999999999999	0.8	0.07214712364545883	0.3036388971007138	0.2311111111111111	0.7666666666666666	0.3313717448701968	0.37628708320636944	0.12803692201518285	0.8	0.20805257705257704	0.38781709368949546	0.1538861138861139	0.8	0.25011715464804707	0.40600423978466554
100	0.027000000000000003	0.8	0.05187775761855658	0.29222201168487294	0.1109290063758149	0.7583333333333333	0.18410720391683855	0.3402637636110587	0.05653339562682961	0.8	0.103870428006321	0.33743479434472967	0.08735150558179486	0.8	0.1515378263681084	0.3550701391472749
150	0.029333333333333333	1.0	0.05647054720778409	0.29360916037978246	0.09200765422088743	0.9532142857142857	0.15748208396662206	0.3382594568088768	0.059163633730181485	1.0	0.10902184386886846	0.3315475495049086	0.08643633875073094	0.9607142857142857	0.15011977903333187	0.3470601087338811
200	0.03150000000000001	1.0	0.060758223786474254	0.2947854544687682	0.08907061116721118	0.9809090909090908	0.1582009857992413	0.33197317501269025	0.05825021878513348	1.0	0.10856525717499874	0.3261368648215571	?	?	?	?
300	0.03266666666666666	1.0	0.06302996992044088	0.29486423568368425	0.07705506316020927	0.9635576923076924	0.14046561976847832	0.3206679791971453	0.0541699808410908	0.98125	0.10186235798022332	0.31758450425837936	?	?	?	?
400	0.033249999999999995	1.0	0.06421294543053042	0.2954353657263632	0.0665712954255507	0.9661904761904763	0.12365364702174413	0.31490865707729576	0.051170691541039405	0.9952380952380953	0.09690763255055519	0.3119689798219958	?	?	?	?
500	0.033800000000000004	1.0	0.06522900168708196	0.29646460212916226	0.05852816517678503	0.9674956082564778	0.10978843150569788	0.3117499292597599	0.04991264454535765	0.9928571428571429	0.09464488684356002	0.30963377844218176	?	?	?	?
600	0.032	1.0	0.061934046015747944	0.2947134157751048	0.053254702726240256	0.9775146198830409	0.10074152902641924	0.30697593788128014	0.04677477481542835	0.9842240215924427	0.08914960214589182	0.30622774279137704	?	?	?	?
700	0.031999999999999994	1.0	0.061947804250816994	0.29459297365712117	0.04798099593178866	0.9833919413919414	0.09134907695098757	0.30402384594505955	0.04252168826356573	0.9879436655298726	0.08145397041042131	0.30333702333086177	?	?	?	?
800	0.031875	1.0	0.061711373226054134	0.295137062535336	0.04403662489833372	0.9814114313106248	0.08417815006760646	0.3020583017592086	0.04060880151973544	0.9893883689839573	0.07788865560696122	0.3014052702239378	?	?	?	?
900	0.03166666666666666	1.0	0.06132595624558672	0.2948774210796302	0.04349293544700988	0.9823785639647709	0.08319750128609932	0.3012142662597283	0.03945416895301994	0.9731722147584216	0.07576092546300536	0.3004143902876555	?	?	?	?
1000	0.0316	1.0	0.06120937396697647	0.29475618734732956	0.03976180626087909	0.9747773523635592	0.0763062870458729	0.29992703630225603	0.03701701196869927	0.978538256124463	0.07127330268789309	0.2991955585483417	?	?	?	?
2000	0.03025	1.0	0.05868771561758246	0.29311657222876614	0.03241968624783243	0.9888620288023973	0.06272664097464495	0.29442150902243147	0.03160186566285779	0.9859042925244005	0.061187810568569034	0.2939306701159631	?	?	?	?
3000	0.02996666666666667	1.0	0.058164036454103854	0.29315168171395045	0.031219557228547235	0.998780487804878	0.060519006225441804	0.29379110795092656	0.03047277966775095	0.9944848386654537	0.05910513012037907	0.29344056680440883	?	?	?	?
4000	0.030475000000000002	1.0	0.05913297495188792	0.29306656484403726	0.031122560544603405	0.9944378667556821	0.06033828243002406	0.2934573117705351	0.030692207500069634	0.9946676788064319	0.05953482269308508	0.29325284319221984	?	?	?	?
5000	0.03012	1.0	0.0584663191812828	0.29240745514140176	0.030698692770676543	0.9917840789939671	0.059542363387508554	0.29279689573998874	0.030290872534499486	0.9963554987212276	0.0587839717894814	0.2925798276813388	?	?	?	?
6000	0.03005	1.0	0.058339270883738095	0.2920214584074824	0.03047459371981921	0.9965552145993699	0.05913324075429808	0.29234063265354393	0.03015400795517268	0.9987951807228915	0.058533992160328986	0.2921592910350671	?	?	?	?
7000	0.03	1.0	0.05824431422785794	0.29178481625331615	0.03035551057436058	0.9976381852513805	0.05890884564398807	0.292009156078512	0.03008733755248045	0.9984126984126984	0.058407208372318296	0.2918753911796818	?	?	?	?
8000	0.029949999999999997	1.0	0.058153579869027736	0.291911342248487	0.030294972309693823	0.9970436480271768	0.05879799097859699	0.29211051223160267	0.029967395862063435	1.0	0.05818635355668195	0.29198264347901287	?	?	?	?
9000	0.03011111111111111	1.0	0.058457464294047266	0.2920023139287812	0.030383459859365018	0.9989119291705499	0.05896801389510516	0.2921406589749126	0.03014997404476206	1.0	0.05853051541794779	0.29205820612674854	?	?	?	?
10000	0.02966	1.0	0.05760824532676121	0.29129839624580034	0.02994675675609474	0.9990224650227446	0.05814642643892796	0.29145399464521704	0.029697125768611325	1.0	0.05767814799602402	0.2913487025399156	?	?	?	?
