10	0.18	0.9	0.2911754911754912	0.47210049747229865	0.6833333333333333	0.9	0.7385714285714285	0.6034534085145027	0.5376190476190477	0.9	0.6288095238095238	0.6123870535672173	0.5642857142857143	0.9	0.6516666666666666	0.6142048511867524
20	0.19999999999999998	1.0	0.32397219527654303	0.493177453879764	0.5289285714285713	0.9657142857142859	0.6385631035631036	0.6058452908733359	0.45835470085470087	1.0	0.5807438639791581	0.6063545956003435	0.5376587301587301	1.0	0.6542415917415918	0.6208574431404247
30	0.18333333333333332	1.0	0.3041177009056266	0.48368501648965223	0.4732288583449574	0.976388888888889	0.5976485802751114	0.5781329588436724	0.37014657298326026	1.0	0.5196842318926044	0.5840536511440059	0.4374871001031992	0.9888888888888889	0.5745263627953088	0.5927322405591188
50	0.19	1.0	0.315615059475593	0.4869767475408381	0.4377929551267147	0.9136557886557888	0.5733872436631057	0.569442700977357	0.37908332721751015	1.0	0.5402753524128353	0.5775935804879329	0.4208872927300037	0.9839743589743589	0.5732302376982513	0.587586762275372
100	0.20800000000000002	1.0	0.3417953117206318	0.4931447045767644	0.38018224017232	0.9536403856895082	0.5380780262899152	0.558101827378727	0.35293323354136075	0.9883333333333333	0.5177043631750247	0.5562905937933182	0.3935622648495333	0.9490073145245559	0.5504261694609733	0.5654851057478524
150	0.21200000000000002	1.0	0.3484331574141192	0.49287809424454565	0.3569402706351736	0.9488805638805639	0.5131093240488228	0.5460136455619891	0.3350835445656096	0.970397657897658	0.49495274886986723	0.5434688598834484	0.3735608600679431	0.9413773263773264	0.5314313033943657	0.5529633919708054
200	0.21050000000000005	1.0	0.3462025900165474	0.4936655327513904	0.31955449299840577	0.9434141540606881	0.47489364661467154	0.5347455763930485	0.29916786646360977	0.9690857558517132	0.45511080301486634	0.5300155205280209	?	?	?	?
300	0.21233333333333335	1.0	0.3490103261391275	0.4937140517728834	0.289032463807437	0.9340097268196565	0.4399327856113658	0.5177285210703666	0.2716004700117769	0.9578236419493613	0.4215980391267614	0.5146539257728485	?	?	?	?
400	0.20500000000000002	1.0	0.3396610708313087	0.4883387076726162	0.25534024630308033	0.9434809378543145	0.40085644676725146	0.5036489831861255	0.24256198382004895	0.9612935678896768	0.38562180295269555	0.5019872892568183	?	?	?	?
500	0.19939999999999997	1.0	0.33222494349674087	0.4848971332302915	0.2312899990330723	0.9581991622068061	0.3720626973918987	0.49611271469103607	0.22415739604819523	0.9723192354805145	0.3632066861915372	0.49453160223687676	?	?	?	?
600	0.19733333333333333	1.0	0.3293077041718501	0.48310156495816187	0.22534236964589596	0.9562266995152786	0.363454487014314	0.4909001982399596	0.21590491032287962	0.9646323435855824	0.35218277006250365	0.49004919944383574	?	?	?	?
700	0.19428571428571426	1.0	0.3251466462209357	0.4816210893217693	0.21586804732305173	0.9600103427084417	0.35130163735457015	0.48756083379260595	0.20940510740054039	0.972721032651371	0.3437191475941107	0.4868835700926305	?	?	?	?
800	0.19675	1.0	0.32860801943701445	0.48299630630326673	0.21136549445632286	0.9708356083374021	0.3465885442311454	0.487439675826231	0.2080262788659218	0.9778104260627869	0.342600981674319	0.48690573575045065	?	?	?	?
900	0.198	1.0	0.3303860921805037	0.48376808662411336	0.21016190337014237	0.9745182227835165	0.34524277095537365	0.48717471020019454	0.20672924347757177	0.9827186265565176	0.34115467144969475	0.48678083272252237	?	?	?	?
1000	0.1963	1.0	0.3280110889948483	0.4826417744839964	0.20704710778750196	0.9801706847732415	0.3415448035590938	0.48613424946036055	0.20398398535098822	0.9802912877703281	0.3374603406299283	0.4854276089985069	?	?	?	?
2000	0.1997	1.0	0.33287789706646903	0.48388857558808357	0.20277518202255326	0.993839568371282	0.3367482466734173	0.48498615126372036	0.2006276893051099	0.9985221674876847	0.33407239970593566	0.48441284600585827	?	?	?	?
3000	0.20099999999999998	1.0	0.3347061921510801	0.4840794704069107	0.20292814267589665	0.9955282850838272	0.3371163584559788	0.48472670443051713	0.20136363667100113	1.0	0.33520971968028423	0.48440259478139935	?	?	?	?
4000	0.20045000000000002	1.0	0.3339442468786653	0.48442635987687155	0.20190915036733897	0.997514183739931	0.33582589968788834	0.48499166957531614	0.20067175295936646	1.0	0.3342514731538496	0.4846252886909375	?	?	?	?
5000	0.19949999999999996	1.0	0.33261931213303775	0.48418572246518005	0.20078057448187053	0.9967943570699542	0.33421506528011724	0.4846343929626592	0.1996756673186524	1.0	0.3328634717435932	0.4843459504652201	?	?	?	?
6000	0.1996	1.0	0.3327567772299661	0.4846938603323888	0.2005177791194676	0.9975863728969807	0.33389287920814337	0.4849830328434588	0.19973394565485939	1.0	0.3329425367226474	0.48480909559499635	?	?	?	?
7000	0.1986	1.0	0.33137539995845144	0.48398238893728696	0.19927928147973226	0.9978233571380073	0.3322024625814767	0.48424975585104485	0.19872525136340463	1.0	0.33154958628627584	0.4840920957371223	?	?	?	?
8000	0.19878749999999998	1.0	0.33163531162071147	0.4842396537594521	0.19947638311881746	0.9981626266887718	0.3324931635265188	0.4844798910883849	0.1988951708906429	1.0	0.33178478394167216	0.48432887332805363	?	?	?	?
9000	0.19892222222222222	1.0	0.33182427864125197	0.4842145122671413	0.19943701067302316	0.9990433540897341	0.33248773336341386	0.48443533299481967	0.19901099692053667	1.0	0.33194763355811796	0.48428809105729087	?	?	?	?
10000	0.19919	1.0	0.3321975699275937	0.4843884124741539	0.19966939060649946	0.9993986540239808	0.3328295967090055	0.48458721345923106	0.19925794891184687	1.0	0.3322919688484277	0.4844457084448039	?	?	?	?
