10	0.59	1.0	0.7342326404245909	0.7045199237577329	0.9690476190476189	0.944047619047619	0.9521478521478521	0.8035536863646989	0.949047619047619	1.0	0.9721056721056722	0.822389481707303	0.949047619047619	1.0	0.9721056721056722	0.822389481707303
20	0.5750000000000001	1.0	0.7261282518872652	0.7046557564523452	0.8753590853590854	0.9746153846153847	0.9201663894763816	0.7984149001720169	0.8784060384060384	0.9923076923076923	0.9300235323335245	0.8043918141776647	0.8907437007437007	0.9832167832167833	0.9329326232426155	0.8062227729593255
30	0.55	1.0	0.7053879271894756	0.692664774387871	0.8393771929824562	0.9635515873015873	0.8906400432495893	0.7730350835847469	0.8186866558980572	0.9944444444444445	0.893870002687865	0.7752517203177	0.8224444198732124	0.9894444444444446	0.893545478982143	0.7773558997543331
50	0.522	1.0	0.6840190032087974	0.6805149311432569	0.7500922306137919	0.9502409571937308	0.8340500320597133	0.7404515232023288	0.7461031015928734	0.9660307895502797	0.8387458945410007	0.7474391374120317	0.7714395574908546	0.9623281518098222	0.8548271023283869	0.7576843988809867
100	0.5090000000000001	1.0	0.6722856591899338	0.6722714144674363	0.6528693912742964	0.9240082261681805	0.7611958791607357	0.7067239185236379	0.6207053276135939	0.9675678015134702	0.7549456011845804	0.7095887868974533	0.6648322108917295	0.9495806701952219	0.7794931749617322	0.7187916251110587
150	0.5033333333333333	1.0	0.6683073079012511	0.6681054384889826	0.5800319026996216	0.9580022361305035	0.7195140893066634	0.6895922119873177	0.5666254811699857	0.9751808487711113	0.7149612592176563	0.6897610372882853	0.601935559460262	0.9521042989596454	0.7345818923059707	0.6966550623824839
200	0.496	1.0	0.6622787163716766	0.6664640021844735	0.5527922722574459	0.9564294185595139	0.6983151209297965	0.6802959341704148	0.5429814740216721	0.9704029523783216	0.6945157540362286	0.6796446511847536	?	?	?	?
300	0.49066666666666664	1.0	0.6578873118592068	0.6622859002584631	0.523205030827919	0.9651915394997994	0.678143402014541	0.6694936216435098	0.5122330886433453	0.9807395385482215	0.6724273443858443	0.6686782352199485	?	?	?	?
400	0.4887499999999999	1.0	0.6563038720251011	0.6618933683259222	0.5035624585488332	0.9852089556275427	0.6662250068554953	0.6662428907075789	0.5001706237702501	0.9909943121971772	0.6644677629182911	0.6658675195471119	?	?	?	?
500	0.4892	1.0	0.6568229962945363	0.661235699841564	0.49987040509591374	0.9893312212997178	0.6639426657204057	0.6641719749892852	0.4948441983404678	1.0	0.6618962395655876	0.6639798029683541	?	?	?	?
600	0.4866666666666667	1.0	0.6546171180253904	0.6595686586552433	0.49369392353463004	0.994477215880847	0.6597559654364116	0.6617085776306115	0.4915071698528508	1.0	0.6589816850454681	0.6617852753385529	?	?	?	?
700	0.48257142857142865	1.0	0.6508653499257592	0.658118508068463	0.49044421732814325	0.9938889078313217	0.6567159000349655	0.66015104813839	0.48630512403672627	1.0	0.6542668533732765	0.659747338841391	?	?	?	?
800	0.4840000000000001	1.0	0.652213371462109	0.6585765269490172	0.4902357652975846	0.9932246461963959	0.6563918289209639	0.6596350716122343	0.4870998121481933	1.0	0.655027508338287	0.6598328292102053	?	?	?	?
900	0.4876666666666667	1.0	0.6555536063176401	0.6605655628656921	0.4933454817689998	0.9951909331954946	0.6596154210858167	0.661738560092959	0.4906075744587198	1.0	0.658208802601502	0.6617890426229377	?	?	?	?
1000	0.48919999999999997	1.0	0.6569055612826993	0.6610371106426808	0.4934636727123099	0.9975215965680929	0.6602065397584375	0.6621433919241624	0.4916672550501467	1.0	0.6591218196863939	0.662035681835782	?	?	?	?
2000	0.4936	1.0	0.6608293009473855	0.6634627257436221	0.4962233940796271	0.998288553270182	0.6627859430545315	0.6642332967853473	0.49486874836168876	1.0	0.6619619050078297	0.6640518237195648	?	?	?	?
3000	0.4962	1.0	0.6631945830682276	0.6654347779213892	0.4976194681928403	0.9987313260031584	0.6641735894103558	0.6657864551348975	0.4968165506054545	1.0	0.6637429027705335	0.6657198563954434	?	?	?	?
4000	0.497075	1.0	0.6640097459104086	0.6658628965749707	0.49807250598405933	0.9993458310468009	0.6647530622248526	0.666118466017629	0.49766286379818625	1.0	0.6645323051554888	0.6661087803624836	?	?	?	?
5000	0.49826000000000004	1.0	0.6650826171816545	0.6665788027274482	0.498910829770593	0.9995581317895571	0.6655626782047992	0.6667588623281797	0.49866097490616346	1.0	0.6654385822960571	0.6667439719212421	?	?	?	?
6000	0.4984333333333334	1.0	0.6652497286515064	0.666600783044823	0.4991864028120704	0.9993353188681114	0.6657698672513116	0.6667536724371856	0.49875090490406154	1.0	0.6655315494893885	0.6667411376345289	?	?	?	?
7000	0.4997000000000001	1.0	0.6663853673527677	0.6670473059653507	0.5001932089478004	0.9997141705664049	0.6667602256819729	0.6671693158273879	0.49999301491151515	1.0	0.6666458276816175	0.667164477341466	?	?	?	?
8000	0.49965000000000004	1.0	0.66634122816207	0.6670013426479392	0.500175760020625	0.9996494759084286	0.6667304098328859	0.6671304085355804	0.4998946112919008	1.0	0.6665581928203375	0.6671081846915843	?	?	?	?
9000	0.49925555555555556	1.0	0.6659942428758849	0.66676599350471	0.49973813281987756	0.9996209033322806	0.6663395473780743	0.6668718284641175	0.4994949001690448	1.0	0.6662067636613419	0.6668681580687055	?	?	?	?
10000	0.49978	1.0	0.6664610512337467	0.6670772219500661	0.5002070369003427	0.9997403903281373	0.6667818667553775	0.6671845016025995	0.5000159205271963	1.0	0.6666702536786299	0.6671760633260782	?	?	?	?
