10	0.32	1.0	0.47239427239427234	0.5269528553786504	0.96	0.95	0.9464285714285715	0.7771596329814611	0.9399999999999998	1.0	0.9638888888888889	0.7969771816398104	0.9399999999999998	1.0	0.9638888888888889	0.7969771816398104
20	0.28	1.0	0.4336670736670737	0.4956271899543071	0.9113095238095237	0.8796428571428571	0.8833730158730161	0.7314452606328296	0.8444444444444444	1.0	0.908511586452763	0.7652766790056827	0.8859126984126984	0.9857142857142858	0.9264253393665159	0.7766505653679083
30	0.29	1.0	0.444839513811362	0.5042794982343702	0.8338780663780663	0.8561965811965813	0.8314089144429703	0.706529789377252	0.726954271218977	0.9875	0.827473835137569	0.722921922128801	0.8073595848595849	0.9386965811965812	0.8633423727302446	0.7389978637284244
50	0.30000000000000004	1.0	0.4588420127818723	0.5082500782356447	0.7045802608480093	0.8402499461322991	0.755921978499111	0.6746189974035701	0.6173301198862934	0.9742824822236587	0.749236573167556	0.6879480418574522	0.737720553955848	0.9119335811247578	0.806286919266167	0.7142737397065411
100	0.31300000000000006	1.0	0.4741825576760424	0.5180389833764223	0.5610216002138211	0.8359573905335864	0.6645860905884278	0.6174757357060928	0.5104227906782566	0.9222691137641084	0.6513898811948188	0.6216647040583748	0.6432568914717586	0.8512791280811303	0.7294234302091037	0.6627007965911862
150	0.3026666666666667	1.0	0.4632528709534839	0.5106441929251997	0.47438575047432385	0.8506966204040267	0.6053556631308818	0.5853258207594298	0.45373806032349845	0.8974973080680968	0.5991090723212807	0.5885259205943346	0.5843169610834446	0.7964627791115972	0.6708018187841549	0.6178651503391809
200	0.302	1.0	0.4626063416479367	0.5097672700469691	0.46027916103466493	0.8378045796614237	0.5885633517647159	0.5748162266012653	0.4278886899606665	0.9074416953029948	0.5784552797971131	0.5741509422064277	?	?	?	?
300	0.30266666666666664	1.0	0.46386251760099195	0.5104097860295728	0.39968188028366913	0.8620913545947742	0.5429048433922217	0.5499898526755428	0.3839194087538652	0.8999701681774706	0.5370536675148022	0.5497554870025578	?	?	?	?
400	0.30824999999999997	1.0	0.4707656636799749	0.5150240359315813	0.383477672863468	0.8691574420299812	0.5300022151698692	0.543101899131526	0.3671963382975121	0.9097266770495687	0.5210609942892603	0.5406184652345514	?	?	?	?
500	0.3086	1.0	0.4712254343190799	0.5153080817326874	0.3627740780513118	0.8942172497461993	0.5134360364119044	0.5364989537845634	0.35442817929772785	0.9205402488041917	0.5101659626319751	0.5362402537355084	?	?	?	?
600	0.31033333333333335	1.0	0.473393762023061	0.5169182401849446	0.35710975012618046	0.8889283061326123	0.5086522997032897	0.532001158760069	0.3492495831350855	0.914927146278629	0.5047552673019617	0.5314499234284958	?	?	?	?
700	0.308	1.0	0.4707460075816175	0.5146437133012685	0.33886014783233276	0.9301061150609792	0.49629495604769297	0.5265347746519592	0.3354320553131927	0.9446799605354588	0.4943979911707654	0.5264956168251856	?	?	?	?
800	0.31025	1.0	0.4733948243550728	0.5169537363699883	0.3344021806488059	0.9434480405350645	0.493290264518921	0.5263144828009632	0.3317094548850482	0.9575853434442984	0.4920704924749514	0.5263425786863696	?	?	?	?
900	0.31022222222222223	1.0	0.4734162090536035	0.5169886443939522	0.3310644226208366	0.9487956019459303	0.4906720389693809	0.5249912956290731	0.32695817245283454	0.9636909943556503	0.48808121409137434	0.524428112914356	?	?	?	?
1000	0.3076	1.0	0.47033101856300696	0.5146441777595557	0.32826208431409604	0.9431383471986259	0.4867125464135566	0.5214736279368098	0.3264491213365435	0.9522697459134113	0.48581778443379714	0.5214271878536837	?	?	?	?
2000	0.30145000000000005	1.0	0.46320893857254114	0.5084106423905489	0.30767118167037494	0.9812671322967589	0.4683343360391282	0.5106776634703977	0.3062826973028273	0.9887688750948564	0.4675921083731125	0.5105859419610448	?	?	?	?
3000	0.29993333333333333	1.0	0.46143387221346366	0.5069529935783917	0.30258969428646404	0.991217116595255	0.4636116615250895	0.5079106188124427	0.3016487480110928	0.9975308641975309	0.46319462179355825	0.5079675015504863	?	?	?	?
4000	0.29879999999999995	1.0	0.4600992827251555	0.5057770976078351	0.30001783308667684	0.9977462744469474	0.4612997755050274	0.5063764782895677	0.2995805933410937	0.9998312236286919	0.46100674322361374	0.5063454977731858	?	?	?	?
5000	0.29856000000000005	1.0	0.45978958318830604	0.5058485066166426	0.29975695227714616	0.9967447063348139	0.4608711147667538	0.5063631328341227	0.29919858064941895	1.0	0.460547461168498	0.5063332585823062	?	?	?	?
6000	0.2981	1.0	0.45925470477978936	0.5052017276235807	0.2992411520022901	0.9969283798388282	0.4602794078405264	0.5056898772169902	0.2986576955649009	1.0	0.4599162024115876	0.5056178379345959	?	?	?	?
7000	0.29788571428571436	1.0	0.4590026462778319	0.5050626195800618	0.29893654556360605	0.9971362788418066	0.45994092478582027	0.5055333242589255	0.29840758177430926	1.0	0.4596209949771134	0.5054572686797345	?	?	?	?
8000	0.29823750000000004	1.0	0.45943181118867304	0.5054269420053445	0.2992547044934074	0.9972731103863641	0.4603453332975692	0.5058557329288265	0.29871037748199536	1.0	0.4599914312160158	0.5057830612785111	?	?	?	?
9000	0.2984666666666667	1.0	0.4597094156389893	0.5056550048214566	0.2994307707344584	0.9973335203733604	0.4605621433173283	0.5060531131551846	0.29886233337483536	1.0	0.4601783614861007	0.5059558000177635	?	?	?	?
10000	0.29834	1.0	0.4595621414887317	0.5056732539136014	0.29915692260459065	0.9975842725956164	0.46027279777818686	0.5060136593769993	0.2986898429750174	1.0	0.4599769106704071	0.505933842303862	?	?	?	?
