10	0.59	1.0	0.7342326404245909	0.7342326404245909	0.9690476190476189	0.9049999999999999	0.9287290487290486	0.9287290487290486	0.9690476190476189	1.0	0.9832167832167833	0.9832167832167833	0.9690476190476189	1.0	0.9832167832167833	0.9832167832167833
20	0.5750000000000001	1.0	0.7261282518872652	0.7261282518872652	0.9170238095238096	0.8968506493506494	0.9016315329550626	0.9016315329550626	0.8602054889554889	1.0	0.9236673087359216	0.9236673087359216	0.8989371739371739	0.99	0.9412686350568882	0.9412686350568882
30	0.55	1.0	0.7053879271894756	0.7053879271894756	0.8603466554085749	0.8984311156679577	0.8756063944773622	0.8756063944773622	0.8223561839963779	0.9839181286549706	0.8933806637575683	0.8933806637575683	0.8472734906319508	0.9839181286549706	0.9079261386256239	0.9079261386256239
50	0.522	1.0	0.6840190032087974	0.6840190032087974	0.7869071896148714	0.874819264942953	0.8216543537613383	0.8216543537613383	0.7583082290827567	0.9713578088578088	0.8509655192432717	0.8509655192432717	0.8276700666777378	0.9378010889418491	0.8777796516258555	0.8777796516258555
100	0.5090000000000001	1.0	0.6722856591899338	0.6722856591899338	0.6989844492303581	0.8540448965154512	0.7628008125173148	0.7628008125173148	0.6494975354956323	0.9424702486034173	0.7667052051348063	0.7667052051348063	0.7478126160472441	0.8671642595626258	0.8008348861816966	0.8008348861816966
150	0.5033333333333333	1.0	0.6683073079012511	0.6683073079012511	0.6346821049311568	0.8881796856247721	0.7366736414748507	0.7366736414748507	0.6177685953065069	0.9046347624318836	0.7328974741280894	0.7328974741280894	0.6930399325244287	0.8427120556674852	0.7585276402918095	0.7585276402918095
200	0.496	1.0	0.6622787163716766	0.6622787163716766	0.6052742740873681	0.8618702705103116	0.7082320504374616	0.7082320504374616	0.5715715289397665	0.9218615051869815	0.7044189016400458	0.7044189016400458	?	?	?	?
300	0.49066666666666664	1.0	0.6578873118592068	0.6578873118592068	0.5639435867021751	0.8822455177821199	0.6864021798395399	0.6864021798395399	0.5520177944337186	0.9139496318567689	0.6865039855673046	0.6865039855673046	?	?	?	?
400	0.4887499999999999	1.0	0.6563038720251011	0.6563038720251011	0.5399460328691664	0.903675537782758	0.6746580662684509	0.6746580662684509	0.5250636405167564	0.940366128757806	0.6725742025394266	0.6725742025394266	?	?	?	?
500	0.4892	1.0	0.6568229962945363	0.6568229962945363	0.5181625369595291	0.9408169612494269	0.6675496647287582	0.6675496647287582	0.5129522277625365	0.952895144014138	0.6665625995512686	0.6665625995512686	?	?	?	?
600	0.4866666666666667	1.0	0.6546171180253904	0.6546171180253904	0.5087860535133525	0.9600316186434374	0.6643634586207888	0.6643634586207888	0.5039359698827329	0.9706210136500767	0.6631334414724435	0.6631334414724435	?	?	?	?
700	0.48257142857142865	1.0	0.6508653499257592	0.6508653499257592	0.5022571390344993	0.9554944776058802	0.6581975479882529	0.6581975479882529	0.4972528549939593	0.9722991051124795	0.6575859282133697	0.6575859282133697	?	?	?	?
800	0.4840000000000001	1.0	0.652213371462109	0.652213371462109	0.49836403187047507	0.9671444372530461	0.6575349800137957	0.6575349800137957	0.49830391975372346	0.9710407586002077	0.6583804921043147	0.6583804921043147	?	?	?	?
900	0.4876666666666667	1.0	0.6555536063176401	0.6555536063176401	0.4995952794498719	0.9728576466862625	0.6601157150914397	0.6601157150914397	0.49574066179036713	0.9875378975887257	0.6600394182380882	0.6600394182380882	?	?	?	?
1000	0.48919999999999997	1.0	0.6569055612826993	0.6569055612826993	0.5005254685254797	0.9737954551643611	0.6610133362216036	0.6610133362216036	0.4958467274102869	0.9892557255111957	0.6603313606228898	0.6603313606228898	?	?	?	?
2000	0.4936	1.0	0.6608293009473855	0.6608293009473855	0.4993650347527999	0.9866710745676558	0.6629457500834273	0.6629457500834273	0.49632474460441556	0.9969482502476066	0.6625859735979585	0.6625859735979585	?	?	?	?
3000	0.4962	1.0	0.6631945830682276	0.6631945830682276	0.49841042203938785	0.9958590208942824	0.6642304770368889	0.6642304770368889	0.49711281269942686	1.0	0.66400878104069	0.66400878104069	?	?	?	?
4000	0.497075	1.0	0.6640097459104086	0.6640097459104086	0.4986004869089028	0.9971318969055041	0.6647272153054132	0.6647272153054132	0.4978858851345797	1.0	0.6647318878941482	0.6647318878941482	?	?	?	?
5000	0.49826000000000004	1.0	0.6650826171816545	0.6650826171816545	0.4996680790208569	0.9972379651365607	0.6657154217648691	0.6657154217648691	0.49879037200584725	1.0	0.6655540507387505	0.6655540507387505	?	?	?	?
6000	0.4984333333333334	1.0	0.6652497286515064	0.6652497286515064	0.4997363296416423	0.9971232418832748	0.6657506052162727	0.6657506052162727	0.4988418628429245	1.0	0.6656128849649404	0.6656128849649404	?	?	?	?
7000	0.4997000000000001	1.0	0.6663853673527677	0.6663853673527677	0.500748525980687	0.998028901498429	0.6668759063407118	0.6668759063407118	0.50004282577492	1.0	0.6666902478797295	0.6666902478797295	?	?	?	?
8000	0.49965000000000004	1.0	0.66634122816207	0.66634122816207	0.5004272765487426	0.9984734280494771	0.6666914586219723	0.6666914586219723	0.49998844251279007	1.0	0.6666416147464154	0.6666416147464154	?	?	?	?
9000	0.49925555555555556	1.0	0.6659942428758849	0.6659942428758849	0.5001061557194048	0.9980926557623364	0.6663224212460784	0.6663224212460784	0.4995891327660158	1.0	0.6662907016292939	0.6662907016292939	?	?	?	?
10000	0.49978	1.0	0.6664610512337467	0.6664610512337467	0.5005254372340645	0.9984230357749547	0.6667698542920718	0.6667698542920718	0.5000909473300322	1.0	0.6667369556678173	0.6667369556678173	?	?	?	?
