10	0.030000000000000006	0.3	0.05454545454545454	0.2918839638712687	0.3	0.3	0.3	0.40073600418311683	0.225	0.3	0.24	0.4028463889165015	0.3	0.3	0.3	0.41333148992196467
20	0.025	0.5	0.047619047619047616	0.27348322669019204	0.275	0.5	0.33999999999999997	0.36117799636025183	0.12083333333333332	0.5	0.18603174603174605	0.37543243763511586	0.13428571428571429	0.5	0.20500000000000002	0.386352997020697
30	0.02	0.5	0.038306451612903226	0.2735137123163843	0.1811111111111111	0.5	0.2319047619047619	0.3402367341711564	0.07225940725940726	0.5	0.1168131868131868	0.3479799733581147	0.08333333333333333	0.5	0.14109890109890108	0.3643016485839156
50	0.024	0.9	0.04660633484162896	0.2853779413422958	0.10022113997113997	0.9	0.1764189405365876	0.34479629780819615	0.0625794059496822	0.9	0.11503383610800491	0.35416992472269204	0.07698466422302067	0.9	0.1397594476387046	0.3672278020198966
100	0.02	1.0	0.03910259672454967	0.2832180322986878	0.058264691497931655	1.0	0.10862583743071548	0.32599907329991357	0.04161176590835303	1.0	0.07915186998180174	0.3236888560736112	0.06138455470480155	1.0	0.11389606749973498	0.33737071924027695
150	0.019333333333333334	1.0	0.03777554159425277	0.28239006758656876	0.04411692900854956	1.0	0.08346824741359796	0.31575343714655923	0.0343606173119914	1.0	0.0659793091591965	0.31356729245607845	0.04921659502193739	1.0	0.09255897843802471	0.32544718252996974
200	0.0195	1.0	0.03807222270748225	0.280489269770459	0.040392106497899	1.0	0.07690903171055398	0.30748072798779147	0.03138984216108069	1.0	0.06033483326682389	0.30413459145479893	?	?	?	?
300	0.01966666666666667	1.0	0.0384356746204942	0.28167742466378515	0.04016674930635436	1.0	0.07613586806325617	0.30149561863827007	0.03291196706929774	1.0	0.06304158336173438	0.30078668034295797	?	?	?	?
400	0.021	1.0	0.041025514285332396	0.2828037223265244	0.03992485891980631	0.9928571428571429	0.07619924352198501	0.2993360308814924	0.03342347565234191	1.0	0.06434817865404255	0.2983954495703089	?	?	?	?
500	0.020399999999999998	1.0	0.03991368572609033	0.2816139717639404	0.03363881692148836	1.0	0.0647742663171775	0.29421812160070876	0.02949604991991579	1.0	0.057098979077326785	0.2928985970276222	?	?	?	?
600	0.021166666666666667	1.0	0.0413920474841374	0.2823534278783151	0.034265792961983656	0.9733592796092797	0.06599025174483988	0.29348794337802797	0.030575039053744694	0.9881944444444445	0.05910892149686808	0.29195956347256424	?	?	?	?
700	0.020428571428571428	1.0	0.039976112866856726	0.28162170372960427	0.02916166854181972	0.9825396825396826	0.05649436837588821	0.2900523998191282	0.027596052859426907	0.9952380952380953	0.05353640920640353	0.28927884827949735	?	?	?	?
800	0.021625	1.0	0.042269984736184804	0.2826387946394205	0.03126464548892414	0.9819616977225673	0.060385134073734525	0.29118552077037263	0.029439206652192074	0.9958333333333333	0.057039281199108526	0.2901813280511182	?	?	?	?
900	0.021555555555555557	1.0	0.042144787337654935	0.2821687665178941	0.03085409727535466	0.983595571095571	0.05963887499643231	0.2890586768120694	0.027968148167264662	0.9919871794871795	0.0542920600425049	0.28846963343928017	?	?	?	?
1000	0.021299999999999996	1.0	0.04167509762081627	0.2821270267806286	0.02925584713197927	0.9791410256410256	0.05670009927135259	0.28840636558910043	0.02670358340553116	0.9879871794871795	0.051942217510600505	0.28750432593634867	?	?	?	?
2000	0.021049999999999996	1.0	0.041219163989070065	0.2825148139359606	0.023943120440936532	0.9855091658733606	0.04673207754862461	0.2843164318705014	0.023279734252240024	0.993348601761577	0.04547697854923129	0.283959201637121	?	?	?	?
3000	0.019933333333333334	1.0	0.0390799642945766	0.281431066467957	0.021290317177608445	0.9904638712009678	0.0416733458272093	0.2821553578356986	0.0208421121540104	0.9911935559237076	0.04081830953949534	0.28194217076964595	?	?	?	?
4000	0.020474999999999993	1.0	0.040120005008026004	0.28219390461660165	0.021054714830761358	0.9913642714317185	0.041224442658140584	0.28259697342258827	0.02085479017332889	0.9899279141883991	0.040840541327404466	0.28245991647291235	?	?	?	?
5000	0.020059999999999998	1.0	0.03932480711373386	0.2814510503963182	0.02042261980468079	0.9989361702127659	0.040020405107400056	0.2817693716881534	0.020179041904842158	0.9989361702127659	0.03955309819389099	0.2816306743731954	?	?	?	?
6000	0.020233333333333332	1.0	0.0396605743427719	0.2818164790370673	0.020656838862047798	0.9974576271186442	0.04047136688533976	0.2820533976991987	0.020429934309104378	0.9974576271186442	0.040036325859576345	0.2819687094045153	?	?	?	?
7000	0.020557142857142857	1.0	0.0402827019787378	0.2822267800246018	0.020746440742633057	1.0	0.04064607612816793	0.28242822932876166	0.020573480481654437	1.0	0.04031407914198528	0.2823394222024246	?	?	?	?
8000	0.020637499999999996	1.0	0.040437788597018035	0.28220445094671714	0.020803537917778815	0.9982008979371203	0.040754648958834724	0.2823922282586938	0.020652958882091718	1.0	0.040467467960751895	0.2823098541546091	?	?	?	?
9000	0.02056666666666667	1.0	0.04030258375690167	0.2822448588683385	0.020712687449367828	0.999468085106383	0.0405823716653698	0.2824225526550331	0.020582216042442363	1.0	0.04033243962536663	0.282345414522859	?	?	?	?
10000	0.02062	1.0	0.04040516531078468	0.2823663608582594	0.020783430179984665	0.9995260663507108	0.040718478535786015	0.2825274702026582	0.020634402845681743	1.0	0.04043282002024246	0.28245823453181157	?	?	?	?
