0.5	0.003333333333333333	0.1	0.0064516129032258064	0.10307387831363495	0.1	0.1	0.1	0.1765055940061896	0.1	0.1	0.1	0.1798297007992783	0.1	0.1	0.1	0.18559148377207166
1.0	0.006666666666666666	0.2	0.012903225806451613	0.10419129882990139	0.2	0.2	0.2	0.21924794874541798	0.2	0.2	0.2	0.2264865564470017	0.2	0.2	0.2	0.23219440107652586
2.8	0.02	0.5	0.038306451612903226	0.12357693922762061	0.5	0.5	0.5	0.3585291870997869	0.5	0.5	0.5	0.360557118011294	0.5	0.5	0.5	0.3651589535696671
3.9	0.03	0.6	0.056488269794721414	0.1437765972780896	0.6	0.5666666666666667	0.58	0.40842803704792274	0.6	0.6	0.6	0.4304629304850153	0.6	0.6	0.6	0.4320325969476884
4.0	0.03	0.5	0.055718475073313775	0.13924766487378917	0.5	0.4333333333333333	0.45999999999999996	0.35609323634507967	0.475	0.5	0.48571428571428577	0.38505528410424467	0.475	0.5	0.48571428571428577	0.39156038596044923
5.0	0.04666666666666667	0.8	0.08717008797653958	0.1680195132592704	0.7416666666666667	0.7666666666666667	0.7457142857142858	0.5102923657169848	0.7016666666666667	0.8	0.7407142857142858	0.5101260603221598	0.7266666666666667	0.8	0.755	0.521409794605763
10.0	0.09999999999999999	1.0	0.17824942293632998	0.24475002695556677	0.8758333333333332	0.85	0.8263170163170163	0.6224784006909584	0.8108333333333334	1.0	0.8765262515262515	0.6777088549585955	0.8341666666666665	0.9833333333333334	0.8848595848595849	0.6833486675460789
20.0	0.18333333333333332	1.0	0.3041177009056266	0.35327750515355066	0.8571428571428571	0.739047619047619	0.7727838827838828	0.6624160719502153	0.6658397158397158	1.0	0.7882747154805978	0.7134087653626188	0.8015873015873016	0.968888888888889	0.866240440845704	0.7578155899721108
30.0	0.29	1.0	0.444839513811362	0.47522721136943885	0.8557395382395383	0.7719230769230769	0.7984210526315789	0.731521200361235	0.7251685569332628	0.975	0.8199738351375692	0.7658088302449797	0.8490262515262517	0.9009188034188034	0.8706553521484872	0.8000889317675645
50.0	0.55	1.0	0.7053879271894756	0.7023193898194583	0.8299469925686106	0.9462301587301587	0.8787201390062995	0.847895996793306	0.8265703691919872	1.0	0.9028001882365155	0.8708542482310154	0.8472734906319508	0.9839181286549706	0.9079261386256239	0.874853703960178
