10	0.07999999999999999	0.7	0.14242424242424245	0.34883484619310556	0.7	0.7	0.7	0.46794384332823047	0.4333333333333333	0.7	0.4966666666666667	0.4821824686982842	0.4583333333333333	0.7	0.5233333333333333	0.4875334256835173
20	0.1	0.9	0.17652926783361567	0.36307798459152496	0.65	0.875	0.7073809523809524	0.48905689525570384	0.42619769119769124	0.9	0.5076812076812077	0.49703113803875026	0.45277777777777783	0.9	0.5507142857142857	0.5091215431932778
30	0.09999999999999999	1.0	0.17824942293632998	0.36369970104075505	0.5413596491228071	0.9416666666666667	0.6426373626373627	0.47170871157355015	0.32710012210012207	1.0	0.45933566433566436	0.4805597444855708	0.4163199665831245	0.9833333333333334	0.542142857142857	0.5004463886035924
50	0.11800000000000002	1.0	0.20988665498647352	0.3814691080527705	0.5299637383689108	0.8978571428571428	0.6310427253905515	0.5056163647241457	0.38043256068044407	1.0	0.5238517455757327	0.5059234785078482	0.47968596059113294	1.0	0.6266758603715126	0.5296864064203464
100	0.12199999999999997	1.0	0.21610573445470954	0.38821434151589085	0.3775306526860548	0.9081746031746031	0.5060453630438619	0.4710597054436887	0.2667877781120016	0.9944444444444445	0.41542483786459405	0.47049910113519233	0.3437315005814292	0.9694444444444444	0.49461828185812823	0.4877079222748938
150	0.12799999999999997	1.0	0.22669111124049088	0.3927991468561303	0.3071133446986351	0.9254120148856989	0.4492593355089469	0.4614265304434488	0.24046073012819963	0.978261562998405	0.38503853390707693	0.4541824510122276	0.33296611779134827	0.9204468836976577	0.4844490582472868	0.4764179274130539
200	0.1255	1.0	0.22256330133197513	0.38907961998819884	0.2511928040151164	0.9337076277184974	0.3929079669611966	0.44227710659629815	0.2102784895637057	0.9765198987807683	0.3454282470144273	0.43659409959405887	?	?	?	?
300	0.11300000000000002	1.0	0.20275236969910893	0.3731535246543968	0.21400051487972527	0.9177760653959013	0.34383803529103873	0.41344433936631714	0.17605097932454095	0.9633454980828032	0.2968011272979658	0.40750404347564534	?	?	?	?
400	0.1145	1.0	0.20526383065988346	0.37561036199141673	0.18143183994451037	0.9079851555936284	0.3011749533181702	0.4056484105339561	0.16402780472173792	0.9421979918909379	0.2786559277253641	0.4010169909537316	?	?	?	?
500	0.1136	1.0	0.20366449812039927	0.37502894456302566	0.16704827764801805	0.9158343616384172	0.28133785218849516	0.3987408418007914	0.1511492160389545	0.9417574618257838	0.2598749490229573	0.39444200898456133	?	?	?	?
600	0.11333333333333333	1.0	0.20327047484798025	0.37448467497330923	0.15474726783955617	0.9248748706145724	0.2638861156980187	0.39310446478237593	0.14380448275739424	0.9504815345326081	0.24912863589574222	0.39122108447759163	?	?	?	?
700	0.11000000000000001	1.0	0.19791451662125228	0.37235073784927286	0.14606001828831688	0.9236856214928186	0.2503888611054858	0.38694003086851525	0.13576734927043396	0.9444753124817362	0.23640936686003675	0.38553944339468244	?	?	?	?
800	0.10987500000000001	1.0	0.19773927611533648	0.37239060668650886	0.14213789558982223	0.9127716720804712	0.24460273917097944	0.38536021687791766	0.13733751778840084	0.9325989716099299	0.23871449701850342	0.38533479424093137	?	?	?	?
900	0.10922222222222222	1.0	0.1966946456558512	0.37186050180075686	0.13857069146418785	0.9225328282180685	0.24028050565244147	0.38426570815752353	0.13123742236305383	0.9429716949744987	0.2297534908284558	0.38273109497932645	?	?	?	?
1000	0.10800000000000001	1.0	0.1947820637432372	0.3707656207398845	0.1323637092526746	0.9255174372737074	0.23115351035943812	0.38021064376949754	0.12760290976412256	0.9374133301533245	0.22432145405682852	0.3794751264078467	?	?	?	?
2000	0.0992	1.0	0.18042345424148415	0.36076702552110007	0.1055327895127661	0.9735188655475598	0.19032391161144713	0.36317529647211344	0.10421281243528342	0.9769998082659261	0.1882432887940156	0.3629253820830106	?	?	?	?
3000	0.0991	1.0	0.18030706820623107	0.36058028077910254	0.10308802327907018	0.9803252657804746	0.1864891280157565	0.3619257377423685	0.1013587924695605	0.9875559111288922	0.18379958841885252	0.3615451888554739	?	?	?	?
4000	0.09930000000000001	1.0	0.18065078545138719	0.3601305720606029	0.10084695009433027	0.9952874386230451	0.18312208171260672	0.36081714248241753	0.09967678181461113	0.9985365853658535	0.1812446767794873	0.360447470491157	?	?	?	?
5000	0.09881999999999999	1.0	0.17984830058318163	0.35966984289902915	0.10002943146707524	0.9966080961638655	0.18178587254456668	0.36031197382062624	0.0993887737118437	0.9965687866339769	0.1807290332921903	0.3599538910681091	?	?	?	?
6000	0.09903333333333333	1.0	0.1802047793027404	0.3599540646945482	0.10013380539781047	0.9966466486598783	0.1819647256026016	0.3605103394720363	0.09931158415837679	0.9984873949579832	0.18063898539778817	0.3601649794309701	?	?	?	?
7000	0.0992142857142857	1.0	0.1805026986725743	0.3602719223076309	0.10023100678814396	0.9959689848400208	0.1821147981927089	0.36071774908813775	0.09947108577371748	0.998283261802575	0.18089719240878596	0.36043791253918583	?	?	?	?
8000	0.09910000000000001	1.0	0.18031719211329394	0.35999934010649837	0.09978866732558618	0.9960917785575191	0.1813887934417745	0.36031055175279697	0.09932563066194758	0.9983606557377049	0.1806621593113453	0.36011751771587763	?	?	?	?
9000	0.09893333333333335	1.0	0.1800438288707954	0.35951932762270333	0.09936448315070959	0.9979695937534394	0.1807237707376626	0.35974487902211116	0.09913970500863326	0.998216276477146	0.18035408745054193	0.35961013112082896	?	?	?	?
10000	0.09897999999999998	1.0	0.1801225666975505	0.3595691736265001	0.09936736241686117	0.9990016849383301	0.18074588393693655	0.35978893921597344	0.09902174173670888	1.0	0.1801916360337884	0.3596379596770244	?	?	?	?
