10	0.32	1.0	0.47239427239427234	0.47239427239427234	1.0	0.8583333333333332	0.9171428571428573	0.9171428571428573	0.9399999999999998	1.0	0.9638888888888889	0.9638888888888889	0.9800000000000001	0.9666666666666666	0.9688888888888888	0.9688888888888888
20	0.28	1.0	0.4336670736670737	0.4336670736670737	0.9029761904761905	0.7286904761904762	0.7824245199245199	0.7824245199245199	0.8277380952380952	0.9800000000000001	0.885843160107866	0.885843160107866	0.9144841269841271	0.9657142857142859	0.9319808949220715	0.9319808949220715
30	0.29	1.0	0.444839513811362	0.444839513811362	0.9326839826839827	0.6733119658119658	0.7625621746674378	0.7625621746674378	0.7203147557636722	0.9625	0.8111390368504381	0.8111390368504381	0.8490262515262517	0.9009188034188034	0.8706553521484872	0.8706553521484872
50	0.30000000000000004	1.0	0.4588420127818723	0.4588420127818723	0.8315384615384614	0.6315482475041299	0.706674421365866	0.706674421365866	0.6546342465687163	0.9405672268907562	0.761290824505773	0.761290824505773	0.8288339993339994	0.8183419521654816	0.8198323092749717	0.8198323092749717
100	0.31300000000000006	1.0	0.4741825576760424	0.4741825576760424	0.66233509671867	0.695613495684686	0.6672415001059191	0.6672415001059191	0.5441012492771635	0.8750980415930361	0.6598404071122679	0.6598404071122679	0.7025359954917408	0.7845754864742628	0.7381597462465423	0.7381597462465423
150	0.3026666666666667	1.0	0.4632528709534839	0.4632528709534839	0.5739443447185322	0.6796134292438902	0.6167141086467401	0.6167141086467401	0.4994654988660353	0.848587305757692	0.624683535191733	0.624683535191733	0.6497804810184549	0.7188402884240086	0.6792400004504554	0.6792400004504554
200	0.302	1.0	0.4626063416479367	0.4626063416479367	0.5413711359128808	0.6719975322366722	0.5937138270630149	0.5937138270630149	0.4650303180071596	0.8445284967096016	0.5952245882010501	0.5952245882010501	?	?	?	?
300	0.30266666666666664	1.0	0.46386251760099195	0.46386251760099195	0.4708560823977825	0.7116336798562201	0.5613016681924725	0.5613016681924725	0.41753816986084047	0.820515324545734	0.551209765304456	0.551209765304456	?	?	?	?
400	0.30824999999999997	1.0	0.4707656636799749	0.4707656636799749	0.4341556117885017	0.7215819929667828	0.5393602982622172	0.5393602982622172	0.4102971336543312	0.806896457313518	0.5424257780868114	0.5424257780868114	?	?	?	?
500	0.3086	1.0	0.4712254343190799	0.4712254343190799	0.41535250434526294	0.7499868213429993	0.5319098965483857	0.5319098965483857	0.3809383781152603	0.8395416615060904	0.522694153422728	0.522694153422728	?	?	?	?
600	0.31033333333333335	1.0	0.473393762023061	0.473393762023061	0.4063449466725963	0.7468588699220617	0.522826126393227	0.522826126393227	0.37928081844598865	0.8263785924585886	0.5172725560414263	0.5172725560414263	?	?	?	?
700	0.308	1.0	0.4707460075816175	0.4707460075816175	0.3790178772407876	0.7924423645275471	0.5107169090611215	0.5107169090611215	0.3725963497333648	0.821414954475229	0.5098578991552517	0.5098578991552517	?	?	?	?
800	0.31025	1.0	0.4733948243550728	0.4733948243550728	0.3684991072476531	0.8062010985591994	0.5044549652859727	0.5044549652859727	0.361468493959442	0.8407379195523855	0.503963092568531	0.503963092568531	?	?	?	?
900	0.31022222222222223	1.0	0.4734162090536035	0.4734162090536035	0.3694828941085507	0.7884080243615903	0.5011353795895841	0.5011353795895841	0.3548435124200693	0.8615687696238021	0.5008416621449167	0.5008416621449167	?	?	?	?
1000	0.3076	1.0	0.47033101856300696	0.47033101856300696	0.3552654568678283	0.8264413243181579	0.4951479706414528	0.4951479706414528	0.3484530134249796	0.85701041673739	0.4940054527168879	0.4940054527168879	?	?	?	?
2000	0.30145000000000005	1.0	0.46320893857254114	0.46320893857254114	0.3231400003301705	0.8823901617500214	0.47233167055277336	0.47233167055277336	0.31929104457745444	0.9103340511288669	0.472333210457384	0.472333210457384	?	?	?	?
3000	0.29993333333333333	1.0	0.46143387221346366	0.46143387221346366	0.30938557809387107	0.9415249605402523	0.4654815720387099	0.4654815720387099	0.3086943528621119	0.9478456789551511	0.4653568468160236	0.4653568468160236	?	?	?	?
4000	0.29879999999999995	1.0	0.4600992827251555	0.4600992827251555	0.3044010035347623	0.963452505933169	0.462535396734721	0.462535396734721	0.3040586285878749	0.9644045138370734	0.46223431949472904	0.46223431949472904	?	?	?	?
5000	0.29856000000000005	1.0	0.45978958318830604	0.45978958318830604	0.30412574557825217	0.9589721334963363	0.46162483954015876	0.46162483954015876	0.30221988591077953	0.9754036469029004	0.46130225331581515	0.46130225331581515	?	?	?	?
6000	0.2981	1.0	0.45925470477978936	0.45925470477978936	0.3017828070267237	0.9748219562919787	0.46080910336693365	0.46080910336693365	0.30080752962972335	0.9820916655730556	0.4603999835318205	0.4603999835318205	?	?	?	?
7000	0.29788571428571436	1.0	0.4590026462778319	0.4590026462778319	0.30070615726231414	0.9805676300178948	0.46022528641354643	0.46022528641354643	0.3003231622429183	0.9829081780574194	0.45999583929837085	0.45999583929837085	?	?	?	?
8000	0.29823750000000004	1.0	0.45943181118867304	0.45943181118867304	0.30011642034293995	0.9890787822823169	0.4604890353699099	0.4604890353699099	0.29961295355400414	0.9910832039512153	0.46009413273371774	0.46009413273371774	?	?	?	?
9000	0.2984666666666667	1.0	0.4597094156389893	0.4597094156389893	0.3001882931967427	0.9873922409129072	0.46039406955708645	0.46039406955708645	0.2995600529603798	0.9932325141776938	0.46024267156285886	0.46024267156285886	?	?	?	?
10000	0.29834	1.0	0.4595621414887317	0.4595621414887317	0.30008191582072075	0.9876131192962229	0.4602791003061518	0.4602791003061518	0.29896923470376474	0.9973036737445231	0.46001547849468266	0.46001547849468266	?	?	?	?
