10	0.0	0.0	0.0	0.319368508412501	0.0	0.0	0.0	0.37038750313114727	0.0	0.0	0.0	0.38760831146479685	0.0	0.0	0.0	0.4006177346578016
20	0.01	0.2	0.019047619047619046	0.3450451503691705	0.03111111111111111	0.2	0.05333333333333333	0.4040390807835399	0.025	0.2	0.04395604395604395	0.4138932488130104	0.030952380952380953	0.2	0.05357142857142857	0.42320363921803983
30	0.006666666666666666	0.2	0.012903225806451613	0.3334819283590777	0.020833333333333332	0.2	0.037606837606837605	0.39304139807688815	0.011490683229813664	0.2	0.021666666666666667	0.3939509485207081	0.021111111111111112	0.2	0.038181818181818185	0.4072411266266169
50	0.014000000000000002	0.4	0.026579520697167756	0.33976402603904154	0.04960035133948178	0.4	0.07864459535936616	0.39981117251433484	0.02589247311827957	0.4	0.046739432703003334	0.3923984012147507	0.04243107769423558	0.4	0.07089605734767025	0.40795825957758297
100	0.012	0.7	0.023456237026417574	0.344411838111229	0.024602216955158136	0.7	0.04676823906102882	0.3793476627978822	0.019523623303294258	0.7	0.03751555827572878	0.3761386693540416	0.026175354880927502	0.7	0.04954131478721643	0.3859065804164974
150	0.010666666666666668	0.8	0.020934352670446743	0.3411696261634318	0.01871372602498623	0.78	0.035978743991906606	0.3689030942740143	0.017920044468870498	0.8	0.03465152402952611	0.3674734667744054	0.021920192524962755	0.8	0.04190522365305495	0.37595366007633163
200	0.012	1.0	0.023636616143471477	0.34317473302028695	0.019451253580857638	1.0	0.03795911276578069	0.36395373552590343	0.016775136640786746	1.0	0.0328228585161108	0.3616865285938668	?	?	?	?
300	0.011333333333333334	1.0	0.022356033877826566	0.3423630296652796	0.01585365947405772	1.0	0.031096941811406452	0.35546241972897086	0.01490830124381358	1.0	0.029281233176501144	0.35512583009279797	?	?	?	?
400	0.010750000000000001	1.0	0.02123980064046579	0.3438295164813603	0.013369634320686028	0.9550000000000001	0.026312579670873342	0.3522988366888008	0.012884787868834655	0.975	0.025385389356046017	0.3518892913797643	?	?	?	?
500	0.011	1.0	0.021744766855803684	0.34257521199972313	0.013477686541492905	1.0	0.0265715880410759	0.34821327830939947	0.012742278257054507	1.0	0.02514638710676541	0.3478717898225074	?	?	?	?
600	0.010833333333333332	1.0	0.021418043554628945	0.34319623952002376	0.012823284014183098	1.0	0.02529880592835352	0.3475526144697273	0.01201279180890151	1.0	0.02372216736146331	0.3469693282751387	?	?	?	?
700	0.01114285714285714	1.0	0.022016638186866628	0.34433376872652655	0.012747450794109794	1.0	0.025140972306402172	0.34821357237338113	0.012188866432261532	1.0	0.024058580563269847	0.34735853121364396	?	?	?	?
800	0.0105	1.0	0.02076411032074535	0.34433151976188203	0.011569429651570661	1.0	0.022851787459823057	0.34760246114125865	0.011401840381574905	1.0	0.022526986124682086	0.34696969578222053	?	?	?	?
900	0.010555555555555554	1.0	0.020874207490988485	0.3438672845609875	0.011444184562023353	0.990909090909091	0.022608469651678682	0.34643690206362066	0.01110105646491658	1.0	0.021941088754936597	0.34583744631981295	?	?	?	?
1000	0.0104	1.0	0.020572258453182245	0.34324288679890846	0.0112544079882331	1.0	0.022242110818013573	0.3454493348283895	0.010911223338874558	1.0	0.021572332880453255	0.3449055278477463	?	?	?	?
2000	0.01135	1.0	0.02243491583227613	0.34341644157816054	0.011744871221279131	1.0	0.023205669067462933	0.3442053164687152	0.011471225825143658	1.0	0.022671935695148106	0.3441178089652118	?	?	?	?
3000	0.011066666666666667	1.0	0.02188398558106019	0.3425026723123695	0.011237781833065032	1.0	0.022218284113731033	0.34294489911413134	0.011091433897634652	1.0	0.021932406773543817	0.34280559001239397	?	?	?	?
4000	0.010875	1.0	0.021512912022504854	0.3425244855468228	0.010995793224166862	1.0	0.0217490926211704	0.3428112069055601	0.01088977953984556	1.0	0.021541828754299105	0.34269675283703505	?	?	?	?
5000	0.010620000000000001	1.0	0.021014905153658635	0.34217812521567653	0.010687492111091226	0.9984375	0.021146569460539666	0.3423891480033493	0.01062964246851739	1.0	0.021033779991896494	0.3423047279986378	?	?	?	?
6000	0.010416666666666668	1.0	0.020617187473265918	0.3423412283645077	0.010480550250838785	0.9983050847457626	0.020741955920098552	0.34255509260350814	0.010424440286545366	1.0	0.020632407510654076	0.34244594529303035	?	?	?	?
7000	0.010242857142857144	1.0	0.02027637037169041	0.3421106439021555	0.010283515149726986	0.9988095238095237	0.02035572198796536	0.34225902312657597	0.010250046418552497	1.0	0.02029045582952032	0.3422138877492563	?	?	?	?
8000	0.010349999999999998	1.0	0.02048647136434756	0.34209811358677006	0.010384985505887612	0.9989247311827956	0.020554751742608	0.3422289002615788	0.01035555836424736	1.0	0.020497360248192865	0.34217516991736685	?	?	?	?
9000	0.010155555555555555	1.0	0.0201056104103031	0.34196563756444653	0.010191687392154309	0.9978756708407872	0.0201759693590845	0.3420771445196805	0.010161177412929257	1.0	0.020116628600066792	0.3420409777153864	?	?	?	?
10000	0.009989999999999999	1.0	0.019781052567967836	0.341659285032898	0.010028193647765998	0.9991150442477876	0.019855701785924922	0.3417665955117756	0.009995304990164877	1.0	0.019791451910699247	0.34173885527409875	?	?	?	?
