10	0.59	1.0	0.7342326404245909	0.7198343144616375	0.9690476190476189	0.944047619047619	0.9521478521478521	0.8786781250448433	0.9690476190476189	1.0	0.9832167832167833	0.9033824419309578	0.9690476190476189	1.0	0.9832167832167833	0.9033824419309578
20	0.5750000000000001	1.0	0.7261282518872652	0.7156351264253786	0.8996733821733821	0.9178296703296704	0.9050549557654822	0.8424995109417294	0.8679853479853479	0.9923076923076923	0.9241324365012522	0.8627874227139047	0.9045781995781995	0.9823076923076923	0.9407191845074376	0.8726475036714726
30	0.55	1.0	0.7053879271894756	0.6991765095767002	0.841987964563816	0.9412301587301588	0.8830922147340191	0.8211848381350197	0.8265703691919872	1.0	0.9028001882365155	0.8387460554119203	0.8417931593690108	0.9894444444444446	0.9067699588250878	0.8420599470007867
50	0.522	1.0	0.6840190032087974	0.6823011298722939	0.785740382827218	0.9081429128093296	0.8375744170363559	0.783377018078505	0.766078551078551	0.9754015911624607	0.8573969144272408	0.8021151099531976	0.8130656042030928	0.9518404978088443	0.876107878570674	0.8148865979063673
100	0.5090000000000001	1.0	0.6722856591899338	0.6723451680127253	0.6803062148763047	0.8955193192417739	0.7680453677621263	0.7348782959487712	0.6451884892429687	0.9571164126245814	0.7683075935091926	0.7384889149853995	0.7088725329040056	0.9188217895959158	0.7978014340914034	0.7564258088286159
150	0.5033333333333333	1.0	0.6683073079012511	0.6682639040966213	0.6213442332599061	0.9122247999373119	0.7351671815007745	0.7110237168262936	0.5997572436817484	0.9395553637870762	0.7305746382646052	0.7099109949688824	0.6521216074564753	0.8972398129465521	0.7537063934173911	0.7229563241214514
200	0.496	1.0	0.6622787163716766	0.6644238118931584	0.5815218170168881	0.9149753370320045	0.70846038991692	0.6931982797979427	0.5621272513471143	0.9394522139710819	0.7023513063613994	0.6910009457294892	?	?	?	?
300	0.49066666666666664	1.0	0.6578873118592068	0.6601257134483797	0.540637437564085	0.9373990204422309	0.6851449953781994	0.6756925235294378	0.5298933095792149	0.957207052985545	0.6813122605312529	0.6749725760025524	?	?	?	?
400	0.4887499999999999	1.0	0.6563038720251011	0.6591295801987747	0.5268321883130824	0.9416875786445674	0.6745900129219373	0.668756267395685	0.5146403371064208	0.9648541788441625	0.6705199396831641	0.6678107296795461	?	?	?	?
500	0.4892	1.0	0.6568229962945363	0.6590436935402003	0.5040801720938582	0.9801344584665914	0.6655228784358653	0.6645974028908928	0.499655341654904	0.990455025707551	0.6640703254049296	0.6640006221541146	?	?	?	?
600	0.4866666666666667	1.0	0.6546171180253904	0.6571042193732557	0.5006701818036419	0.9797358000434425	0.6625007239965932	0.6617734524065262	0.49797246332909334	0.9867107103902878	0.6617025455313124	0.6613776118941931	?	?	?	?
700	0.48257142857142865	1.0	0.6508653499257592	0.654509413520856	0.4932084055592849	0.9836621712409267	0.6567911650335414	0.657814327764285	0.490684516064976	0.9922173588128536	0.6564348559031339	0.6579424461982771	?	?	?	?
800	0.4840000000000001	1.0	0.652213371462109	0.6554066662992797	0.4957120569964604	0.9796140029481807	0.658040110554505	0.6582334032725674	0.4901459494881403	0.9964183185235818	0.6569614619148415	0.6583841723494129	?	?	?	?
900	0.4876666666666667	1.0	0.6555536063176401	0.6580685357308631	0.4960668459098037	0.9872830064210996	0.6602615956541091	0.6606846089226629	0.4919887617849973	1.0	0.6594493379752794	0.6607856311020583	?	?	?	?
1000	0.48919999999999997	1.0	0.6569055612826993	0.6589798033017206	0.4954551719784169	0.9908360996239349	0.660524167358671	0.660973888444966	0.4927565324060567	1.0	0.6601019995458047	0.6611815562939439	?	?	?	?
2000	0.4936	1.0	0.6608293009473855	0.6621537751479912	0.49679647955576034	0.996078452279001	0.6627905001701473	0.6633162625908271	0.49536310370444997	1.0	0.6624056793388335	0.6632712351596324	?	?	?	?
3000	0.4962	1.0	0.6631945830682276	0.6643194520106801	0.4976205498470773	0.998666352693648	0.6641594907196684	0.6649596981323959	0.49711281269942686	1.0	0.66400878104069	0.6648908009708505	?	?	?	?
4000	0.497075	1.0	0.6640097459104086	0.6649396195927461	0.4983297223292982	0.998600679762672	0.6648118109999134	0.665424069239944	0.4978858851345797	1.0	0.6647318878941482	0.6654354507170129	?	?	?	?
5000	0.49826000000000004	1.0	0.6650826171816545	0.6658330964349687	0.49935310225331275	0.9986359550572089	0.6657496935952378	0.6662026912693667	0.49879037200584725	1.0	0.6655540507387505	0.6661582784146972	?	?	?	?
6000	0.4984333333333334	1.0	0.6652497286515064	0.6659271258546835	0.49934850966643785	0.9987048821185477	0.6657714078279842	0.666207201187486	0.4988418628429245	1.0	0.6656128849649404	0.6661850346762876	?	?	?	?
7000	0.4997000000000001	1.0	0.6663853673527677	0.6667174735651397	0.5006470587456854	0.9986002696108253	0.6669138849811339	0.6670058392113185	0.50004282577492	1.0	0.6666902478797295	0.6669318856166601	?	?	?	?
8000	0.49965000000000004	1.0	0.66634122816207	0.6666723258971085	0.5003268551683733	0.9990500210383073	0.6667308256760031	0.6668838303205165	0.49998844251279007	1.0	0.6666416147464154	0.666882408066204	?	?	?	?
9000	0.49925555555555556	1.0	0.6659942428758849	0.6663808956962608	0.4998369995955246	0.9993082887587634	0.6663586310997409	0.6665922868909793	0.4995891327660158	1.0	0.6662907016292939	0.6665854928879589	?	?	?	?
10000	0.49978	1.0	0.6664610512337467	0.6667699012878148	0.5003574957959022	0.9993805143488403	0.6668353908121063	0.6669952711398885	0.5000909473300322	1.0	0.6667369556678173	0.6669606823266419	?	?	?	?
