0.5	0.0	0.0	0.0	0.26805861030544864	0.0	0.0	0.0	0.31691905413053534	0.0	0.0	0.0	0.3456028223532603	0.0	0.0	0.0	0.3456028223532603
1.0	0.0	0.0	0.0	0.24955117991910045	0.0	0.0	0.0	0.30255998278410046	0.0	0.0	0.0	0.31175692346152467	0.0	0.0	0.0	0.32634543800046084
2.8	0.030000000000000006	0.3	0.05454545454545454	0.2918839638712687	0.3	0.3	0.3	0.40073600418311683	0.225	0.3	0.24	0.4028463889165015	0.3	0.3	0.3	0.41333148992196467
3.9	0.030000000000000006	0.2	0.051515151515151514	0.30443689837019117	0.15	0.2	0.16666666666666666	0.3846325233063268	0.13333333333333333	0.2	0.15	0.40070733989493973	0.13333333333333333	0.2	0.15	0.4038949223877973
4.0	0.030000000000000006	0.2	0.051515151515151514	0.2834726101875036	0.2	0.2	0.2	0.3965282558077975	0.2	0.2	0.2	0.4113860837016589	0.2	0.2	0.2	0.4122046461884657
5.0	0.02	0.2	0.03636363636363636	0.26761429577073026	0.2	0.2	0.2	0.37139332336979825	0.125	0.2	0.13999999999999999	0.3689902590824957	0.2	0.2	0.2	0.3733591368729642
10.0	0.07999999999999999	0.7	0.14242424242424245	0.34883484619310556	0.7	0.7	0.7	0.46794384332823047	0.4333333333333333	0.7	0.4966666666666667	0.4821824686982842	0.4583333333333333	0.7	0.5233333333333333	0.4875334256835173
20.0	0.18	0.9	0.2911754911754912	0.4314571484768443	0.8333333333333333	0.9	0.85	0.6403604955047626	0.825	0.9	0.8400000000000001	0.6430936103531194	0.825	0.9	0.8400000000000001	0.6430936103531194
30.0	0.32	1.0	0.47239427239427234	0.5522252745104768	0.96	0.975	0.9607142857142857	0.7219485971928054	0.9399999999999998	1.0	0.9638888888888889	0.7279737288333344	0.9399999999999998	1.0	0.9638888888888889	0.7279737288333344
50.0	0.59	1.0	0.7342326404245909	0.7122957629062818	0.9690476190476189	0.944047619047619	0.9521478521478521	0.8413392933765655	0.9690476190476189	1.0	0.9832167832167833	0.8628022782036716	0.9690476190476189	1.0	0.9832167832167833	0.8628022782036716
