10	0.030000000000000006	0.2	0.051515151515151514	0.2834726101875036	0.2	0.2	0.2	0.3965282558077975	0.2	0.2	0.2	0.4113860837016589	0.2	0.2	0.2	0.4122046461884657
20	0.03	0.2	0.05217391304347826	0.2835277059275736	0.2	0.16666666666666666	0.18	0.3604626630622406	0.2	0.2	0.2	0.3866875475018089	0.2	0.2	0.2	0.39268421892386485
30	0.03	0.5	0.055718475073313775	0.28595745392282723	0.19857142857142857	0.5	0.2547619047619048	0.3850718323640966	0.13095238095238093	0.5	0.17776556776556776	0.3803948728817079	0.17880341880341882	0.5	0.22389610389610395	0.3974623746745699
50	0.038	0.9	0.07229795320805307	0.29617797285576986	0.21705447330447333	0.9	0.3309155550332021	0.3646247145596527	0.10162815345573968	0.9	0.1753183155401576	0.37014519071054214	0.1522408963585434	0.9	0.24482446144513714	0.3933129707174098
100	0.031	0.9	0.05921908071005333	0.29008028311188594	0.10259494059590142	0.875	0.17738871238646986	0.33904735619414195	0.06303563339859873	0.9	0.11462817558574079	0.33573346041034513	0.10065183772119779	0.8875	0.17338189375538696	0.35357843046497184
150	0.029333333333333333	1.0	0.05621154683819733	0.29379571410916305	0.07964977300072683	1.0	0.1424644359237774	0.3293662367153263	0.05136708080481804	1.0	0.09558870526754784	0.325206539769826	0.0858075602933412	0.9916666666666666	0.15038899872838168	0.3435804486017595
200	0.03449999999999999	1.0	0.0662396175883581	0.29549137627323135	0.08249648671107243	0.9746031746031747	0.1487846695193419	0.3286849816284846	0.061273113270106615	1.0	0.11441506009881312	0.32520294515181297	?	?	?	?
300	0.034666666666666665	1.0	0.06683315825508465	0.29751433381618747	0.06704149059961535	0.9646886446886447	0.12428323789915734	0.3216307777454073	0.05233859497573921	0.9613553113553113	0.09891465700207745	0.31690800010977394	?	?	?	?
400	0.03525	1.0	0.06797253598623587	0.2977420239327359	0.059212282700143136	0.9888888888888889	0.1113885992807212	0.3153509216420007	0.050599383361482154	0.988562091503268	0.09607117189854268	0.31287695307322083	?	?	?	?
500	0.036199999999999996	1.0	0.06969868311714629	0.2985232397312481	0.05948772227278121	0.9710833333333333	0.11177628984105567	0.31245971203685885	0.05033449968216316	1.0	0.09560504562737362	0.31026842059874166	?	?	?	?
600	0.03833333333333333	1.0	0.07365001011853126	0.29975084793211026	0.057598502190392975	0.9793954321540529	0.10830232725688319	0.311437943883554	0.05472850801062344	0.9824750444216519	0.10328954095946637	0.31117073817278557	?	?	?	?
700	0.039142857142857146	1.0	0.07519190311345661	0.3011570035239176	0.056615974471224274	0.9773484848484848	0.10675060610654308	0.31187712120215283	0.05304916767226107	0.9774358974358973	0.10029577049064882	0.3105426762793285	?	?	?	?
800	0.03875	1.0	0.07450436390572021	0.3005221048916088	0.055293489053450495	0.9592549184012598	0.10421153294401024	0.3090138109693165	0.04923984658175421	0.9821232651720455	0.09357515668527303	0.3073417828803278	?	?	?	?
900	0.03866666666666667	1.0	0.07436830072688223	0.3010644341492062	0.05128888732133609	0.9623922386063359	0.09724219625201883	0.30802889669213357	0.04773696274863892	0.9774683248594481	0.09090671919716307	0.3067940365856863	?	?	?	?
1000	0.0386	1.0	0.07424593251224142	0.30068495195318634	0.04843107598031274	0.974393874399451	0.09218066896365977	0.3066642297983544	0.046284170330799734	0.974254985510562	0.08825236418364144	0.30594832165524677	?	?	?	?
2000	0.03895	1.0	0.07494402731634302	0.30135636245825637	0.04231891156398665	0.9867758956918532	0.08112464722044466	0.3030550622799554	0.0412673106725174	0.9868750358945396	0.079181354988583	0.30284193121880554	?	?	?	?
3000	0.04030000000000001	1.0	0.07745358657597719	0.30293975273486595	0.041953075252254904	0.9889048683793756	0.08046815253548019	0.30385832364369775	0.041510380976102115	0.995733173076923	0.07967000964749778	0.303502680861338	?	?	?	?
4000	0.040675	1.0	0.07816427429103129	0.303081368382969	0.041779209075372324	0.9917509196661676	0.08017567461430077	0.3036052792591054	0.041391977589683396	0.9930203037711077	0.07946478927537468	0.3034274965479232	?	?	?	?
5000	0.04038	1.0	0.07762024331926932	0.30272957731100664	0.04135709804075116	0.997158180694119	0.0794115523848798	0.3031280845899864	0.04077679763569716	0.9985445184882238	0.07834645159445912	0.3029567788880646	?	?	?	?
6000	0.04053333333333333	1.0	0.07790375888844811	0.3027987497197665	0.040894754353024074	1.0	0.07857077941293014	0.30308260255131336	0.04058817604908675	0.9995967741935484	0.07800375524259692	0.30293319498770244	?	?	?	?
7000	0.03981428571428571	1.0	0.076577381808176	0.30225867477864976	0.040169388528983316	1.0	0.07723388226448942	0.30250789433483133	0.039845949842957654	1.0	0.07663597945947061	0.3023624474071065	?	?	?	?
8000	0.039850000000000003	1.0	0.0766446545309816	0.3025107672801569	0.04017028286530017	0.9996845425867509	0.0772360487628532	0.30276913603429695	0.0398792877820751	1.0	0.07669884158897329	0.30260646134807295	?	?	?	?
9000	0.039933333333333335	1.0	0.076798142237962	0.30264333880332994	0.04027850119545484	0.9991657182503044	0.07743396900105559	0.3028522593120805	0.03998251966982117	0.9997245179063361	0.07688824301691065	0.3027439335454745	?	?	?	?
10000	0.040179999999999993	1.0	0.07725386516513522	0.3029210860795096	0.04048243667896403	0.9987100223942329	0.07780932898800288	0.30309870926370164	0.04020562750223223	1.0	0.07730124783768941	0.30300470370252575	?	?	?	?
