0.5	0.004666666666666667	0.5	0.009236667828511676	0.2668372996799033	0.010100519635403357	0.5	0.019711427183598758	0.28854812033046867	0.007252337260080706	0.5	0.014272021848216637	0.2865964529235621	0.013476955216085652	0.5	0.026001750700280112	0.29866647778652505
1.0	0.010666666666666668	0.8	0.020934352670446743	0.2712564624764982	0.027702917372956343	0.78	0.052024985969982285	0.3042110404890631	0.02178044206346093	0.8	0.041761492263921104	0.3019942505161418	0.028997751537078176	0.8	0.054517968308882156	0.31275500921718213
2.8	0.019333333333333334	1.0	0.03777554159425277	0.28239006758656876	0.04411692900854956	1.0	0.08346824741359796	0.31575343714655923	0.0343606173119914	1.0	0.0659793091591965	0.31356729245607845	0.04921659502193739	1.0	0.09255897843802471	0.32544718252996974
3.9	0.029333333333333333	1.0	0.05647054720778409	0.29360916037978246	0.09200765422088743	0.9532142857142857	0.15748208396662206	0.3382594568088768	0.059163633730181485	1.0	0.10902184386886846	0.3315475495049086	0.08643633875073094	0.9607142857142857	0.15011977903333187	0.3470601087338811
4.0	0.029333333333333333	1.0	0.05621154683819733	0.29379571410916305	0.07964977300072683	1.0	0.1424644359237774	0.3293662367153263	0.05136708080481804	1.0	0.09558870526754784	0.325206539769826	0.0858075602933412	0.9916666666666666	0.15038899872838168	0.3435804486017595
5.0	0.044	1.0	0.08396165621245939	0.30790007234770816	0.13511391536236936	0.976388888888889	0.22675492815177667	0.35738640027865115	0.08630491796211905	1.0	0.15643040800019428	0.35085584279030096	0.13206990740148739	0.956388888888889	0.22456472045454348	0.36475562227245933
10.0	0.12799999999999997	1.0	0.22669111124049088	0.3927991468561303	0.3071133446986351	0.9254120148856989	0.4492593355089469	0.4614265304434488	0.24046073012819963	0.978261562998405	0.38503853390707693	0.4541824510122276	0.33296611779134827	0.9204468836976577	0.4844490582472868	0.4764179274130539
20.0	0.21200000000000002	1.0	0.3484331574141192	0.4592550382773248	0.3949329898134444	0.9144601694601695	0.5461954432568907	0.5364169726169523	0.37401953848257596	0.9602650127650127	0.534960519979723	0.5381768964248277	0.4439003141244552	0.8936793761793762	0.5862221750439718	0.5546980691236523
30.0	0.3026666666666667	1.0	0.4632528709534839	0.5332079431705534	0.43346346513217765	0.9058056723218904	0.5835281996063877	0.5802215667840669	0.40361498321052325	0.9379369552349314	0.5611752336881426	0.5751541207148807	0.5279653473976367	0.8495860182605555	0.6462192948500461	0.5994839318245996
50.0	0.5033333333333333	1.0	0.6683073079012511	0.6681990458839374	0.6015176086245871	0.9346588120057794	0.7286375953115226	0.699031011372667	0.5849938161211002	0.9569253784264238	0.7245563697998715	0.6984908700057273	0.6399190205065611	0.9135152051722868	0.7507432819648967	0.7083262912329856
