0.5	0.005	0.1	0.009523809523809523	0.009523809523809523	0.1	0.1	0.1	0.1	0.1	0.1	0.1	0.1	0.1	0.1	0.1	0.1
1.0	0.01	0.2	0.019047619047619046	0.019047619047619046	0.2	0.2	0.2	0.2	0.2	0.2	0.2	0.2	0.2	0.2	0.2	0.2
2.8	0.025	0.5	0.047619047619047616	0.047619047619047616	0.5	0.5	0.5	0.5	0.5	0.5	0.5	0.5	0.5	0.5	0.5	0.5
3.9	0.030000000000000006	0.4	0.05541125541125541	0.05541125541125541	0.4	0.4	0.4	0.4	0.4	0.4	0.4	0.4	0.4	0.4	0.4	0.4
4.0	0.03	0.2	0.05217391304347826	0.05217391304347826	0.2	0.13333333333333333	0.16	0.16	0.2	0.2	0.2	0.2	0.2	0.2	0.2	0.2
5.0	0.034999999999999996	0.5	0.06493506493506493	0.06493506493506493	0.4666666666666667	0.5	0.48	0.48	0.4666666666666667	0.5	0.48	0.48	0.5	0.5	0.5	0.5
10.0	0.1	0.9	0.17652926783361567	0.17652926783361567	0.9	0.75	0.8066666666666666	0.8066666666666666	0.8666666666666668	0.9	0.8800000000000001	0.8800000000000001	0.9	0.875	0.8857142857142858	0.8857142857142858
20.0	0.19999999999999998	1.0	0.32397219527654303	0.32397219527654303	0.9857142857142858	0.7857142857142857	0.8646031746031747	0.8646031746031747	0.8569444444444443	1.0	0.9176698301698302	0.9176698301698302	0.8825396825396826	1.0	0.9331709956709957	0.9331709956709957
30.0	0.28	1.0	0.4336670736670737	0.4336670736670737	0.9029761904761905	0.7286904761904762	0.7824245199245199	0.7824245199245199	0.8277380952380952	0.9800000000000001	0.885843160107866	0.885843160107866	0.9144841269841271	0.9657142857142859	0.9319808949220715	0.9319808949220715
50.0	0.5750000000000001	1.0	0.7261282518872652	0.7261282518872652	0.9170238095238096	0.8968506493506494	0.9016315329550626	0.9016315329550626	0.8602054889554889	1.0	0.9236673087359216	0.9236673087359216	0.8989371739371739	0.99	0.9412686350568882	0.9412686350568882
