10	0.02	0.2	0.03636363636363636	0.33272074629925297	0.075	0.2	0.10666666666666666	0.4278318898127632	0.039285714285714285	0.2	0.065	0.43156653399644734	0.039285714285714285	0.2	0.065	0.43156653399644734
20	0.034999999999999996	0.5	0.06493506493506493	0.34945724579175474	0.12833333333333333	0.5	0.2019047619047619	0.4258007123261576	0.08928571428571427	0.5	0.15071428571428572	0.4444188475673963	0.0976190476190476	0.5	0.16071428571428573	0.4466523167019599
30	0.04666666666666667	0.8	0.08717008797653958	0.37388084941053285	0.13191849816849816	0.7	0.2126381659276396	0.4375323522189323	0.1015236006683375	0.8	0.1760992275698158	0.4553281820501528	0.10164986329460013	0.8	0.17685402832461655	0.4622628244537756
50	0.052000000000000005	0.9	0.0975937409899674	0.3782317679550129	0.16258587980646805	0.9	0.26797237904654786	0.434802029418333	0.10179003727084927	0.9	0.17914262616349902	0.44561340506673475	0.11672838983473421	0.9	0.20253176453176452	0.4530926689443667
100	0.05	1.0	0.09428421119677274	0.3749027763275847	0.1297749803480411	0.9857142857142858	0.2184850533734915	0.41440863372655556	0.08243668661751917	1.0	0.14957004133888926	0.41448520781199666	0.11083555780867038	0.9714285714285715	0.1904711548011772	0.42627025186547884
150	0.044	1.0	0.08396165621245939	0.37133191207507393	0.08223920988372209	0.9875	0.14917736314056143	0.4041187115918281	0.07105353026386932	1.0	0.13110988997538614	0.4038387356674004	0.07761248948569674	0.9675	0.14233619988325544	0.4118624663522518
200	0.04650000000000001	1.0	0.0883194391200043	0.373464135790075	0.07461595843486342	0.9728571428571428	0.13637950161055534	0.39615006637503425	0.06883079294252872	0.9933333333333334	0.12731168379243282	0.3966617645029419	?	?	?	?
300	0.048999999999999995	1.0	0.0931293314015812	0.3777605107563887	0.06786574503970874	0.9809273182957394	0.1262657945489536	0.3934001717325428	0.06362433924789802	0.9947368421052631	0.11907649193190373	0.39304312302775923	?	?	?	?
400	0.05	1.0	0.09501464355061272	0.37643366110405524	0.06841940301526345	0.9725768376316044	0.12702470446372416	0.3870722210930798	0.06280101387985636	0.9912380952380954	0.11769470456828972	0.38655906075500324	?	?	?	?
500	0.0482	1.0	0.09179118058353863	0.3742227479490131	0.06367996782185115	0.9802123802123802	0.11916399943423843	0.3841888521355402	0.058213149847188186	0.9704739704739704	0.10944859320724112	0.38234894686637716	?	?	?	?
600	0.04833333333333334	1.0	0.09210139864185803	0.3753531485942371	0.061094934541003676	0.975826299465138	0.11475678158229123	0.3829186011027374	0.05610554302845774	0.9796253084819329	0.10595608338901716	0.38140490030792684	?	?	?	?
700	0.04971428571428571	1.0	0.09460237235563394	0.37549166241621973	0.057735438518675616	0.9840423976608188	0.1088132474205937	0.3808370400196973	0.05682008304489823	0.9832578305254451	0.10723357045829766	0.38050358005296125	?	?	?	?
800	0.04937500000000001	1.0	0.0940090278237049	0.3746819651941333	0.05543680077851565	0.9736818823758601	0.1047658851595987	0.37859838021632053	0.05428102893259691	0.9863871916151872	0.10278731380664341	0.37825845270988234	?	?	?	?
900	0.04933333333333333	1.0	0.09392870077854568	0.3740161607030433	0.054808553415070696	0.9801918801040864	0.10369520669022429	0.37742614643555883	0.05375036864246411	0.9852789296473506	0.10183620437972381	0.37705245396345805	?	?	?	?
1000	0.0502	1.0	0.09552664504302961	0.37519994584078387	0.054939191517997754	0.9843232323232323	0.10393820359497738	0.3782667832355617	0.054712770446965694	0.9864464988871768	0.10355031063217593	0.37773440764585786	?	?	?	?
2000	0.0501	1.0	0.09538777827319198	0.37445001337032263	0.051956381619532886	0.9951701927493957	0.0987193449023969	0.37528179374851467	0.05056044572151584	0.9988636363636363	0.09621968440344403	0.3748702177908558	?	?	?	?
3000	0.050966666666666674	1.0	0.09697332616628912	0.3737619596649683	0.05172938737400249	0.9974215930865284	0.0983430990069704	0.3742675819496756	0.05116835982415376	0.9993288590604028	0.09733577653447656	0.3740244339757859	?	?	?	?
4000	0.0494	1.0	0.09413649215127838	0.3721492489646968	0.05006393217422852	0.9989878076834598	0.09533790270488132	0.37248482831499496	0.049460510951780036	1.0	0.09424636930923849	0.37233459910714467	?	?	?	?
5000	0.04956	1.0	0.09443250346336647	0.3726581156397416	0.04995927034868104	0.9992156862745099	0.0951529185622632	0.3729128716727025	0.04960790019078861	1.0	0.09451940701981118	0.37280630386859226	?	?	?	?
6000	0.04973333333333334	1.0	0.09474688306112246	0.3726519667624425	0.05010893110131428	0.9996688741721854	0.0954256184379692	0.3728818982026134	0.049816848581771093	1.0	0.09489839446990031	0.37278063723498833	?	?	?	?
7000	0.049557142857142855	1.0	0.09442883885475288	0.37257169730070233	0.049840303360203043	0.9994223652185511	0.09493949410332767	0.37273952071044614	0.04959103841932136	1.0	0.09449038990231376	0.3726739463187175	?	?	?	?
8000	0.049800000000000004	1.0	0.09486827826551035	0.3730755242138732	0.05004601649771236	0.999029114774052	0.09530933142155934	0.37323152022083306	0.04982915476212871	1.0	0.09492119927834901	0.37316274907258024	?	?	?	?
9000	0.049977777777777774	1.0	0.09519073583375144	0.37319153773696195	0.050149119966033606	0.9991354873108602	0.09549693338439111	0.3733000541897334	0.05000439788936821	1.0	0.09523902803553655	0.37327403573264595	?	?	?	?
10000	0.04995	1.0	0.09514152128813116	0.37315490426796294	0.05010172379012323	0.9995991919581361	0.09541448044802654	0.3732625772466549	0.0499746606681878	1.0	0.09518622362028295	0.3732289214357002	?	?	?	?
