0.5	0.002	0.1	0.00392156862745098	0.10003370785801095	0.1	0.1	0.1	0.1534705731919437	0.1	0.1	0.1	0.16075431337135676	0.1	0.1	0.1	0.1679911785346982
1.0	0.014000000000000002	0.4	0.026579520697167756	0.11564324231551207	0.4	0.35	0.36666666666666664	0.2493486749558076	0.38	0.4	0.3888888888888889	0.27723883117633263	0.38	0.4	0.3888888888888889	0.28095171711366895
2.8	0.024	0.9	0.04660633484162896	0.13328987930412153	0.9	0.9	0.9	0.4459892337126461	0.9	0.9	0.9	0.4464307266042681	0.9	0.9	0.9	0.44817164740898796
3.9	0.03799999999999999	0.8	0.07214712364545883	0.15614166551341044	0.7416666666666666	0.7083333333333333	0.715	0.4643291957590465	0.6766666666666666	0.8	0.7216666666666667	0.48780931713185216	0.6766666666666666	0.8	0.7216666666666667	0.4894583039708391
4.0	0.038	0.9	0.07229795320805307	0.15326115959615116	0.9	0.7833333333333333	0.8266666666666665	0.48074712546272413	0.8149999999999998	0.9	0.8496031746031747	0.5172440082627872	0.8149999999999998	0.9	0.8496031746031747	0.5181210606586601
5.0	0.052000000000000005	0.9	0.0975937409899674	0.17657720868588875	0.7166666666666668	0.7516666666666667	0.6840476190476191	0.48662434468294957	0.5733333333333334	0.8800000000000001	0.6783333333333333	0.5122371956249009	0.6583333333333334	0.9	0.7466233766233765	0.5429775240523803
10.0	0.11800000000000002	1.0	0.20988665498647352	0.2711258246152694	0.9666666666666666	0.5784523809523809	0.7196287046287047	0.5600786733623958	0.5755140692640692	0.956547619047619	0.6976451489686785	0.6120521202268575	0.8334920634920635	0.8419047619047619	0.832542735042735	0.6832832350035676
20.0	0.19	1.0	0.315615059475593	0.36225614707278	0.8367873303167421	0.7149067599067599	0.7450147221199852	0.646315050653385	0.6001792717086835	0.9916666666666666	0.7417469339574603	0.6799891944816561	0.7375625599890305	0.9212509712509712	0.801849444672974	0.7168543904240753
30.0	0.30000000000000004	1.0	0.4588420127818723	0.48398708278752717	0.7541377005347594	0.7550737089707679	0.73578284229103	0.6915141215082461	0.6204910394265233	0.9757247899159666	0.752664717712931	0.7203684050588366	0.7953924408924409	0.8537265675500969	0.8175800570227194	0.762052400314343
50.0	0.522	1.0	0.6840190032087974	0.6831685406210809	0.7911029588921268	0.9000260296924463	0.8379054311624363	0.8102892308984749	0.768615496891359	0.9670099827708523	0.8558504637819306	0.827893174331282	0.8276700666777378	0.9378010889418491	0.8777796516258555	0.8459559940018879
