0.5	0.003333333333333333	0.1	0.0064516129032258064	0.3434618299207588	0.00909090909090909	0.1	0.016666666666666666	0.3952498270282245	0.00625	0.1	0.011764705882352941	0.40481251248333433	0.01	0.1	0.01818181818181818	0.4133427097150998
1.0	0.006666666666666666	0.2	0.012903225806451613	0.3334819283590777	0.020833333333333332	0.2	0.037606837606837605	0.39304139807688815	0.011490683229813664	0.2	0.021666666666666667	0.3939509485207081	0.021111111111111112	0.2	0.038181818181818185	0.4072411266266169
2.8	0.02	0.5	0.038306451612903226	0.33978532590205857	0.07888888888888887	0.5	0.13016917293233082	0.40278982308768574	0.04339285714285714	0.5	0.07747899159663865	0.40809176180334833	0.046294903926482875	0.5	0.08257759784075573	0.4223238145139397
3.9	0.03	0.6	0.056488269794721414	0.3633694941341968	0.10303030303030303	0.6	0.16561771561771563	0.43563809407571086	0.06707875457875459	0.6	0.11721988795518205	0.4481783133321785	0.0773892773892774	0.6	0.13377289377289378	0.4592173049222142
4.0	0.03	0.5	0.055718475073313775	0.3507541772464799	0.1391666666666667	0.5	0.19457070707070706	0.4283680613183292	0.0973109243697479	0.5	0.145522533022533	0.43188373021744253	0.11029761904761906	0.5	0.16533113944878652	0.44426103933969
5.0	0.04666666666666667	0.8	0.08717008797653958	0.37388084941053285	0.13191849816849816	0.7	0.2126381659276396	0.4375323522189323	0.1015236006683375	0.8	0.1760992275698158	0.4553281820501528	0.10164986329460013	0.8	0.17685402832461655	0.4622628244537756
10.0	0.09999999999999999	1.0	0.17824942293632998	0.4171307502542653	0.25334132370897083	0.9666666666666666	0.37353511985090937	0.4916973616235348	0.20148455474693866	1.0	0.32169636113874905	0.4969204247249964	0.24673340548340553	0.9833333333333334	0.37441485329256224	0.5088733080518872
20.0	0.18333333333333332	1.0	0.3041177009056266	0.48368501648965223	0.4732288583449574	0.976388888888889	0.5976485802751114	0.5781329588436724	0.37014657298326026	1.0	0.5196842318926044	0.5840536511440059	0.4374871001031992	0.9888888888888889	0.5745263627953088	0.5927322405591188
30.0	0.29	1.0	0.444839513811362	0.5587441321979693	0.5871824958667065	0.9600000000000002	0.7172877219249544	0.6411137641796647	0.5252721839563945	0.9875	0.6751981047175557	0.6457220089681818	0.5846251409409304	0.956388888888889	0.7146846602751005	0.6545295602902267
50.0	0.55	1.0	0.7053879271894756	0.692664774387871	0.8393771929824562	0.9635515873015873	0.8906400432495893	0.7730350835847469	0.8186866558980572	0.9944444444444445	0.893870002687865	0.7752517203177	0.8224444198732124	0.9894444444444446	0.893545478982143	0.7773558997543331
