0.5	0.004666666666666667	0.5	0.009236667828511676	0.18872897692395263	0.03101972101972102	0.5	0.05653265677855842	0.21565026906941265	0.009483902833284355	0.5	0.018548368270309624	0.21081883953233738	0.021200992702088778	0.5	0.039949579406101145	0.2274356132096063
1.0	0.010666666666666668	0.8	0.020934352670446743	0.1951774256314695	0.09304337237629771	0.78	0.15003046380966292	0.2405485839528671	0.033805708372301	0.8	0.06290336181376974	0.23403196229802808	0.06848096856106009	0.8	0.11923981102997978	0.25357298612782747
2.8	0.019333333333333334	1.0	0.03777554159425277	0.20793595645364843	0.1466013802455322	0.95	0.23677445498680302	0.26224817985538945	0.059965153154369934	1.0	0.11148967910572789	0.256593893791145	0.13277202412618577	0.9833333333333334	0.2222040894142249	0.2759555344962737
3.9	0.029333333333333333	1.0	0.05647054720778409	0.22130881747450473	0.24447699643351814	0.9157142857142857	0.34426654705502735	0.2991309572683932	0.0963564279231634	1.0	0.16732104881172574	0.27845575183523125	0.22444963125110187	0.9607142857142857	0.3286422045997851	0.3155704511703591
4.0	0.029333333333333333	1.0	0.05621154683819733	0.2213607845063142	0.2550309185001211	0.9264285714285714	0.35289722225359316	0.2921330058940829	0.10244243999548526	0.9916666666666666	0.17276659068383152	0.28009682892403137	0.17661397483796626	0.9916666666666666	0.2789920351979175	0.31071307792265435
5.0	0.044	1.0	0.08396165621245939	0.23931735751987165	0.31420597920597915	0.8316666666666667	0.43875923529823463	0.3254736745116386	0.15184135336362453	1.0	0.25166514662616574	0.3126257145229371	0.3271212121212121	0.8927777777777779	0.46661487937349994	0.35362526937636685
10.0	0.12799999999999997	1.0	0.22669111124049088	0.34102561384107516	0.3711573357102722	0.8149258842292898	0.4969153203451769	0.4568208228906638	0.310367095304803	0.952116052162492	0.4647916403036968	0.4584698062886911	0.45439298174592296	0.8337589517465679	0.5782370648585949	0.49513939469164914
20.0	0.21200000000000002	1.0	0.3484331574141192	0.42405320866767404	0.44193973805036724	0.8499244274244276	0.573449889058465	0.5459555496966997	0.4045853301568168	0.934367576867577	0.561874592113738	0.5468959091264363	0.4918014537202384	0.8489183039183039	0.6188367463089901	0.5703977352427857
30.0	0.3026666666666667	1.0	0.4632528709534839	0.5106441929251997	0.47438575047432385	0.8506966204040267	0.6053556631308818	0.5853258207594298	0.45373806032349845	0.8974973080680968	0.5991090723212807	0.5885259205943346	0.5843169610834446	0.7964627791115972	0.6708018187841549	0.6178651503391809
50.0	0.5033333333333333	1.0	0.6683073079012511	0.6682639040966213	0.6213442332599061	0.9122247999373119	0.7351671815007745	0.7110237168262936	0.5997572436817484	0.9395553637870762	0.7305746382646052	0.7099109949688824	0.6521216074564753	0.8972398129465521	0.7537063934173911	0.7229563241214514
