10	0.02	0.2	0.03636363636363636	0.12025125173020346	0.2	0.2	0.2	0.26441367300802854	0.2	0.2	0.2	0.2685596821618676	0.2	0.2	0.2	0.27050143405713767
20	0.034999999999999996	0.5	0.06493506493506493	0.14510889581360328	0.5	0.5	0.5	0.41939779460486076	0.5	0.5	0.5	0.42536172938630906	0.5	0.5	0.5	0.4266822951493281
30	0.04666666666666667	0.8	0.08717008797653958	0.1680195132592704	0.7416666666666667	0.7666666666666667	0.7457142857142858	0.5102923657169848	0.7016666666666667	0.8	0.7407142857142858	0.5101260603221598	0.7266666666666667	0.8	0.755	0.521409794605763
50	0.052000000000000005	0.9	0.0975937409899674	0.17657720868588875	0.7166666666666668	0.7516666666666667	0.6840476190476191	0.48662434468294957	0.5733333333333334	0.8800000000000001	0.6783333333333333	0.5122371956249009	0.6583333333333334	0.9	0.7466233766233765	0.5429775240523803
100	0.05	1.0	0.09428421119677274	0.17317983934410452	0.7696248196248197	0.639047619047619	0.6297186147186146	0.39475259258982676	0.44939640768588135	1.0	0.6065299863535157	0.46574898799378744	0.6585714285714286	0.9107142857142858	0.7304991740285858	0.4983350382134681
150	0.044	1.0	0.08396165621245939	0.16492844563162465	0.6872058823529412	0.5688888888888889	0.590370659841248	0.35674345447020545	0.2809757968266011	1.0	0.4278505316319651	0.36723217822333387	0.6578205128205128	0.7899999999999999	0.6934035409035408	0.4470060324675068
200	0.04650000000000001	1.0	0.0883194391200043	0.16860830393870452	0.5506219474969475	0.6085439560439561	0.5203907925579753	0.3458167771023503	0.23645039755566072	0.9675	0.3705687310911769	0.33413959966400614	?	?	?	?
300	0.048999999999999995	1.0	0.0931293314015812	0.17327772119419876	0.3421649601786684	0.6287939545834283	0.3917171735269051	0.30856094452616445	0.15220122405995262	0.943503075871497	0.2597040471613634	0.27994849093018004	?	?	?	?
400	0.05	1.0	0.09501464355061272	0.17414948118936394	0.27204365259114954	0.5803772399514527	0.3569651533766375	0.30104369428867883	0.14477194957394726	0.8965855048029843	0.24689126257476673	0.2716073395395252	?	?	?	?
500	0.0482	1.0	0.09179118058353863	0.1712296165564752	0.2954598829238618	0.5063284960653383	0.3493540624929714	0.27676579758842834	0.128400300676162	0.9064751135803768	0.223730625012342	0.2575556103789887	?	?	?	?
600	0.04833333333333334	1.0	0.09210139864185803	0.17179814769471893	0.23181493805141967	0.520830040095013	0.30430171030251824	0.26370333507128296	0.11398756741977711	0.9048388037317254	0.20099009523943442	0.24477336518714526	?	?	?	?
700	0.04971428571428571	1.0	0.09460237235563394	0.17356880419311685	0.2313322694778847	0.549078719801989	0.2913831479576864	0.25703712477644347	0.11463868235114194	0.8854609528230071	0.2017015672014594	0.2448161014247127	?	?	?	?
800	0.04937500000000001	1.0	0.0940090278237049	0.17290003070133506	0.16785394762841524	0.602831188801008	0.24956996640581108	0.2509943219365519	0.10241391403261146	0.8941713493747875	0.18326240838006919	0.23267387848478394	?	?	?	?
900	0.04933333333333333	1.0	0.09392870077854568	0.1726335409398503	0.1300097089005227	0.5927131049253248	0.21090234681552317	0.23422487686856047	0.09703209547926164	0.8608048403862693	0.17394684459029933	0.22562733515131056	?	?	?	?
1000	0.0502	1.0	0.09552664504302961	0.17410840855056547	0.1486796109176563	0.5476761806931298	0.22933972149860277	0.2382712839249473	0.0989939992555857	0.840407323373425	0.17658742572168445	0.22681494973532873	?	?	?	?
2000	0.0501	1.0	0.09538777827319198	0.17376964338421436	0.09351104658898146	0.5703060848055782	0.16039781465539865	0.20513361701323457	0.07457433236315873	0.8082843957454052	0.1362980086114669	0.19937267888975047	?	?	?	?
3000	0.050966666666666674	1.0	0.09697332616628912	0.17464409165420258	0.08141808974289946	0.6028005842864916	0.14224055775618138	0.19526438006074034	0.06847337693947814	0.7853510090807303	0.125685477836372	0.1916657744153918	?	?	?	?
4000	0.0494	1.0	0.09413649215127838	0.17217836422868843	0.07055687615887679	0.6519429066270124	0.12683546973549553	0.18725815909939977	0.06334318492313627	0.759008933637664	0.11677450736257237	0.1842511540793514	?	?	?	?
5000	0.04956	1.0	0.09443250346336647	0.17254255168348395	0.06560021277901233	0.6817082814880301	0.11944120767115654	0.1836922503511703	0.0611551460541605	0.7621345488184103	0.11314762422140456	0.18214585518735657	?	?	?	?
6000	0.04973333333333334	1.0	0.09474688306112246	0.17275740306974582	0.06443165125432149	0.6898565188427942	0.11766444365904996	0.18325904520975875	0.05989319218898716	0.780851556171121	0.11116403114383307	0.18124955007969307	?	?	?	?
7000	0.049557142857142855	1.0	0.09442883885475288	0.17251279648194864	0.061172024447662655	0.7247156614124514	0.11250586904364815	0.18064296990582063	0.05964055373232417	0.7609462212343703	0.11045714762737913	0.18030587570495574	?	?	?	?
8000	0.049800000000000004	1.0	0.09486827826551035	0.172974683010133	0.058964887059256545	0.7537391666155409	0.10904954808883052	0.1790981033395514	0.058836468443638656	0.7601730979147104	0.10907799819730694	0.17936664793146334	?	?	?	?
9000	0.049977777777777774	1.0	0.09519073583375144	0.1732336987445423	0.05920702651636885	0.7573019133097019	0.10941411685524596	0.17929814967295535	0.05825285956416004	0.764079176167948	0.10813297908697442	0.17891532754945053	?	?	?	?
10000	0.04995	1.0	0.09514152128813116	0.17318832424868752	0.05772541862944565	0.774124850743828	0.10733007875995529	0.17834535579694286	0.05676095783421743	0.7951031810398657	0.10589375264837783	0.17786830780433052	?	?	?	?
