10	0.030000000000000006	0.2	0.051515151515151514	0.22803593013085677	0.2	0.2	0.2	0.32838760950686197	0.2	0.2	0.2	0.3423906614141243	0.2	0.2	0.2	0.3452687377149454
20	0.030000000000000006	0.4	0.05541125541125541	0.23118728808308187	0.4	0.4	0.4	0.3710583567789317	0.4	0.4	0.4	0.37924064426637605	0.4	0.4	0.4	0.3808800830109374
30	0.03	0.6	0.056488269794721414	0.22338672842058305	0.55	0.5666666666666667	0.5466666666666666	0.34812089282526903	0.3111111111111111	0.6	0.36523809523809525	0.36222340605995357	0.4083333333333333	0.6	0.45666666666666667	0.37196657830672525
50	0.03799999999999999	0.8	0.07214712364545883	0.23301161153841496	0.6083333333333334	0.7333333333333333	0.6166666666666667	0.3666222154884309	0.4519298245614035	0.8	0.5135714285714286	0.3791986630071792	0.5462637362637363	0.8	0.6003968253968253	0.3965198652852839
100	0.027000000000000003	0.8	0.05187775761855658	0.21904460176160567	0.3384615384615385	0.7583333333333333	0.42335987026389504	0.30721713228416003	0.09129615968430098	0.8	0.15861596020623941	0.2793566390637374	0.26925019425019425	0.7833333333333333	0.3574907880790234	0.3247428270834204
150	0.029333333333333333	1.0	0.05647054720778409	0.22130881747450473	0.24447699643351814	0.9157142857142857	0.34426654705502735	0.2991309572683932	0.0963564279231634	1.0	0.16732104881172574	0.27845575183523125	0.22444963125110187	0.9607142857142857	0.3286422045997851	0.3155704511703591
200	0.03150000000000001	1.0	0.060758223786474254	0.22334022611926296	0.24489761219996714	0.86737012987013	0.35661746873955785	0.29182381769094407	0.09287432382939045	1.0	0.16633067386786327	0.27667842977061213	?	?	?	?
300	0.03266666666666666	1.0	0.06302996992044088	0.2240190583826617	0.17510690125092299	0.9019368131868131	0.2865215865836428	0.28724138115649456	0.07915818333759236	0.99375	0.14516942920634157	0.2651517589941192	?	?	?	?
400	0.033249999999999995	1.0	0.06421294543053042	0.22476027126181833	0.14393187538908858	0.8471489621489621	0.23947847224979904	0.2714206936416093	0.07164020697748456	0.9773809523809524	0.13229258541708025	0.2564863857821462	?	?	?	?
500	0.033800000000000004	1.0	0.06522900168708196	0.225786951640118	0.1308442910679964	0.8311190946734424	0.22214246422398495	0.2676011954688156	0.07279750893049143	0.9914545454545454	0.13496256961389347	0.2561393195396779	?	?	?	?
600	0.032	1.0	0.061934046015747944	0.22359619867006247	0.11489370451887262	0.8783671783974988	0.20163101222856344	0.26255368281476704	0.063548517508485	0.9899038461538462	0.11902926757595964	0.2485395745307381	?	?	?	?
700	0.031999999999999994	1.0	0.061947804250816994	0.2235121984487642	0.10149859738017517	0.8839118920393283	0.17880044067070716	0.25719654213765875	0.05993234419158154	0.9888594164456233	0.11273010102252676	0.2457892020125773	?	?	?	?
800	0.031875	1.0	0.061711373226054134	0.2238410612968528	0.08527030879328949	0.9134605568413743	0.1547568505534405	0.2513769531473787	0.05677659746018117	0.9677612678692527	0.10703220969223963	0.24255343004452995	?	?	?	?
900	0.03166666666666666	1.0	0.06132595624558672	0.22354448633212992	0.07161618718858935	0.9245715941650605	0.13235233855495657	0.2457687032430848	0.056947749322500595	0.9644693971082354	0.10732511345241731	0.24159399907221468	?	?	?	?
1000	0.0316	1.0	0.06120937396697647	0.22342463432755083	0.07078467781786743	0.9047687820525695	0.12982691932680962	0.24336733066981503	0.054098531977073275	0.9469316968308904	0.10220781402973503	0.23983633748967614	?	?	?	?
2000	0.03025	1.0	0.05868771561758246	0.2215305993531044	0.042895319100577305	0.91441172832352	0.0818376439376823	0.22817008240501346	0.03956029793966695	0.9341113246733921	0.0758290537764388	0.2271569309510158	?	?	?	?
3000	0.02996666666666667	1.0	0.058164036454103854	0.22140931361379224	0.03739701509220418	0.9322605144512812	0.07189025495861132	0.22502531514432594	0.035259566078471236	0.9399122918063568	0.06793826439163683	0.2244743983411123	?	?	?	?
4000	0.030475000000000002	1.0	0.05913297495188792	0.22161809768851737	0.035804156440403724	0.9397955738489465	0.06895627983581744	0.22394833064467107	0.03505416833616029	0.9490786741730801	0.06760240752843909	0.2239084489572706	?	?	?	?
5000	0.03012	1.0	0.0584663191812828	0.22095381561512192	0.0342964687134726	0.9424743215303775	0.06616758632121009	0.22289417222312954	0.03351096905586651	0.9508410775820406	0.06473202692460123	0.22258295183086801	?	?	?	?
6000	0.03005	1.0	0.058339270883738095	0.22063882335267757	0.03305342455261302	0.9515470689892108	0.06386062860928705	0.22187319350383344	0.03206115553125872	0.963501383913757	0.0620483481567801	0.2216549743196527	?	?	?	?
7000	0.03	1.0	0.05824431422785794	0.22044126121278046	0.03203670870019269	0.9747482235031789	0.06201934432110793	0.22140234316420374	0.03151939227155203	0.9718740343611666	0.06104502477351607	0.2210653589532512	?	?	?	?
8000	0.029949999999999997	1.0	0.058153579869027736	0.22050731987029368	0.031662458180453906	0.9687017974373948	0.0613106841766605	0.22124846399954726	0.03071044129985522	0.985138423466973	0.05955836559776508	0.22090411209656796	?	?	?	?
9000	0.03011111111111111	1.0	0.058457464294047266	0.22065806306787925	0.03152464605035164	0.9758052508721746	0.06106139037186344	0.22121843038946637	0.03069207817592548	0.9867728826153016	0.05952417168112373	0.22086801881643442	?	?	?	?
10000	0.02966	1.0	0.05760824532676121	0.21991087890455324	0.030839702396877423	0.9809868581451893	0.05979193903887675	0.22042892620126248	0.030204790871488123	0.9877554877558591	0.05861216676489935	0.22010765104815905	?	?	?	?
