0.5	0.005	0.1	0.009523809523809523	0.10475362644353492	0.1	0.1	0.1	0.181286940927102	0.1	0.1	0.1	0.1869677664130054	0.1	0.1	0.1	0.1922469950997222
1.0	0.01	0.2	0.019047619047619046	0.11221089067208938	0.2	0.2	0.2	0.23726014340453228	0.2	0.2	0.2	0.24731745127792676	0.2	0.2	0.2	0.2509907212534018
2.8	0.025	0.5	0.047619047619047616	0.12935061963368313	0.5	0.5	0.5	0.39808532067288893	0.5	0.5	0.5	0.40574790365240176	0.5	0.5	0.5	0.40758886303028363
3.9	0.030000000000000006	0.4	0.05541125541125541	0.1475857082994216	0.4	0.4	0.4	0.37252007438236207	0.4	0.4	0.4	0.37708873210734484	0.4	0.4	0.4	0.3779322708589332
4.0	0.03	0.2	0.05217391304347826	0.1362355664694837	0.2	0.13333333333333333	0.16	0.23777016596002082	0.175	0.2	0.18571428571428572	0.2654605095288785	0.2	0.2	0.2	0.2846565128883916
5.0	0.034999999999999996	0.5	0.06493506493506493	0.14510889581360328	0.5	0.5	0.5	0.41939779460486076	0.5	0.5	0.5	0.42536172938630906	0.5	0.5	0.5	0.4266822951493281
10.0	0.1	0.9	0.17652926783361567	0.2435334160521548	0.9	0.75	0.8066666666666666	0.6120807886567557	0.8666666666666668	0.9	0.8800000000000001	0.6856909682319721	0.9	0.875	0.8857142857142858	0.6887478136247276
20.0	0.19999999999999998	1.0	0.32397219527654303	0.37035488116762827	0.9690476190476189	0.8223809523809523	0.8775324675324676	0.7389457229925771	0.8658730158730158	1.0	0.9240800865800866	0.7968345031680176	0.8825396825396826	1.0	0.9331709956709957	0.8045404426889936
30.0	0.28	1.0	0.4336670736670737	0.46537704762568965	0.9046428571428571	0.7979761904761904	0.8331709956709957	0.7587006970225941	0.8444444444444444	0.9800000000000001	0.8974004753416519	0.8222280422442619	0.9144841269841271	0.9657142857142859	0.9319808949220715	0.8492833423570799
50.0	0.5750000000000001	1.0	0.7261282518872652	0.7209408653045221	0.8869616494616495	0.935521978021978	0.907108165713429	0.8763775480600122	0.8623443223443223	1.0	0.9246818870507028	0.8938804750686404	0.8989371739371739	0.99	0.9412686350568882	0.9070960468468627
