10	0.0	0.0	0.0	0.34191221921707804	0.0	0.0	0.0	0.41041970897510627	0.0	0.0	0.0	0.4233239999004006	0.0	0.0	0.0	0.4252708085393394
20	0.005	0.1	0.009523809523809523	0.3421165534087983	0.03333333333333333	0.1	0.05	0.3874394978411161	0.0125	0.1	0.02222222222222222	0.40934122297267994	0.0125	0.1	0.02222222222222222	0.4133940160211669
30	0.003333333333333333	0.1	0.0064516129032258064	0.3434618299207588	0.00909090909090909	0.1	0.016666666666666666	0.3952498270282245	0.00625	0.1	0.011764705882352941	0.40481251248333433	0.01	0.1	0.01818181818181818	0.4133427097150998
50	0.002	0.1	0.00392156862745098	0.33956492908619845	0.0047619047619047615	0.1	0.00909090909090909	0.38140243261120454	0.0037037037037037034	0.1	0.007142857142857143	0.3871925505275796	0.0047619047619047615	0.1	0.00909090909090909	0.39585864510835533
100	0.001	0.1	0.0019801980198019802	0.33596636436101834	0.0020833333333333333	0.1	0.004081632653061224	0.36451795235027784	0.0018181818181818182	0.1	0.0035714285714285713	0.36588370195267506	0.0018518518518518517	0.1	0.0036363636363636364	0.37283606262182295
150	0.004666666666666667	0.5	0.009236667828511676	0.33847531007062936	0.007186889924235445	0.5	0.014154220862113116	0.35775760506744586	0.006246618957181866	0.5	0.0123261068030578	0.3563703333392493	0.008377063473610788	0.5	0.016420302643797114	0.36593187988347997
200	0.005	0.5	0.009881577820306844	0.33954892985801904	0.007751691924630225	0.5	0.015222466772073071	0.3573001021734857	0.0064300352818921405	0.5	0.01266478528787963	0.3546972643372717	?	?	?	?
300	0.004333333333333333	0.6	0.008594001025149269	0.33851970237737483	0.005903602494560111	0.6	0.011676528567022629	0.3497123861926422	0.005601589333272251	0.6	0.011083100833796867	0.3489016407950135	?	?	?	?
400	0.004	0.6	0.007938032654952987	0.33777114574322864	0.005482513000873139	0.6	0.010845967351892647	0.3459040675363393	0.00492972402234958	0.6	0.009764686458562362	0.3449242033741416	?	?	?	?
500	0.004	0.6	0.00794125088835866	0.3365042497124528	0.005117106159944522	0.6	0.010136258872804456	0.3425721799098495	0.004632396798891278	0.6	0.009184743809502344	0.3420180126613366	?	?	?	?
600	0.004166666666666667	0.7	0.008271068734975214	0.33754344727101354	0.004972544968311716	0.7	0.009854672952533252	0.34137705840633087	0.004474094713558413	0.7	0.008875774199328414	0.34086692119386197	?	?	?	?
700	0.004	0.7	0.007940107120416226	0.3374461467543922	0.004480954682507588	0.7	0.0088864979018595	0.34063655995347986	0.004228264981408411	0.7	0.008389359055767109	0.33988541269760425	?	?	?	?
800	0.00375	0.9	0.007453471381284516	0.33585998116748017	0.0041110172179326014	0.9	0.008166000528393502	0.3385189906921853	0.003939079058484481	0.9	0.007826731779969813	0.3380739015132483	?	?	?	?
900	0.004	0.9	0.007952911260523169	0.33581624586893194	0.004338236745305177	0.8875	0.008619705716368204	0.33828389168956813	0.00424143274038985	0.9	0.008430377410628454	0.33771602231934006	?	?	?	?
1000	0.0042	1.0	0.008354682505245337	0.33577276454974736	0.004591292193756611	1.0	0.009128993514724255	0.33773743145744345	0.0043973619820734874	1.0	0.00874546622037084	0.33724520643252365	?	?	?	?
2000	0.004750000000000001	1.0	0.009449649525282686	0.33677242328568874	0.00481390965886687	0.99	0.009575628715403956	0.33738250913747614	0.004787256836347916	1.0	0.009523552788652648	0.3372417382388542	?	?	?	?
3000	0.005299999999999999	1.0	0.010539638818421956	0.3373062823519703	0.005342284835883396	0.9928571428571429	0.010622788609485366	0.33769473781022014	0.005312905306599848	1.0	0.010565148831169055	0.33755375233898316	?	?	?	?
4000	0.005124999999999999	1.0	0.010194041363196866	0.3365870493208281	0.005182748839968261	1.0	0.01030810944144018	0.3368595039057477	0.005131367295402683	1.0	0.010206628020945907	0.3367589316808387	?	?	?	?
5000	0.005020000000000001	1.0	0.009986362201272194	0.3366011408621387	0.005063027219897496	1.0	0.010071532447374085	0.3368369849527346	0.005025412227351387	1.0	0.009997066908993052	0.33673821964630446	?	?	?	?
6000	0.004933333333333334	1.0	0.009814869101506554	0.3368511102235918	0.00497671948687416	1.0	0.009900762651541998	0.3370747674474746	0.0049378802757041144	1.0	0.0098238661717273	0.3369743582656545	?	?	?	?
7000	0.004885714285714287	1.0	0.009720801347234784	0.3363563452908108	0.004925231206321207	1.0	0.00979903272324097	0.33655181024856107	0.004889446221151574	1.0	0.009728186352209438	0.33645834340514097	?	?	?	?
8000	0.004825	1.0	0.009600995542044338	0.33607566322366844	0.004862104378554147	1.0	0.009674449145763162	0.3362506004039045	0.0048280570874731825	1.0	0.009607047349333323	0.33616042050495176	?	?	?	?
9000	0.004722222222222223	1.0	0.009397874306374652	0.33617153630098595	0.00475255723409728	1.0	0.009457966229578696	0.3363230478440133	0.004725081083692557	1.0	0.009403534759429531	0.33624848362068793	?	?	?	?
10000	0.00466	1.0	0.009274522575638761	0.33631366842329025	0.004686775274193977	1.0	0.009327539810671904	0.3364251008324951	0.004662678828274503	1.0	0.009279826162206099	0.336387460765543	?	?	?	?
