10	0.0	0.0	0.0	0.17363842498789722	0.0	0.0	0.0	0.2245678574492352	0.0	0.0	0.0	0.2301861243838519	0.0	0.0	0.0	0.24064453955331078
20	0.01	0.2	0.019047619047619046	0.19688061036998336	0.2	0.2	0.2	0.2888401619590098	0.2	0.2	0.2	0.2953533759507593	0.2	0.2	0.2	0.3032379544846398
30	0.006666666666666666	0.2	0.012903225806451613	0.18738683752920754	0.2	0.2	0.2	0.263637290232258	0.11000000000000001	0.2	0.1181818181818182	0.2638907065982087	0.2	0.2	0.2	0.2808874304276142
50	0.014000000000000002	0.4	0.026579520697167756	0.19689152264735593	0.16833333333333333	0.375	0.20984848484848487	0.26077313113757694	0.10121212121212123	0.4	0.1282663592446201	0.27888116697539356	0.11761904761904762	0.4	0.15496031746031744	0.2890081113549437
100	0.012	0.7	0.023456237026417574	0.19816279392234912	0.1423325693913929	0.675	0.1999654934437543	0.24791395418765233	0.041187271394264494	0.7	0.07444969745879246	0.24398574900552128	0.09776179376179375	0.7	0.1547536945812808	0.2656506298638524
150	0.010666666666666668	0.8	0.020934352670446743	0.1951774256314695	0.09304337237629771	0.78	0.15003046380966292	0.2405485839528671	0.033805708372301	0.8	0.06290336181376974	0.23403196229802808	0.06848096856106009	0.8	0.11923981102997978	0.25357298612782747
200	0.012	1.0	0.023636616143471477	0.19747201496111544	0.07656366812319321	0.93	0.13184363196990367	0.23579367469957288	0.030293764983762538	1.0	0.05813250527468673	0.22865386167230559	?	?	?	?
300	0.011333333333333334	1.0	0.022356033877826566	0.19645582248265464	0.051034631701134515	1.0	0.09455113482207655	0.22685650082451728	0.026001162103127234	1.0	0.050268953350781145	0.22056167391126472	?	?	?	?
400	0.010750000000000001	1.0	0.02123980064046579	0.19685728803100896	0.0395587231381245	1.0	0.07516348869348015	0.2208213196143422	0.02107125575018729	1.0	0.04106086578909103	0.214535767210777	?	?	?	?
500	0.011	1.0	0.021744766855803684	0.19632312327298548	0.035057430172443685	1.0	0.06727351857037757	0.2158124931368901	0.021049263512114984	1.0	0.041129855660612155	0.2110911526535709	?	?	?	?
600	0.010833333333333332	1.0	0.021418043554628945	0.19655490404355205	0.0271621562342226	1.0	0.052538253931775046	0.211369051473489	0.019424676326882606	1.0	0.03800656319671248	0.20849245994452542	?	?	?	?
700	0.01114285714285714	1.0	0.022016638186866628	0.19747819161703636	0.028699929596606038	1.0	0.05534166610237802	0.21159036042712115	0.019698122787323753	1.0	0.03852625573807283	0.2080451072706122	?	?	?	?
800	0.0105	1.0	0.02076411032074535	0.19695601834462778	0.025490029559686107	1.0	0.049440865088129816	0.20932532995191125	0.01738417688523751	1.0	0.03409551303317103	0.20645683337545884	?	?	?	?
900	0.010555555555555554	1.0	0.020874207490988485	0.19672524487720006	0.023231590804044154	0.9818181818181818	0.04516105086192744	0.20713590651805314	0.016701231779153537	1.0	0.03277126553523783	0.2047355344905574	?	?	?	?
1000	0.0104	1.0	0.020572258453182245	0.1962299942867439	0.022194048546682787	0.990909090909091	0.04325839737440143	0.20501554988543763	0.016766859995523117	1.0	0.0329196450956757	0.20349520834908788	?	?	?	?
2000	0.01135	1.0	0.02243491583227613	0.19710461672951768	0.017033512662082577	0.9717149565833777	0.03344471921227187	0.20078756337432763	0.013829525818716718	0.9892659932659933	0.02726558580520256	0.19959597130166978	?	?	?	?
3000	0.011066666666666667	1.0	0.02188398558106019	0.1963325685632426	0.014265509678258903	0.9949968730456537	0.02810688240395943	0.1981234339222261	0.013104643484076648	0.9911973392461197	0.02585167015773333	0.19769631361875928	?	?	?	?
4000	0.010875	1.0	0.021512912022504854	0.19619039386103776	0.012042610901194068	0.9832681534152122	0.02379034319246012	0.19721068082509036	0.011838271885514057	1.0	0.02339516684100901	0.19678581330342496	?	?	?	?
5000	0.010620000000000001	1.0	0.021014905153658635	0.19577893136505137	0.011639893023657682	0.9854216513552538	0.02300392563862237	0.19643771602703736	0.011119499462529766	1.0	0.021991848884569787	0.19617615256067425	?	?	?	?
6000	0.010416666666666668	1.0	0.020617187473265918	0.19570975200372914	0.011098655643213474	0.9868874729088952	0.021948894604131058	0.19622292713137937	0.010834367840631047	0.9934706959706959	0.021433529425296704	0.19596627696394392	?	?	?	?
7000	0.010242857142857144	1.0	0.02027637037169041	0.19543102013007857	0.011043726678820412	0.9887352531534643	0.021840946081105966	0.19587735141849938	0.010498758105538093	0.9986486486486488	0.020776590561808188	0.19560389724225705	?	?	?	?
8000	0.010349999999999998	1.0	0.02048647136434756	0.19551066932718486	0.010792023017563608	0.9915273725838867	0.021349473789573303	0.19585962103409876	0.01056701251262726	0.9988372093023254	0.020910624040300755	0.19564385866329634	?	?	?	?
9000	0.010155555555555555	1.0	0.0201056104103031	0.1952739091391133	0.010450917467956431	0.9926378016652372	0.020682330251254134	0.19553194194103557	0.010258836009172195	0.997872340425532	0.020307378243608856	0.19536003909084737	?	?	?	?
10000	0.009989999999999999	1.0	0.019781052567967836	0.1949576700404977	0.01022352671237375	0.9942020081113473	0.020237241765014107	0.19515048792619402	0.010025782215091959	1.0	0.019851288212461852	0.19501756853168192	?	?	?	?
