10	0.030000000000000006	0.2	0.051515151515151514	0.37431799118180453	0.065	0.2	0.09714285714285714	0.4558785101009256	0.065	0.2	0.09714285714285714	0.4690801480230059	0.065	0.2	0.09714285714285714	0.4721796453424113
20	0.030000000000000006	0.4	0.05541125541125541	0.3771486622293475	0.10607142857142857	0.4	0.1638095238095238	0.4530009615530359	0.06697802197802198	0.4	0.11261904761904762	0.46461204216803614	0.07428571428571429	0.4	0.1231818181818182	0.4755831440931352
30	0.03	0.6	0.056488269794721414	0.3633694941341968	0.10303030303030303	0.6	0.16561771561771563	0.43563809407571086	0.06707875457875459	0.6	0.11721988795518205	0.4481783133321785	0.0773892773892774	0.6	0.13377289377289378	0.4592173049222142
50	0.03799999999999999	0.8	0.07214712364545883	0.3687639201340991	0.1276958401550053	0.8	0.21252094142416725	0.4323147827384163	0.07460692113836129	0.8	0.1346873221701597	0.43178295726478233	0.09538716406703784	0.8	0.16761803388576843	0.4504342333413186
100	0.027000000000000003	0.8	0.05187775761855658	0.35957647894665834	0.06097038937072098	0.7833333333333333	0.10979974450411048	0.3982231349228168	0.04454117235454276	0.8	0.08317795010946075	0.3973384887209924	0.05655929496683325	0.8	0.10326788497267599	0.40883461802467275
150	0.029333333333333333	1.0	0.05647054720778409	0.36022993730321173	0.058452939637522336	0.9857142857142858	0.10630600889250988	0.3924395829868903	0.04714628891931577	1.0	0.08826037571492296	0.3911030379405559	0.05735732610086806	0.9732142857142858	0.10523946781509808	0.40010894881054054
200	0.03150000000000001	1.0	0.060758223786474254	0.3606888454705647	0.05213863805862977	0.9809090909090908	0.09758169254554434	0.3843821065758074	0.0454919454741727	0.990909090909091	0.08627142866394852	0.3839611575613096	?	?	?	?
300	0.03266666666666666	1.0	0.06302996992044088	0.3602665867925431	0.047314007867041166	0.9573076923076924	0.08966499888235054	0.37450022591514176	0.043522882072125305	0.9875	0.08295662229379899	0.375747582411874	?	?	?	?
400	0.033249999999999995	1.0	0.06421294543053042	0.36069342928648357	0.04369008747017607	0.981904761904762	0.0834692478714141	0.37038486513860114	0.04109412738201586	0.9952380952380953	0.0786107189311353	0.36986202446809296	?	?	?	?
500	0.033800000000000004	1.0	0.06522900168708196	0.3617235670005522	0.04264994804197734	0.9827561327561328	0.08152820581055094	0.36849898593623415	0.040747896629551736	0.9866071428571429	0.0781099746719722	0.3685796082750477	?	?	?	?
600	0.032	1.0	0.061934046015747944	0.3603528962224697	0.03783934392702569	0.9883333333333333	0.07279040911475168	0.36505875898384554	0.035905317882979744	0.9870833333333333	0.06922780138532081	0.3646316791457568	?	?	?	?
700	0.031999999999999994	1.0	0.061947804250816994	0.3602022827928477	0.036218656320146245	0.9899038461538462	0.0698039465604306	0.36378834915849484	0.03529738168793205	0.99375	0.06810864951056265	0.36392049418876266	?	?	?	?
800	0.031875	1.0	0.061711373226054134	0.360927064734889	0.03545506324791657	0.9912878787878789	0.06839490803721851	0.36375460556318395	0.03433409449333703	0.9958333333333332	0.06631451882106797	0.3636656630929228	?	?	?	?
900	0.03166666666666666	1.0	0.06132595624558672	0.3607002443981143	0.034166736003297754	0.989103448275862	0.06598353104674658	0.3630995012315513	0.03379839868291536	0.989103448275862	0.0653053849392615	0.36290334647230377	?	?	?	?
1000	0.0316	1.0	0.06120937396697647	0.360577830352844	0.03399641329607035	0.9822419598281668	0.06566920797615884	0.36263014928748943	0.03365466621310019	0.9883025658887729	0.06504577442491405	0.36246429414912706	?	?	?	?
2000	0.03025	1.0	0.05868771561758246	0.35916106492316147	0.03087924085456532	1.0	0.059872277257497206	0.35987632697984545	0.030358364696512746	0.9982456140350877	0.058889491967431665	0.35945118202943604	?	?	?	?
3000	0.02996666666666667	1.0	0.058164036454103854	0.3593293352525998	0.030352735711893775	1.0	0.058889984516738235	0.3596629056337627	0.029993868201162833	1.0	0.05821536352852286	0.3594593980445157	?	?	?	?
4000	0.030475000000000002	1.0	0.05913297495188792	0.3589947882740136	0.030821006240011255	0.9985411140583554	0.05977992410937912	0.35925410263030116	0.030496912346784682	1.0	0.05917424797587824	0.35909934973144464	?	?	?	?
5000	0.03012	1.0	0.0584663191812828	0.35834258913243155	0.030316638584309545	0.9992647058823529	0.058834373667621856	0.35852650173900324	0.030137686217950148	1.0	0.058499614976324554	0.3584200549946749	?	?	?	?
6000	0.03005	1.0	0.058339270883738095	0.35789736633584124	0.030218376570299844	1.0	0.05865595784955931	0.3580388250877738	0.03006808483648344	1.0	0.05837334588531612	0.3579830356397658	?	?	?	?
7000	0.03	1.0	0.05824431422785794	0.3576279692675749	0.030126446770861785	0.9995192307692309	0.05848148320359207	0.3577359779985311	0.03001686886386094	1.0	0.058276088530327175	0.3577102286053349	?	?	?	?
8000	0.029949999999999997	1.0	0.058153579869027736	0.3578056821843776	0.03005400269647296	0.9991589363017933	0.05834796059714355	0.35791331874884524	0.02996434676840947	1.0	0.058180611158258275	0.3578790116994311	?	?	?	?
9000	0.03011111111111111	1.0	0.058457464294047266	0.35784558426991425	0.030203202696682224	0.9992567567567567	0.058629660923519435	0.35792898064431855	0.030122392077681408	1.0	0.05847873341797692	0.35790111795812474	?	?	?	?
10000	0.02966	1.0	0.05760824532676121	0.3571807048439416	0.029755367866997708	1.0	0.05778801372440705	0.35726481824036205	0.029669469506309658	1.0	0.05762610990674292	0.357221279859119	?	?	?	?
