0.5	0.001	0.1	0.0019801980198019802	0.1842412534059308	0.006666666666666666	0.1	0.0125	0.2106304752337118	0.002127659574468085	0.1	0.004166666666666667	0.21263357394359456	0.0038461538461538464	0.1	0.007407407407407407	0.22329625558233315
1.0	0.012	0.7	0.023456237026417574	0.19816279392234912	0.1423325693913929	0.675	0.1999654934437543	0.24791395418765233	0.041187271394264494	0.7	0.07444969745879246	0.24398574900552128	0.09776179376179375	0.7	0.1547536945812808	0.2656506298638524
2.8	0.02	1.0	0.03910259672454967	0.20890875170984793	0.27302051083591333	1.0	0.3829348137242874	0.277449329552578	0.05772444730769921	1.0	0.10698041977759565	0.26204211292189505	0.1521053021053021	1.0	0.24644485144485145	0.291928356293885
3.9	0.027000000000000003	0.8	0.05187775761855658	0.21904460176160567	0.3384615384615385	0.7583333333333333	0.42335987026389504	0.30721713228416003	0.09129615968430098	0.8	0.15861596020623941	0.2793566390637374	0.26925019425019425	0.7833333333333333	0.3574907880790234	0.3247428270834204
4.0	0.031	0.9	0.05921908071005333	0.21952235020357053	0.4244403744403744	0.825	0.46983305966064587	0.3070462805395702	0.1118607551139591	0.9	0.1893286795763576	0.28724638374269024	0.3332967607105538	0.8625	0.4105124507116701	0.32849563174531854
5.0	0.05	1.0	0.09428421119677274	0.24578191806035474	0.45568869855634553	0.8938095238095238	0.563502080994341	0.36718718018185503	0.2363811595837552	1.0	0.3495529631763984	0.35603054408505996	0.39749999999999996	0.9857142857142858	0.5368280085927145	0.3975610304396987
10.0	0.12199999999999997	1.0	0.21610573445470954	0.33474871837143444	0.5272508020082575	0.7881435231435232	0.6096225650910809	0.48056979031764835	0.37344677871148463	0.9706349206349205	0.5301654966066709	0.48750343684709085	0.5187724950655985	0.8851587301587301	0.6324506559183934	0.5138311892699365
20.0	0.20800000000000002	1.0	0.3417953117206318	0.4211902126721145	0.49845796407314474	0.8880976356741416	0.6290198165891016	0.5691130076771206	0.44209254600987735	0.9920062695924765	0.6096219568324174	0.5736453935516901	0.5445399604877352	0.910164463222934	0.6701088935642711	0.5974083003284968
30.0	0.31300000000000006	1.0	0.4741825576760424	0.5180389833764223	0.5610216002138211	0.8359573905335864	0.6645860905884278	0.6174757357060928	0.5104227906782566	0.9222691137641084	0.6513898811948188	0.6216647040583748	0.6432568914717586	0.8512791280811303	0.7294234302091037	0.6627007965911862
50.0	0.5090000000000001	1.0	0.6722856591899338	0.6723451680127253	0.6803062148763047	0.8955193192417739	0.7680453677621263	0.7348782959487712	0.6451884892429687	0.9571164126245814	0.7683075935091926	0.7384889149853995	0.7088725329040056	0.9188217895959158	0.7978014340914034	0.7564258088286159
