10	0.07999999999999999	0.7	0.14242424242424245	0.2854067910356374	0.7	0.7	0.7	0.5213359812552665	0.7	0.7	0.7	0.5270046532246135	0.7	0.7	0.7	0.5287544605406878
20	0.1	0.9	0.17652926783361567	0.30552907631840803	0.875	0.8083333333333333	0.835	0.5217859631116603	0.7866666666666667	0.9	0.8133333333333332	0.5515431890144192	0.8666666666666668	0.9	0.8800000000000001	0.5655855069721396
30	0.09999999999999999	1.0	0.17824942293632998	0.3063905154182771	0.8660714285714285	0.875	0.8363675213675213	0.5119435989975318	0.684551282051282	1.0	0.7674786324786325	0.5407256117846659	0.8294047619047618	0.9833333333333334	0.8793040293040294	0.5571285279819909
50	0.11800000000000002	1.0	0.20988665498647352	0.3281772474075135	0.7988888888888889	0.7555952380952381	0.7246264262053737	0.5144327330211655	0.5767967490026313	0.9833333333333332	0.7058767507002801	0.5581856081215749	0.7312698412698413	0.9157142857142858	0.8028104575163397	0.5814843957508786
100	0.12199999999999997	1.0	0.21610573445470954	0.33474871837143444	0.5272508020082575	0.7881435231435232	0.6096225650910809	0.48056979031764835	0.37344677871148463	0.9706349206349205	0.5301654966066709	0.48750343684709085	0.5187724950655985	0.8851587301587301	0.6324506559183934	0.5138311892699365
150	0.12799999999999997	1.0	0.22669111124049088	0.34102561384107516	0.3711573357102722	0.8149258842292898	0.4969153203451769	0.4568208228906638	0.310367095304803	0.952116052162492	0.4647916403036968	0.4584698062886911	0.45439298174592296	0.8337589517465679	0.5782370648585949	0.49513939469164914
200	0.1255	1.0	0.22256330133197513	0.33718493460284243	0.3262705857761534	0.7875099803578064	0.44900899265100425	0.431597341530696	0.25211947009520824	0.9700833333333334	0.39834638525786337	0.42806902120978885	?	?	?	?
300	0.11300000000000002	1.0	0.20275236969910893	0.32008205915221316	0.25175591629846245	0.8484585011825873	0.3849717596547724	0.4002030848639807	0.2109875276594523	0.9242645738574031	0.3416775598128247	0.3881901754641876	?	?	?	?
400	0.1145	1.0	0.20526383065988346	0.3225510458349521	0.2071438868049663	0.8577614544301037	0.3301762108011615	0.37806637458049003	0.18041489694747953	0.9217756896397681	0.3005275042497267	0.3696107889308058	?	?	?	?
500	0.1136	1.0	0.20366449812039927	0.32167201232649767	0.19512144050028607	0.839112217364973	0.31413758163478334	0.37012553187236374	0.16961834149858934	0.8995941568269613	0.2843215575785383	0.3606557136198757	?	?	?	?
600	0.11333333333333333	1.0	0.20327047484798025	0.3211704137054067	0.18216075121481512	0.835784344869206	0.29790253194946564	0.3617083592433484	0.16263435733405568	0.9067763246129432	0.274768872353139	0.3568733075696084	?	?	?	?
700	0.11000000000000001	1.0	0.19791451662125228	0.3180944432825411	0.1672140830498958	0.860053875293701	0.27864653193278716	0.3535907684367251	0.15286861913242078	0.8892061657693888	0.25977949635147113	0.34687263226146514	?	?	?	?
800	0.10987500000000001	1.0	0.19773927611533648	0.3180704373510451	0.16983882903682934	0.8227322027578229	0.2795587884141469	0.35081742289067475	0.15038900766140842	0.8877686251096577	0.2560850641761508	0.345860031063286	?	?	?	?
900	0.10922222222222222	1.0	0.1966946456558512	0.3173878642580755	0.1664598848579209	0.8127387110712518	0.2747253301390081	0.34826421277834446	0.1489484742251595	0.8779700966122844	0.2536468657466256	0.3433222469512195	?	?	?	?
1000	0.10800000000000001	1.0	0.1947820637432372	0.3160526688444746	0.1563292938666778	0.8143249351039511	0.26097663269845356	0.34156485536165787	0.13967925642485496	0.8914256988674099	0.24087659245568513	0.33634138901425975	?	?	?	?
2000	0.0992	1.0	0.18042345424148415	0.30476427065511935	0.11715645038957764	0.8841851307541331	0.20668956556757942	0.31373159035327797	0.11357949942849635	0.9090884564899246	0.20173775615062609	0.3127800447148934	?	?	?	?
3000	0.0991	1.0	0.18030706820623107	0.3045947807333647	0.1109754421926199	0.9086067585463169	0.19759532181267822	0.31031512333774064	0.10988377677810926	0.915846399284564	0.1960795107817559	0.3099669417308715	?	?	?	?
4000	0.09930000000000001	1.0	0.18065078545138719	0.3043729216600774	0.10602999970053004	0.939220993152768	0.19046459846694325	0.3073674274756707	0.10587653538538774	0.9362724312289931	0.1901574384472373	0.30723233688875473	?	?	?	?
5000	0.09881999999999999	1.0	0.17984830058318163	0.30381245201813506	0.10398563233339593	0.9507114890843326	0.18742073297429435	0.30601827703908513	0.10185138303036192	0.9675375317009532	0.18427576940373472	0.3052298253621092	?	?	?	?
6000	0.09903333333333333	1.0	0.1802047793027404	0.3041182377269595	0.1039689834012056	0.9487090822036697	0.18731436475167276	0.30597742959403695	0.10255418574353539	0.9567391729201221	0.18521021450046016	0.30540220038199495	?	?	?	?
7000	0.0992142857142857	1.0	0.1805026986725743	0.30443099376653254	0.10249368917954449	0.9652174805758605	0.1852497260763293	0.30572795237514405	0.10175336285669298	0.9700444040174283	0.18411008828351308	0.30535405479367933	?	?	?	?
8000	0.09910000000000001	1.0	0.18031719211329394	0.30418271246594053	0.10146993534259155	0.9745831809596632	0.18375923493047489	0.30519120006508726	0.10066609743571915	0.9808877556366051	0.18255201830671294	0.30479620408892094	?	?	?	?
9000	0.09893333333333335	1.0	0.1800438288707954	0.30376136428572803	0.10087347436312391	0.9778877551060454	0.1828514304350493	0.30457447755061984	0.10009402927474394	0.9856399258401305	0.18170038970214203	0.30422189189207105	?	?	?	?
10000	0.09897999999999998	1.0	0.1801225666975505	0.3038195043064367	0.10054055040510376	0.9808350857241402	0.1823616687698202	0.304404482678145	0.09999331172953485	0.9853891817459612	0.1815384971027565	0.30414705966145156	?	?	?	?
