10	0.59	1.0	0.7342326404245909	0.7271439729418276	0.9690476190476189	0.9216666666666666	0.9396381396381395	0.9026132924164842	0.9690476190476189	1.0	0.9832167832167833	0.9435094455957742	0.9690476190476189	1.0	0.9832167832167833	0.9435094455957742
20	0.5750000000000001	1.0	0.7261282518872652	0.7209408653045221	0.8869616494616495	0.935521978021978	0.907108165713429	0.8763775480600122	0.8623443223443223	1.0	0.9246818870507028	0.8938804750686404	0.8989371739371739	0.99	0.9412686350568882	0.9070960468468627
30	0.55	1.0	0.7053879271894756	0.7023193898194583	0.8299469925686106	0.9462301587301587	0.8787201390062995	0.847895996793306	0.8265703691919872	1.0	0.9028001882365155	0.8708542482310154	0.8472734906319508	0.9839181286549706	0.9079261386256239	0.874853703960178
50	0.522	1.0	0.6840190032087974	0.6831685406210809	0.7911029588921268	0.9000260296924463	0.8379054311624363	0.8102892308984749	0.768615496891359	0.9670099827708523	0.8558504637819306	0.827893174331282	0.8276700666777378	0.9378010889418491	0.8777796516258555	0.8459559940018879
100	0.5090000000000001	1.0	0.6722856591899338	0.6723320458908556	0.6853277272075416	0.873226047108076	0.7624759130310115	0.7454851207700852	0.6474053741297388	0.9466534496616184	0.7669113216539565	0.7518853980186923	0.7222318241208696	0.9040340630395722	0.7994768686451095	0.7775948875912487
150	0.5033333333333333	1.0	0.6683073079012511	0.6682999985729454	0.6343472910444204	0.8901821593655933	0.73509856796416	0.7214001295121492	0.6061926224731726	0.924815894898899	0.7309132279400805	0.7195292849258913	0.6790008410766465	0.8613669262915339	0.7572043807310277	0.7395908829538019
200	0.496	1.0	0.6622787163716766	0.6633644447385	0.5972146234917238	0.8840310174354886	0.7095900461588875	0.7003460345107901	0.5740751585289462	0.928020106048159	0.7076275848705107	0.7001411219591699	?	?	?	?
300	0.49066666666666664	1.0	0.6578873118592068	0.659016328164309	0.5446326351607556	0.9253290205348442	0.6844626565833508	0.6790324502543377	0.540623028667741	0.9373046952697847	0.68410651750154	0.6793996927123747	?	?	?	?
400	0.4887499999999999	1.0	0.6563038720251011	0.6577245142236205	0.5286485432829301	0.9361956402063312	0.6746732634491033	0.6713935370540817	0.5160675999277275	0.9604010943231396	0.6707080852184418	0.6689478822490053	?	?	?	?
500	0.4892	1.0	0.6568229962945363	0.6579369421686482	0.5117405682753942	0.9590847193631917	0.6665500512335772	0.6652379342371353	0.5016576409315017	0.9846189258199288	0.664479668536522	0.6641377316977558	?	?	?	?
600	0.4866666666666667	1.0	0.6546171180253904	0.6558635166259481	0.5026652485224952	0.9755104479307665	0.6632352012994834	0.6625175715076924	0.5003113136560258	0.9811693816095225	0.6623812505304894	0.6619251453887346	?	?	?	?
700	0.48257142857142865	1.0	0.6508653499257592	0.6526917861512409	0.49607921126902815	0.9757965519437658	0.6575272001696414	0.6576289077457231	0.49364042205580283	0.9843800563623283	0.657338366699808	0.6575782146536984	?	?	?	?
800	0.4840000000000001	1.0	0.652213371462109	0.6538129649862332	0.49682553090781756	0.9740776826727646	0.6578114077796073	0.6576694325314664	0.4950848911475374	0.9823484072625612	0.6581601923892303	0.658194734494628	?	?	?	?
900	0.4876666666666667	1.0	0.6555536063176401	0.6568133191928043	0.4981565344795609	0.9806685145094143	0.6606123859623525	0.6605414517381026	0.49324178195841933	0.9968036529680365	0.6598668233854024	0.6603532720081076	?	?	?	?
1000	0.48919999999999997	1.0	0.6569055612826993	0.6579448109567341	0.49622019360766245	0.9886017506159419	0.6606966823890645	0.6607964174842722	0.4927565324060567	1.0	0.6601019995458047	0.6606434611016475	?	?	?	?
2000	0.4936	1.0	0.6608293009473855	0.6614934869614488	0.4974577601941462	0.9934513410283905	0.662765753920333	0.6629408519902291	0.4958387592160767	0.9983905579399142	0.6625127407936267	0.6629026503188076	?	?	?	?
3000	0.4962	1.0	0.6631945830682276	0.6637582125063166	0.4981174803999151	0.9970109969907023	0.6642537011241314	0.6646039994907194	0.49711281269942686	1.0	0.66400878104069	0.6644509280588906	?	?	?	?
4000	0.497075	1.0	0.6640097459104086	0.6644755079956227	0.49856442525331446	0.9977894936012974	0.664841487773494	0.6651169587826381	0.4978858851345797	1.0	0.6647318878941482	0.665084453084235	?	?	?	?
5000	0.49826000000000004	1.0	0.6650826171816545	0.6654584538284751	0.49962437631692386	0.9977135972729423	0.6657849052385222	0.6659747647521074	0.49879037200584725	1.0	0.6655540507387505	0.6658567503867644	?	?	?	?
6000	0.4984333333333334	1.0	0.6652497286515064	0.6655888951768383	0.49951456895629265	0.9980759278316811	0.6657740813869722	0.6659724112826575	0.4988418628429245	1.0	0.6656128849649404	0.6658994222110659	?	?	?	?
7000	0.4997000000000001	1.0	0.6663853673527677	0.6665517048634729	0.5007352112681278	0.9982026131371089	0.6669022384103173	0.6669332357794293	0.50004282577492	1.0	0.6666902478797295	0.6668113513313482	?	?	?	?
8000	0.49965000000000004	1.0	0.66634122816207	0.6665070373783379	0.5004091140667066	0.9985494351434726	0.6666918681288878	0.6667608548186463	0.49998844251279007	1.0	0.6666416147464154	0.6667622769226723	?	?	?	?
9000	0.49925555555555556	1.0	0.6659942428758849	0.6661877638440011	0.499820372151998	0.9991972270084304	0.6663190975078206	0.6664377959686629	0.4995891327660158	1.0	0.6662907016292939	0.666438292082377	?	?	?	?
10000	0.49978	1.0	0.6664610512337467	0.6666156675483459	0.5004571472983915	0.9988194895013877	0.6667993913287278	0.6668621645962804	0.5000909473300322	1.0	0.6667369556678173	0.666849011807298	?	?	?	?
