10	0.030000000000000006	0.3	0.05454545454545454	0.2197235301542506	0.3	0.3	0.3	0.3726387683214278	0.3	0.3	0.3	0.37913376187762876	0.3	0.3	0.3	0.37934018466270936
20	0.025	0.5	0.047619047619047616	0.20436912041842445	0.5	0.5	0.5	0.3637125774030365	0.5	0.5	0.5	0.36742957047029345	0.5	0.5	0.5	0.3698481599670095
30	0.02	0.5	0.038306451612903226	0.2016890370989722	0.5	0.5	0.5	0.3200055807016392	0.1915909090909091	0.5	0.23888888888888885	0.31192067197356516	0.37	0.5	0.4	0.3288438227684083
50	0.024	0.9	0.04660633484162896	0.2125765485220216	0.5444444444444445	0.9	0.6166666666666666	0.3135037698061147	0.17742617461657711	0.9	0.23879554655870447	0.30353252842836836	0.3782142857142857	0.9	0.437070707070707	0.32956727575282996
100	0.02	1.0	0.03910259672454967	0.20890875170984793	0.27302051083591333	1.0	0.3829348137242874	0.277449329552578	0.05772444730769921	1.0	0.10698041977759565	0.26204211292189505	0.1521053021053021	1.0	0.24644485144485145	0.291928356293885
150	0.019333333333333334	1.0	0.03777554159425277	0.20793595645364843	0.1466013802455322	0.95	0.23677445498680302	0.26224817985538945	0.059965153154369934	1.0	0.11148967910572789	0.256593893791145	0.13277202412618577	0.9833333333333334	0.2222040894142249	0.2759555344962737
200	0.0195	1.0	0.03807222270748225	0.2066425656247894	0.1728775750081025	0.975	0.2719994208689861	0.2542968501046704	0.050633748697640646	1.0	0.09526434079780936	0.24525431506601705	?	?	?	?
300	0.01966666666666667	1.0	0.0384356746204942	0.20759639091089443	0.09601405740203775	0.9583333333333334	0.1665573290303494	0.24784331996928982	0.04848966255325961	0.9875	0.09160074387908132	0.24085443994623557	?	?	?	?
400	0.021	1.0	0.041025514285332396	0.20913331334830493	0.07847058583082944	0.9595238095238094	0.14306181694296594	0.2452472833562999	0.050111785312443514	1.0	0.09488557912077177	0.23802470369488105	?	?	?	?
500	0.020399999999999998	1.0	0.03991368572609033	0.20795814197680723	0.07836674335259254	0.9521911421911421	0.14160908090619145	0.2426537919082586	0.044756920261568876	1.0	0.08527520738905633	0.23272847786783135	?	?	?	?
600	0.021166666666666667	1.0	0.0413920474841374	0.20890623138672484	0.07268083489267445	0.9733592796092797	0.13330698686494108	0.23884559646624876	0.044705418416308026	0.9944444444444445	0.08521731757319621	0.23175705770149352	?	?	?	?
700	0.020428571428571428	1.0	0.039976112866856726	0.20798084366339592	0.06280954102888582	0.9487511671335203	0.11649197866492655	0.23159390239167346	0.04019152716745771	0.9889880952380953	0.07704537915271885	0.22645853018574802	?	?	?	?
800	0.021625	1.0	0.042269984736184804	0.20935798552068055	0.05436370864804133	0.9579485398278305	0.10216415331007003	0.2318451285958431	0.04250294622728398	0.9958333333333333	0.0813267904958977	0.22884181146527852	?	?	?	?
900	0.021555555555555557	1.0	0.042144787337654935	0.20898160392806003	0.05495576860210464	0.9429847113670643	0.10297680415184685	0.22864165064664563	0.04186268142463165	0.9833791208791208	0.08012115117349326	0.22586196971234726	?	?	?	?
1000	0.021299999999999996	1.0	0.04167509762081627	0.20881947459783615	0.050686195220032274	0.9365695970695971	0.09556795826778275	0.22648561537281459	0.03955062672166071	0.9919871794871795	0.07599249702840957	0.2231390361313937	?	?	?	?
2000	0.021049999999999996	1.0	0.041219163989070065	0.20897182750223223	0.03172120455159395	0.947504038471625	0.06131781535284059	0.2160123349175953	0.029738160519752747	0.9640137070964936	0.057633718729609026	0.21527430188720306	?	?	?	?
3000	0.019933333333333334	1.0	0.0390799642945766	0.20759021693657714	0.026973085175611887	0.937511790528234	0.05242436082455626	0.2113194445770737	0.024739689743417732	0.9529853470490668	0.04820670858473897	0.21071790644045948	?	?	?	?
4000	0.020474999999999993	1.0	0.040120005008026004	0.2084330535856464	0.026152279810996538	0.9312597087958097	0.05084761033079086	0.21110107010407306	0.02421901149654851	0.9503943765124487	0.047220419262443226	0.21068716669562998	?	?	?	?
5000	0.020059999999999998	1.0	0.03932480711373386	0.20767261739223883	0.02343207689108844	0.9584742117865245	0.04572532154750558	0.20950041962692106	0.02295807146641808	0.9610134471683931	0.04482631871561374	0.20936172611789608	?	?	?	?
6000	0.020233333333333332	1.0	0.0396605743427719	0.20803101726935372	0.02295274384559643	0.9694622288972949	0.044835973021919	0.2095310433775337	0.022306372187008743	0.9769212698202597	0.04361134003513791	0.20927866757302063	?	?	?	?
7000	0.020557142857142857	1.0	0.0402827019787378	0.2085018613402819	0.022661149041796568	0.9710617830710795	0.04428419960887575	0.2095374985632013	0.022374577239321205	0.9747103500446501	0.04374077323961272	0.20944883205910622	?	?	?	?
8000	0.020637499999999996	1.0	0.040437788597018035	0.2085288405900554	0.02238622241285666	0.9780472261808087	0.04376780103730095	0.2094385521806703	0.022391629343005363	0.9766100043036463	0.04377588245783846	0.20931374496558464	?	?	?	?
9000	0.02056666666666667	1.0	0.04030258375690167	0.20852036225658463	0.021901978112258753	0.9806298541441082	0.04284412597312816	0.2092056738463078	0.021739248814777422	0.9820946456201789	0.042534178132258585	0.20904906676881882	?	?	?	?
10000	0.02062	1.0	0.04040516531078468	0.20863700660558115	0.021529355794915123	0.9814156092768066	0.04213236779319126	0.20915356869605603	0.02149912022254412	0.9832204509206843	0.04207653530651922	0.2090420950263275	?	?	?	?
