10	0.0	0.0	0.0	0.09078941663447973	0.0	0.0	0.0	0.1298521673396573	0.0	0.0	0.0	0.13147583181441216	0.0	0.0	0.0	0.1379980322269513
20	0.01	0.2	0.019047619047619046	0.11221089067208938	0.2	0.2	0.2	0.23726014340453228	0.2	0.2	0.2	0.24731745127792676	0.2	0.2	0.2	0.2509907212534018
30	0.006666666666666666	0.2	0.012903225806451613	0.10419129882990139	0.2	0.2	0.2	0.21924794874541798	0.2	0.2	0.2	0.2264865564470017	0.2	0.2	0.2	0.23219440107652586
50	0.014000000000000002	0.4	0.026579520697167756	0.11564324231551207	0.4	0.35	0.36666666666666664	0.2493486749558076	0.38	0.4	0.3888888888888889	0.27723883117633263	0.38	0.4	0.3888888888888889	0.28095171711366895
100	0.012	0.7	0.023456237026417574	0.1148635404638751	0.6666666666666666	0.65	0.6466666666666667	0.261824498072818	0.33853803059685406	0.7	0.38076960076960076	0.24559263829225975	0.6571428571428571	0.7	0.6727272727272727	0.2840145850875778
150	0.010666666666666668	0.8	0.020934352670446743	0.11207723497116814	0.75	0.7266666666666666	0.7321428571428571	0.23680706762952974	0.2854854129322214	0.8	0.32816565554432087	0.2215899871477577	0.6285714285714286	0.8	0.6792982456140351	0.24829537208346036
200	0.012	1.0	0.023636616143471477	0.11455725384019404	0.7716666666666667	0.8183333333333334	0.7578571428571428	0.22966366380583367	0.3305242833451788	1.0	0.40836127592134275	0.23597681664100878	?	?	?	?
300	0.011333333333333334	1.0	0.022356033877826566	0.11341760050408374	0.462564745196324	0.7916666666666667	0.5428710178710178	0.2115865874921409	0.0876338643245028	1.0	0.1520578475311565	0.1812512414886613	?	?	?	?
400	0.010750000000000001	1.0	0.02123980064046579	0.11312859868202003	0.4208635224424698	0.7326190476190476	0.48190333476047764	0.18911941075626304	0.043005668346896675	1.0	0.08174644798648398	0.15112536947153082	?	?	?	?
500	0.011	1.0	0.021744766855803684	0.11306558204109285	0.2982593077716917	0.7404761904761905	0.3951899039185567	0.19246794894269292	0.04439642917988827	1.0	0.08436857305822444	0.15114116166711716	?	?	?	?
600	0.010833333333333332	1.0	0.021418043554628945	0.11304374501015708	0.1832968529453394	0.689325396825397	0.28125477363978507	0.17614983196255452	0.03758234884087327	0.9833333333333334	0.07206832174808754	0.14362525791624536	?	?	?	?
700	0.01114285714285714	1.0	0.022016638186866628	0.11382157771357526	0.16619646326948076	0.6490079365079365	0.25547268010154245	0.17102369269448342	0.03505658415913188	1.0	0.06750023255145568	0.1421247364055857	?	?	?	?
800	0.0105	1.0	0.02076411032074535	0.11296598511254385	0.15344016390261098	0.7057359307359307	0.24163734281211205	0.1657744303785642	0.03249559240516355	0.9766233766233766	0.06265342602266129	0.138954620647584	?	?	?	?
900	0.010555555555555554	1.0	0.020874207490988485	0.11288927132926714	0.12183156892809147	0.7298051948051948	0.1990048466926789	0.16176933389296674	0.0322711826227813	0.9818181818181818	0.0622426995749123	0.13702589908274374	?	?	?	?
1000	0.0104	1.0	0.020572258453182245	0.11248089303634752	0.12478178794297853	0.7065734265734265	0.20382040576204846	0.15906271695354054	0.03129057331931449	1.0	0.060534924914646	0.1354643978267536	?	?	?	?
2000	0.01135	1.0	0.02243491583227613	0.11380610756927334	0.05540643229315247	0.7332916420387817	0.10077800714441136	0.1400082047909889	0.023855430749938074	0.9699450646819068	0.046538166938708256	0.1268560160968657	?	?	?	?
3000	0.011066666666666667	1.0	0.02188398558106019	0.11313238517305406	0.03689068040083542	0.7422162758265793	0.06966865135193259	0.12991824779135502	0.019147555737980534	0.9536219108520958	0.03751839485727561	0.12144802827076813	?	?	?	?
4000	0.010875	1.0	0.021512912022504854	0.11288551355131475	0.02884348993063836	0.7252936557240588	0.05505765221092594	0.12430432929299909	0.016510759814698517	0.9300790174358765	0.032426054959735794	0.11862563617593362	?	?	?	?
5000	0.010620000000000001	1.0	0.021014905153658635	0.11243400046137522	0.021477761741621314	0.7606485348485703	0.041717118568220336	0.12046807470538294	0.015785443187624128	0.9065136207657758	0.0310061828126402	0.11745716408492313	?	?	?	?
6000	0.010416666666666668	1.0	0.020617187473265918	0.11221508008391082	0.019513854276462423	0.7420455255422576	0.037970296123135	0.1187107196765814	0.014508652429686478	0.9053200757324247	0.028554249387281478	0.11612223647015352	?	?	?	?
7000	0.010242857142857144	1.0	0.02027637037169041	0.11190734477641025	0.017058913825286674	0.7921038907890512	0.03335454204468099	0.11714720204785008	0.013938384292086204	0.8937768736961835	0.027444113268969866	0.11523431229934282	?	?	?	?
8000	0.010349999999999998	1.0	0.02048647136434756	0.11204642609538477	0.015792438153488443	0.7877916711695008	0.030937708595121273	0.115932609938814	0.01339748973521566	0.888095689530552	0.026386105254124492	0.11478099463638389	?	?	?	?
9000	0.010155555555555555	1.0	0.0201056104103031	0.11174360550931799	0.015592934414550164	0.786249280774606	0.03055362987827715	0.11552072440315964	0.013229643010522018	0.8735752367899327	0.02605886958858043	0.11421524528108562	?	?	?	?
10000	0.009989999999999999	1.0	0.019781052567967836	0.11142292896834687	0.01481800194933956	0.7811409221440289	0.02905843674176637	0.11468659186539454	0.012772571262846814	0.8897224076212495	0.025175424054537154	0.11371982466860794	?	?	?	?
