0.5	0.004666666666666667	0.5	0.009236667828511676	0.10323007917095173	0.5	0.5	0.5	0.18629132483959238	0.08263852813852815	0.5	0.11011744686530314	0.14772045635332293	0.5	0.5	0.5	0.190653989263969
1.0	0.010666666666666668	0.8	0.020934352670446743	0.11207723497116814	0.75	0.7266666666666666	0.7321428571428571	0.23680706762952974	0.2854854129322214	0.8	0.32816565554432087	0.2215899871477577	0.6285714285714286	0.8	0.6792982456140351	0.24829537208346036
2.8	0.019333333333333334	1.0	0.03777554159425277	0.12672017720371617	0.7952380952380953	0.7666666666666667	0.7488311688311688	0.2910708725336234	0.30954405862290046	1.0	0.4114475777135624	0.2855963533633398	0.6833333333333333	0.9416666666666667	0.7538095238095237	0.3421140253991185
3.9	0.029333333333333333	1.0	0.05647054720778409	0.14256525825219407	0.8761904761904763	0.7205952380952381	0.7512121212121212	0.3212412467317354	0.33738082580187845	0.9675	0.4413864093675408	0.32326235438238987	0.6225133689839571	0.887142857142857	0.695464303670186	0.3691027767999809
4.0	0.029333333333333333	1.0	0.05621154683819733	0.142468979099504	0.6942857142857142	0.8288095238095238	0.7268253968253968	0.3503174534240605	0.3061257157967684	0.9916666666666666	0.432762300019482	0.32587315296331376	0.7273809523809524	0.8847619047619049	0.7686796536796535	0.37624280429458173
5.0	0.044	1.0	0.08396165621245939	0.16492844563162465	0.6872058823529412	0.5688888888888889	0.590370659841248	0.35674345447020545	0.2809757968266011	1.0	0.4278505316319651	0.36723217822333387	0.6578205128205128	0.7899999999999999	0.6934035409035408	0.4470060324675068
10.0	0.12799999999999997	1.0	0.22669111124049088	0.2857778583427829	0.5193965014061932	0.5829488382274761	0.5261977706309688	0.4638801110270271	0.3271833958469516	0.9070044094192701	0.4780994443225052	0.46821468730381	0.5080545314304905	0.7629244456953435	0.598343206541704	0.5379627872201106
20.0	0.21200000000000002	1.0	0.3484331574141192	0.38715562776239715	0.4975762585871478	0.7521635771635771	0.5756383761749009	0.5496899509391109	0.4164569910583727	0.906979501979502	0.5663101672157069	0.5566037958226067	0.544295447736885	0.7817018167018167	0.6342261421617149	0.5979306996789371
30.0	0.3026666666666667	1.0	0.4632528709534839	0.48733863374296343	0.5266574704064648	0.7663387232676249	0.6165449834421421	0.5955050531840302	0.4957020060787961	0.8618257975888881	0.6268189171281189	0.613306442045521	0.6050565249077625	0.7743247058239917	0.6768857292686248	0.6460274091609772
50.0	0.5033333333333333	1.0	0.6683073079012511	0.6682999985729454	0.6343472910444204	0.8901821593655933	0.73509856796416	0.7214001295121492	0.6061926224731726	0.924815894898899	0.7309132279400805	0.7195292849258913	0.6790008410766465	0.8613669262915339	0.7572043807310277	0.7395908829538019
