0.5	0.002	0.1	0.00392156862745098	0.00392156862745098	0.1	0.1	0.1	0.1	0.1	0.1	0.1	0.1	0.1	0.1	0.1	0.1
1.0	0.014000000000000002	0.4	0.026579520697167756	0.026579520697167756	0.4	0.35	0.36666666666666664	0.36666666666666664	0.38	0.4	0.3888888888888889	0.3888888888888889	0.38	0.4	0.3888888888888889	0.3888888888888889
2.8	0.024	0.9	0.04660633484162896	0.04660633484162896	0.9	0.9	0.9	0.9	0.9	0.9	0.9	0.9	0.9	0.9	0.9	0.9
3.9	0.03799999999999999	0.8	0.07214712364545883	0.07214712364545883	0.7666666666666666	0.6833333333333333	0.7066666666666667	0.7066666666666667	0.6766666666666666	0.8	0.7216666666666667	0.7216666666666667	0.7416666666666666	0.7416666666666666	0.735	0.735
4.0	0.038	0.9	0.07229795320805307	0.07229795320805307	0.9	0.7833333333333333	0.8266666666666665	0.8266666666666665	0.8149999999999998	0.9	0.8496031746031747	0.8496031746031747	0.8550000000000001	0.8666666666666668	0.8546031746031746	0.8546031746031746
5.0	0.052000000000000005	0.9	0.0975937409899674	0.0975937409899674	0.7166666666666668	0.7266666666666667	0.665	0.665	0.5900000000000001	0.8800000000000001	0.6916666666666667	0.6916666666666667	0.7916666666666667	0.8	0.7747186147186147	0.7747186147186147
10.0	0.11800000000000002	1.0	0.20988665498647352	0.20988665498647352	0.9071428571428571	0.5025000000000001	0.6355844155844157	0.6355844155844157	0.5622059884559885	0.956547619047619	0.6883080808080808	0.6883080808080808	0.8334920634920635	0.8419047619047619	0.832542735042735	0.832542735042735
20.0	0.19	1.0	0.315615059475593	0.315615059475593	0.8476301476301475	0.5905477855477856	0.6743387314439946	0.6743387314439946	0.6115805444985012	0.9839743589743589	0.749226024193766	0.749226024193766	0.808896593602476	0.8304176379176379	0.8105930344165637	0.8105930344165637
30.0	0.30000000000000004	1.0	0.4588420127818723	0.4588420127818723	0.8315384615384614	0.6315482475041299	0.706674421365866	0.706674421365866	0.6546342465687163	0.9405672268907562	0.761290824505773	0.761290824505773	0.8288339993339994	0.8183419521654816	0.8198323092749717	0.8198323092749717
50.0	0.522	1.0	0.6840190032087974	0.6840190032087974	0.7869071896148714	0.874819264942953	0.8216543537613383	0.8216543537613383	0.7583082290827567	0.9713578088578088	0.8509655192432717	0.8509655192432717	0.8276700666777378	0.9378010889418491	0.8777796516258555	0.8777796516258555
