10	0.18	0.9	0.2911754911754912	0.3414010258344865	0.9	0.8666666666666666	0.8800000000000001	0.7727119663352198	0.9	0.9	0.9	0.7917974966994507	0.9	0.9	0.9	0.7936260596337623
20	0.19999999999999998	1.0	0.32397219527654303	0.37035488116762827	0.9690476190476189	0.8223809523809523	0.8775324675324676	0.7389457229925771	0.8658730158730158	1.0	0.9240800865800866	0.7968345031680176	0.8825396825396826	1.0	0.9331709956709957	0.8045404426889936
30	0.18333333333333332	1.0	0.3041177009056266	0.35327750515355066	0.8571428571428571	0.739047619047619	0.7727838827838828	0.6624160719502153	0.6658397158397158	1.0	0.7882747154805978	0.7134087653626188	0.8015873015873016	0.968888888888889	0.866240440845704	0.7578155899721108
50	0.19	1.0	0.315615059475593	0.36225614707278	0.8367873303167421	0.7149067599067599	0.7450147221199852	0.646315050653385	0.6001792717086835	0.9916666666666666	0.7417469339574603	0.6799891944816561	0.7375625599890305	0.9212509712509712	0.801849444672974	0.7168543904240753
100	0.20800000000000002	1.0	0.3417953117206318	0.38249504646001375	0.5435491209738035	0.7431261062873199	0.610336758094601	0.5712536571851405	0.46399290427980355	0.9621986733905775	0.6206896149390594	0.5966167411930705	0.5828354765518051	0.8663538685202852	0.6790541415715831	0.6338032494314234
150	0.21200000000000002	1.0	0.3484331574141192	0.38715562776239715	0.4975762585871478	0.7521635771635771	0.5756383761749009	0.5496899509391109	0.4164569910583727	0.906979501979502	0.5663101672157069	0.5566037958226067	0.544295447736885	0.7817018167018167	0.6342261421617149	0.5979306996789371
200	0.21050000000000005	1.0	0.3462025900165474	0.38577885532391815	0.45197499973353655	0.7116052654734878	0.5437102870656237	0.5230148106207768	0.3741058918598028	0.9167042067975494	0.527170454621692	0.5253732894627413	?	?	?	?
300	0.21233333333333335	1.0	0.3490103261391275	0.38779501735148497	0.36579560344097783	0.7640425819155376	0.49326161816801334	0.4910207193026842	0.3395356544000253	0.8603786446603079	0.48340035485306937	0.4887689427332644	?	?	?	?
400	0.20500000000000002	1.0	0.3396610708313087	0.3795390302416136	0.3190561828950032	0.7647435303820116	0.4485340218654371	0.45668942708603383	0.29659364148438216	0.8470554731767447	0.43752290051013515	0.4518666827061016	?	?	?	?
500	0.19939999999999997	1.0	0.33222494349674087	0.37321929199162174	0.299600751341322	0.7602692866783891	0.42573644654153064	0.4366464212643879	0.2818539341956562	0.8504345108092141	0.42159625746667084	0.4382662260695545	?	?	?	?
600	0.19733333333333333	1.0	0.3293077041718501	0.37062168318444844	0.2859738831463864	0.7590025250693448	0.4125400767304736	0.4261726959436559	0.27163693605434264	0.8184479252401685	0.40609288294765455	0.424750055191477	?	?	?	?
700	0.19428571428571426	1.0	0.3251466462209357	0.3672222720690224	0.2695796211655398	0.7559893085829257	0.3949831361599343	0.41294539238372463	0.25202020809996395	0.8342774320654762	0.3848021844908698	0.40846381041506097	?	?	?	?
800	0.19675	1.0	0.32860801943701445	0.37008690439591446	0.2628091031394999	0.7635818548461841	0.3894482387203989	0.4095262966512319	0.2517119691511559	0.8289757512434436	0.3840211793471734	0.40844261822018824	?	?	?	?
900	0.198	1.0	0.3303860921805037	0.37157844733415246	0.25189128555194146	0.792527629164712	0.38152121620682367	0.40561807607040096	0.24983841447896457	0.8206965284990304	0.3810369986929659	0.4054591963317308	?	?	?	?
1000	0.1963	1.0	0.3280110889948483	0.3695586387725501	0.2479374109823674	0.7666398479171476	0.37350605178701807	0.3973326979982572	0.23979824436015096	0.8326189697018369	0.36985722642286645	0.3975379922907464	?	?	?	?
2000	0.1997	1.0	0.33287789706646903	0.37338441241869075	0.22308067825098726	0.8547420441158137	0.3532525049187364	0.3851955457301547	0.22017497267029168	0.8780946342547796	0.3515731613536752	0.3846028814760843	?	?	?	?
3000	0.20099999999999998	1.0	0.3347061921510801	0.3747444840519002	0.21630809467188197	0.8932321970862933	0.34783433281080967	0.3822424402406512	0.21581416809177675	0.8985855692842538	0.34757975175226885	0.3821507046990211	?	?	?	?
4000	0.20045000000000002	1.0	0.3339442468786653	0.3742998042513625	0.20943295923157113	0.933111108622515	0.3419288162064279	0.37891205056797383	0.20839933085720785	0.9410214660470284	0.3409955082168727	0.37834217681659776	?	?	?	?
5000	0.19949999999999996	1.0	0.33261931213303775	0.37328459171570516	0.2049582044484688	0.9511739242135746	0.33715656060311405	0.375700660623767	0.20370532724513937	0.9623171022031848	0.3360266242389152	0.37506003925070747	?	?	?	?
6000	0.1996	1.0	0.3327567772299661	0.3735289317603312	0.20384634292731157	0.9583616666199151	0.33611129820717245	0.3752092278793404	0.20201538678453262	0.9793022629787993	0.33485302217606994	0.37475190755869964	?	?	?	?
7000	0.1986	1.0	0.33137539995845144	0.3723376477398512	0.2017511324661941	0.9699262941371651	0.33398021697749114	0.37368735278772214	0.2004735170061874	0.9863561763049218	0.33315221532168615	0.3734076264119461	?	?	?	?
8000	0.19878749999999998	1.0	0.33163531162071147	0.37259728896899297	0.2016143150562295	0.9734235408323804	0.33399664604991053	0.3737805279237486	0.1996761870433857	0.9966016362492134	0.33267279537072203	0.3733472105013652	?	?	?	?
9000	0.19892222222222222	1.0	0.33182427864125197	0.37272477194537074	0.20155091268040998	0.9737607704784292	0.33393193901422596	0.37375268780416854	0.2004134171850196	0.9889073324113274	0.3332639127584646	0.3736287326860118	?	?	?	?
10000	0.19919	1.0	0.3321975699275937	0.3730412533345999	0.20086128768579886	0.9867101902409944	0.3337561978500783	0.37395642592823597	0.200187629587835	0.993842576673815	0.333236080009176	0.3737260186579271	?	?	?	?
