10	0.18	0.9	0.2911754911754912	0.2911754911754912	0.9	0.8666666666666666	0.8800000000000001	0.8800000000000001	0.9	0.9	0.9	0.9	0.9	0.9	0.9	0.9
20	0.19999999999999998	1.0	0.32397219527654303	0.32397219527654303	0.9857142857142858	0.7857142857142857	0.8646031746031747	0.8646031746031747	0.8569444444444443	1.0	0.9176698301698302	0.9176698301698302	0.8825396825396826	1.0	0.9331709956709957	0.9331709956709957
30	0.18333333333333332	1.0	0.3041177009056266	0.3041177009056266	0.8823809523809525	0.6464285714285714	0.7272510822510823	0.7272510822510823	0.6825063825063825	1.0	0.8016080488139311	0.8016080488139311	0.8863492063492062	0.893888888888889	0.8788778034830667	0.8788778034830667
50	0.19	1.0	0.315615059475593	0.315615059475593	0.8476301476301475	0.5905477855477856	0.6743387314439946	0.6743387314439946	0.6115805444985012	0.9839743589743589	0.749226024193766	0.749226024193766	0.808896593602476	0.8304176379176379	0.8105930344165637	0.8105930344165637
100	0.20800000000000002	1.0	0.3417953117206318	0.3417953117206318	0.6083583200425305	0.5902312346500548	0.5897720263687641	0.5897720263687641	0.4589890806115605	0.9569512970787335	0.6164104019296929	0.6164104019296929	0.6205509667159957	0.7868449865976103	0.6773761040065388	0.6773761040065388
150	0.21200000000000002	1.0	0.3484331574141192	0.3484331574141192	0.5661513892865583	0.5841865541865542	0.554460802543767	0.554460802543767	0.4194266120436745	0.8955485255485256	0.5684632985765452	0.5684632985765452	0.5932243750872783	0.7213936063936064	0.6400601539982083	0.6400601539982083
200	0.21050000000000005	1.0	0.3462025900165474	0.3462025900165474	0.5134672777320023	0.5948867971805514	0.5380045610169308	0.5380045610169308	0.3809113154377103	0.8904960399167674	0.5289325527681596	0.5289325527681596	?	?	?	?
300	0.21233333333333335	1.0	0.3490103261391275	0.3490103261391275	0.4176592180224182	0.6347163124961239	0.4968311318335286	0.4968311318335286	0.34905115285481403	0.8281089694808562	0.48742318422503966	0.48742318422503966	?	?	?	?
400	0.20500000000000002	1.0	0.3396610708313087	0.3396610708313087	0.37121525702724223	0.5579883028387636	0.4404059602154041	0.4404059602154041	0.31180916985933893	0.7941982304748803	0.44527443729562677	0.44527443729562677	?	?	?	?
500	0.19939999999999997	1.0	0.33222494349674087	0.33222494349674087	0.33408057645291667	0.6251832755210862	0.42834498892458106	0.42834498892458106	0.29588138575160444	0.7970320668692422	0.4292117689660425	0.4292117689660425	?	?	?	?
600	0.19733333333333333	1.0	0.3293077041718501	0.3293077041718501	0.33109215871203	0.5618126634369413	0.4117836714579551	0.4117836714579551	0.2772852997723289	0.7830679668169311	0.40713599140218937	0.40713599140218937	?	?	?	?
700	0.19428571428571426	1.0	0.3251466462209357	0.3251466462209357	0.2971345597805284	0.6310048304368454	0.3961850507767348	0.3961850507767348	0.26809063502016606	0.7682643370050841	0.3940870471018795	0.3940870471018795	?	?	?	?
800	0.19675	1.0	0.32860801943701445	0.32860801943701445	0.29071530889104985	0.6242892598973343	0.391573640724122	0.391573640724122	0.26100380381601906	0.7719467934877329	0.38767698576466253	0.38767698576466253	?	?	?	?
900	0.198	1.0	0.3303860921805037	0.3303860921805037	0.2806639016340515	0.6381842067640653	0.3848709513835939	0.3848709513835939	0.25827620793210304	0.757566354375143	0.38374637689482244	0.38374637689482244	?	?	?	?
1000	0.1963	1.0	0.3280110889948483	0.3280110889948483	0.27183979258599467	0.6450848511221543	0.3773011181850047	0.3773011181850047	0.2512711649198372	0.7598946917391893	0.3756758635920111	0.3756758635920111	?	?	?	?
2000	0.1997	1.0	0.33287789706646903	0.33287789706646903	0.23701480823820265	0.7421828919408693	0.357694576010308	0.357694576010308	0.23086235936083935	0.7847548478127923	0.35554562927606825	0.35554562927606825	?	?	?	?
3000	0.20099999999999998	1.0	0.3347061921510801	0.3347061921510801	0.22447206229397304	0.8006540081928533	0.3496847780225045	0.3496847780225045	0.22037890594324386	0.8389936555083229	0.3486712548230204	0.3486712548230204	?	?	?	?
4000	0.20045000000000002	1.0	0.3339442468786653	0.3339442468786653	0.21879424992608382	0.8226015358286505	0.34497449122295654	0.34497449122295654	0.2133679750270515	0.8803669224686381	0.3431266241962603	0.3431266241962603	?	?	?	?
5000	0.19949999999999996	1.0	0.33261931213303775	0.33261931213303775	0.21369246359634694	0.8336716308027269	0.33970903054836565	0.33970903054836565	0.2088089195208201	0.8921794990610831	0.3380666801041765	0.3380666801041765	?	?	?	?
6000	0.1996	1.0	0.3327567772299661	0.3327567772299661	0.20840558301941106	0.8924426566050576	0.3375567114938169	0.3375567114938169	0.20611778348662563	0.9212137838343226	0.3366807518589883	0.3366807518589883	?	?	?	?
7000	0.1986	1.0	0.33137539995845144	0.33137539995845144	0.20618402354835066	0.903264984941166	0.33532307100340275	0.33532307100340275	0.20482693781593753	0.9175945218521242	0.33459649133004377	0.33459649133004377	?	?	?	?
8000	0.19878749999999998	1.0	0.33163531162071147	0.33163531162071147	0.20554841193969886	0.903275063554003	0.3346197506336586	0.3346197506336586	0.20242414129812922	0.950564250495822	0.3336992220043254	0.3336992220043254	?	?	?	?
9000	0.19892222222222222	1.0	0.33182427864125197	0.33182427864125197	0.20408767696758412	0.9244027769499793	0.33424530020321896	0.33424530020321896	0.2017396375664911	0.9664861866108598	0.33376910555911066	0.33376910555911066	?	?	?	?
10000	0.19919	1.0	0.3321975699275937	0.3321975699275937	0.20314002302096829	0.9426987780059782	0.334160771986277	0.334160771986277	0.201839331519546	0.9638342795075753	0.33370467485298316	0.33370467485298316	?	?	?	?
