0.5	0.0	0.0	0.0	0.09828136888229373	0.0	0.0	0.0	0.13234146617789985	0.0	0.0	0.0	0.14386528488678965	0.0	0.0	0.0	0.14453643951176795
1.0	0.0	0.0	0.0	0.09078941663447973	0.0	0.0	0.0	0.1298521673396573	0.0	0.0	0.0	0.13147583181441216	0.0	0.0	0.0	0.1379980322269513
2.8	0.030000000000000006	0.3	0.05454545454545454	0.14093934961633503	0.3	0.3	0.3	0.33406549519925866	0.3	0.3	0.3	0.34295749585915647	0.3	0.3	0.3	0.34451011902284645
3.9	0.030000000000000006	0.2	0.051515151515151514	0.1441290231293551	0.2	0.2	0.2	0.2714433198029764	0.2	0.2	0.2	0.2803716668393291	0.2	0.2	0.2	0.2803716668393291
4.0	0.030000000000000006	0.2	0.051515151515151514	0.13582795007184484	0.2	0.2	0.2	0.2794963307803615	0.2	0.2	0.2	0.2880580183206997	0.2	0.2	0.2	0.28841504308826926
5.0	0.02	0.2	0.03636363636363636	0.12025125173020346	0.2	0.2	0.2	0.26441367300802854	0.2	0.2	0.2	0.2685596821618676	0.2	0.2	0.2	0.27050143405713767
10.0	0.07999999999999999	0.7	0.14242424242424245	0.21682613965007866	0.7	0.7	0.7	0.5955538733098787	0.7	0.7	0.7	0.5979426713535944	0.7	0.7	0.7	0.5979426713535944
20.0	0.18	0.9	0.2911754911754912	0.3414010258344865	0.9	0.8666666666666666	0.8800000000000001	0.7727119663352198	0.9	0.9	0.9	0.7917974966994507	0.9	0.9	0.9	0.7936260596337623
30.0	0.32	1.0	0.47239427239427234	0.5003793616419852	1.0	0.8333333333333333	0.902857142857143	0.8099789887632683	0.9399999999999998	1.0	0.9638888888888889	0.8745057985133489	0.9800000000000001	0.9666666666666666	0.9688888888888888	0.8752626883582388
50.0	0.59	1.0	0.7342326404245909	0.7271439729418276	0.9690476190476189	0.9216666666666666	0.9396381396381395	0.9026132924164842	0.9690476190476189	1.0	0.9832167832167833	0.9435094455957742	0.9690476190476189	1.0	0.9832167832167833	0.9435094455957742
