0.5	0.005	0.1	0.009523809523809523	0.269971651892282	0.05	0.1	0.06666666666666667	0.3224401234830151	0.02	0.1	0.03333333333333333	0.33616897666097867	0.02	0.1	0.03333333333333333	0.34042309279502325
1.0	0.01	0.2	0.019047619047619046	0.2741812242123181	0.15	0.2	0.16666666666666666	0.3413771898615653	0.04242424242424242	0.2	0.06666666666666667	0.34759829964383393	0.06999999999999999	0.2	0.1	0.36207407242202966
2.8	0.025	0.5	0.047619047619047616	0.27348322669019204	0.275	0.5	0.33999999999999997	0.36117799636025183	0.12083333333333332	0.5	0.18603174603174605	0.37543243763511586	0.13428571428571429	0.5	0.20500000000000002	0.386352997020697
3.9	0.030000000000000006	0.4	0.05541125541125541	0.3073873626206759	0.2733333333333333	0.4	0.3071428571428571	0.39355149843457604	0.12777777777777777	0.4	0.17857142857142855	0.4081825469523047	0.1361111111111111	0.4	0.19	0.41240556014048985
4.0	0.03	0.2	0.05217391304347826	0.2835277059275736	0.2	0.16666666666666666	0.18	0.3604626630622406	0.2	0.2	0.2	0.3866875475018089	0.2	0.2	0.2	0.39268421892386485
5.0	0.034999999999999996	0.5	0.06493506493506493	0.28664851382391265	0.30333333333333334	0.5	0.35	0.38749318768123	0.21000000000000002	0.5	0.2690476190476191	0.39663573570280625	0.22833333333333333	0.5	0.2819047619047619	0.40134394492446734
10.0	0.1	0.9	0.17652926783361567	0.36307798459152496	0.65	0.875	0.7073809523809524	0.48905689525570384	0.42619769119769124	0.9	0.5076812076812077	0.49703113803875026	0.45277777777777783	0.9	0.5507142857142857	0.5091215431932778
20.0	0.19999999999999998	1.0	0.32397219527654303	0.4546815483195309	0.8457142857142855	0.9290476190476191	0.8789610389610389	0.6030719425691469	0.5878968253968254	1.0	0.6969555444555444	0.6188513158625851	0.7068253968253968	1.0	0.7998376623376624	0.6425878504911158
30.0	0.28	1.0	0.4336670736670737	0.5245246454990702	0.8652777777777778	0.9732142857142858	0.9067016317016318	0.7022071343073514	0.8539682539682542	1.0	0.9157843137254902	0.7070031685621955	0.8859126984126984	0.9857142857142858	0.9264253393665159	0.7112708138602365
50.0	0.5750000000000001	1.0	0.7261282518872652	0.7102078654651325	0.8735409035409036	0.9646153846153848	0.9134338719079509	0.8225118875456806	0.8679853479853479	0.9923076923076923	0.9241324365012522	0.8315777862002147	0.8915012765012765	0.9923076923076923	0.937675706246568	0.8395415103275715
