10	0.030000000000000006	0.2	0.051515151515151514	0.13582795007184484	0.2	0.2	0.2	0.2794963307803615	0.2	0.2	0.2	0.2880580183206997	0.2	0.2	0.2	0.28841504308826926
20	0.03	0.2	0.05217391304347826	0.1362355664694837	0.2	0.13333333333333333	0.16	0.23777016596002082	0.175	0.2	0.18571428571428572	0.2654605095288785	0.2	0.2	0.2	0.2846565128883916
30	0.03	0.5	0.055718475073313775	0.13924766487378917	0.5	0.4333333333333333	0.45999999999999996	0.35609323634507967	0.475	0.5	0.48571428571428577	0.38505528410424467	0.475	0.5	0.48571428571428577	0.39156038596044923
50	0.038	0.9	0.07229795320805307	0.15326115959615116	0.9	0.7833333333333333	0.8266666666666665	0.48074712546272413	0.8149999999999998	0.9	0.8496031746031747	0.5172440082627872	0.8149999999999998	0.9	0.8496031746031747	0.5181210606586601
100	0.031	0.9	0.05921908071005333	0.14284790353204738	0.8166666666666668	0.735	0.7702380952380953	0.3909455340581963	0.6203334596438045	0.9	0.7013962013962014	0.3875462603724916	0.8071428571428572	0.7925	0.7895238095238095	0.41124963850577034
150	0.029333333333333333	1.0	0.05621154683819733	0.142468979099504	0.6942857142857142	0.8288095238095238	0.7268253968253968	0.3503174534240605	0.3061257157967684	0.9916666666666666	0.432762300019482	0.32587315296331376	0.7273809523809524	0.8847619047619049	0.7686796536796535	0.37624280429458173
200	0.03449999999999999	1.0	0.0662396175883581	0.14923092494013138	0.6463095238095239	0.5993650793650793	0.6088235294117647	0.3295143302642687	0.24676094629928724	0.9928571428571429	0.3931493293707594	0.32601768645569174	?	?	?	?
300	0.034666666666666665	1.0	0.06683315825508465	0.15038397838748918	0.4914068385975079	0.49608974358974356	0.47167042093277123	0.2811336639664058	0.15669819216844033	0.9928571428571429	0.2689742307552182	0.2711495273698017	?	?	?	?
400	0.03525	1.0	0.06797253598623587	0.1511652580139235	0.3296124531153601	0.502137633608222	0.37353121147078155	0.25856188786765627	0.1141318331932426	0.9818181818181818	0.20347461019057267	0.23561741725271848	?	?	?	?
500	0.036199999999999996	1.0	0.06969868311714629	0.15252617466291007	0.30653700579161647	0.4877804125698863	0.3371158172060928	0.2411374498906346	0.10280744156079862	0.9517487468671678	0.18545213385628573	0.22690545090521574	?	?	?	?
600	0.03833333333333333	1.0	0.07365001011853126	0.15542342420126926	0.2023459753132689	0.5849342263479349	0.2746344011450393	0.24195048588547344	0.0972924640821179	0.9291355155929925	0.17554946257255738	0.22214785150923225	?	?	?	?
700	0.039142857142857146	1.0	0.07519190311345661	0.15691718988183753	0.16541574049619137	0.6661510711510712	0.2446535625883286	0.2396173971784013	0.09316455960078421	0.9189299589299589	0.16849728456115348	0.21833571517113545	?	?	?	?
800	0.03875	1.0	0.07450436390572021	0.15624586696126902	0.1707863993698003	0.5901556669239596	0.24820842507028376	0.2374259493841922	0.08335112277361552	0.925843569136252	0.1521549693065103	0.20807778270281824	?	?	?	?
900	0.03866666666666667	1.0	0.07436830072688223	0.15637440282534726	0.14288494161540963	0.5999474967296334	0.22207971437586407	0.22652735658116868	0.07839794369558903	0.9202930445345323	0.14417864695229865	0.20316747631662743	?	?	?	?
1000	0.0386	1.0	0.07424593251224142	0.1561517437785567	0.12017058153511025	0.657016511521336	0.19784267859710672	0.21952560430288579	0.0737359154968164	0.8950961814857967	0.1360030349386684	0.19733047890714703	?	?	?	?
2000	0.03895	1.0	0.07494402731634302	0.15683925235164664	0.07796940195531064	0.6030377481622191	0.13742597642126037	0.18759667921786455	0.058487706291083075	0.8166133051462185	0.10889970618419416	0.17817349642827268	?	?	?	?
3000	0.04030000000000001	1.0	0.07745358657597719	0.15899321918606174	0.06529720111211924	0.6391232190318796	0.11764117803424105	0.17833359510203597	0.053671903460741965	0.7957245470357079	0.10039455642043879	0.17251299259694863	?	?	?	?
4000	0.040675	1.0	0.07816427429103129	0.15948230769304517	0.057823693761026675	0.6783195297910123	0.10620699512883425	0.17303090442926267	0.051517516181981096	0.8025156186399466	0.09665708874569998	0.16991466660419946	?	?	?	?
5000	0.04038	1.0	0.07762024331926932	0.15901122745783894	0.055153784070176015	0.6867516436426642	0.10179898338644369	0.170092522603599	0.048492720320741804	0.8194017674935189	0.09148039014277871	0.16643825410986843	?	?	?	?
6000	0.04053333333333333	1.0	0.07790375888844811	0.1592117453471745	0.052427563632060734	0.7107880946609132	0.09744204227982449	0.16795423387167546	0.0489795524111796	0.7958508719880035	0.09212629462544408	0.16647576288493013	?	?	?	?
7000	0.03981428571428571	1.0	0.076577381808176	0.1581886849644683	0.05013999466262238	0.7332413456145864	0.09379570199497567	0.16610553559249	0.04665731848891023	0.8174479705532531	0.08821291966105668	0.16400678628946147	?	?	?	?
8000	0.039850000000000003	1.0	0.0766446545309816	0.1583286003949389	0.04920642518287103	0.7310703303301123	0.09213169625251308	0.16495567668690234	0.046324904329071666	0.8110010703203019	0.08757194233289309	0.16362236402192026	?	?	?	?
9000	0.039933333333333335	1.0	0.076798142237962	0.15847426730589476	0.04776106391531841	0.7654120581873265	0.08979098214392034	0.1640503812037412	0.04545347434154282	0.8312324286434427	0.08618113858263747	0.16305882229192536	?	?	?	?
10000	0.040179999999999993	1.0	0.07725386516513522	0.15886184712174936	0.047273750621700764	0.7796973530074682	0.08906927998601152	0.16400812915586196	0.04525834221682081	0.841206887973903	0.08587013244953859	0.16325392209855544	?	?	?	?
