10	0.030000000000000006	0.3	0.05454545454545454	0.14093934961633503	0.3	0.3	0.3	0.33406549519925866	0.3	0.3	0.3	0.34295749585915647	0.3	0.3	0.3	0.34451011902284645
20	0.025	0.5	0.047619047619047616	0.12935061963368313	0.5	0.5	0.5	0.39808532067288893	0.5	0.5	0.5	0.40574790365240176	0.5	0.5	0.5	0.40758886303028363
30	0.02	0.5	0.038306451612903226	0.12357693922762061	0.5	0.5	0.5	0.3585291870997869	0.5	0.5	0.5	0.360557118011294	0.5	0.5	0.5	0.3651589535696671
50	0.024	0.9	0.04660633484162896	0.13328987930412153	0.9	0.9	0.9	0.4459892337126461	0.9	0.9	0.9	0.4464307266042681	0.9	0.9	0.9	0.44817164740898796
100	0.02	1.0	0.03910259672454967	0.12785821924177584	0.8066666666666666	0.85	0.7782539682539682	0.32497549355672406	0.5275735294117647	1.0	0.6105472013366751	0.3402498233492294	0.8316666666666667	0.9666666666666666	0.8800000000000001	0.37836826165215887
150	0.019333333333333334	1.0	0.03777554159425277	0.12672017720371617	0.7952380952380953	0.7666666666666667	0.7488311688311688	0.2910708725336234	0.30954405862290046	1.0	0.4114475777135624	0.2855963533633398	0.6833333333333333	0.9416666666666667	0.7538095238095237	0.3421140253991185
200	0.0195	1.0	0.03807222270748225	0.12615084678984373	0.5844047619047619	0.7845238095238096	0.6371428571428572	0.2834532346867512	0.351613085988086	1.0	0.44530443756449956	0.2727323176281806	?	?	?	?
300	0.01966666666666667	1.0	0.0384356746204942	0.12683194136003195	0.41855455818691106	0.7295238095238095	0.49205397106595106	0.2556970940339288	0.12420757446835315	0.9857142857142858	0.2157820282621922	0.2223335092455081	?	?	?	?
400	0.021	1.0	0.041025514285332396	0.12885153164663427	0.49514541971438525	0.5889466089466089	0.46394781144781144	0.23062919955496883	0.115845868691862	0.961111111111111	0.2006519934843931	0.21756844932330677	?	?	?	?
500	0.020399999999999998	1.0	0.03991368572609033	0.127701258982061	0.3686955702562746	0.545114885114885	0.36748052294907285	0.2083184309628144	0.07679104218270247	0.9909090909090909	0.1406528271770212	0.18900599900809076	?	?	?	?
600	0.021166666666666667	1.0	0.0413920474841374	0.12889318830125585	0.24287358622495456	0.6027167277167277	0.30681132381862	0.21363428378957647	0.07040022482816277	0.9467719780219781	0.1293899829865096	0.18247409333605508	?	?	?	?
700	0.020428571428571428	1.0	0.039976112866856726	0.12774194990099597	0.1604456745377686	0.6425419270272212	0.23987317725037527	0.19626498326620384	0.057303002580087706	0.9298611111111112	0.10761409120485355	0.1705959566062307	?	?	?	?
800	0.021625	1.0	0.042269984736184804	0.12954041698425028	0.19343614957292563	0.6230785261649106	0.2616277182477337	0.1997172768082172	0.06369455223133061	0.9395055573716901	0.11828834540947224	0.1766998556421135	?	?	?	?
900	0.021555555555555557	1.0	0.042144787337654935	0.12927745420583023	0.1474909320683844	0.6357372529431353	0.22551064187510517	0.19668063900927332	0.05488613257913516	0.9485583044406575	0.10351528399450338	0.16828600504267233	?	?	?	?
1000	0.021299999999999996	1.0	0.04167509762081627	0.1289740933482277	0.13760988354082623	0.6244764418587948	0.2026837996035173	0.18726671278416837	0.050725613142888926	0.9559584859584861	0.09620996288700241	0.1640008723234494	?	?	?	?
2000	0.021049999999999996	1.0	0.041219163989070065	0.12884818686169688	0.0770407915620411	0.6406893892137325	0.1309000102596398	0.16052812853707898	0.036236817055557806	0.8938848615297472	0.06957374325020056	0.14733846257381644	?	?	?	?
3000	0.019933333333333334	1.0	0.0390799642945766	0.1271182987253951	0.0508444082243162	0.6647272903912608	0.09351277138756228	0.15067347904587192	0.03263300383513872	0.8411991695553548	0.06279139173315905	0.14161460381009128	?	?	?	?
4000	0.020474999999999993	1.0	0.040120005008026004	0.12805276916131322	0.043217626806285034	0.6673458213945132	0.08090445241178647	0.14612133497419472	0.03144798393431826	0.821108282591527	0.060545281037931956	0.13981866849779626	?	?	?	?
5000	0.020059999999999998	1.0	0.03932480711373386	0.1272747893066835	0.038945958011424184	0.6462452021339468	0.07324890570784856	0.14127718201178183	0.029279633658027566	0.7990109559525621	0.05643204246971254	0.1366571608147968	?	?	?	?
6000	0.020233333333333332	1.0	0.0396605743427719	0.12762351880346545	0.03667521701903642	0.6362637726244298	0.06917715597628918	0.1389752396394382	0.029270626641893366	0.7906163806011759	0.05642675299593769	0.13676320441381545	?	?	?	?
7000	0.020557142857142857	1.0	0.0402827019787378	0.12816433394889998	0.03399888569669771	0.6570405988970422	0.06450135506940927	0.13752639523718774	0.027835988838422403	0.795455446191779	0.0537790988571535	0.13545191272201898	?	?	?	?
8000	0.020637499999999996	1.0	0.040437788597018035	0.12824978665192463	0.030973160397814864	0.6855064419582798	0.0591741510983191	0.13584006705807752	0.02776996382195167	0.7783956742451205	0.05361745323317437	0.1350396101683659	?	?	?	?
9000	0.02056666666666667	1.0	0.04030258375690167	0.12818341468210395	0.02915633901313467	0.7159354437313366	0.055980830545557456	0.13485879170214532	0.026819102013021005	0.7904267777448204	0.0518586645261937	0.13392162840034824	?	?	?	?
10000	0.02062	1.0	0.04040516531078468	0.1282938580402572	0.02886378684391038	0.7149717151918097	0.05542778602161984	0.13439826590719622	0.025998951775633883	0.7999543802625622	0.05034630727032676	0.1331597159812649	?	?	?	?
