10	0.32	1.0	0.47239427239427234	0.5762952288188007	0.7478571428571429	0.975	0.807936507936508	0.6719413273686535	0.6159523809523809	1.0	0.7377777777777778	0.6784516068980817	0.6445238095238095	1.0	0.7544444444444445	0.6831491469835079
20	0.28	1.0	0.4336670736670737	0.552165835965465	0.6317587967587968	1.0	0.7572747007034933	0.6567580363696398	0.5639130314130314	1.0	0.7104706713994638	0.6578973506212363	0.6191144966144966	0.9714285714285715	0.7344202512313966	0.666294989893965
30	0.29	1.0	0.444839513811362	0.5587441321979693	0.5871824958667065	0.9600000000000002	0.7172877219249544	0.6411137641796647	0.5252721839563945	0.9875	0.6751981047175557	0.6457220089681818	0.5846251409409304	0.956388888888889	0.7146846602751005	0.6545295602902267
50	0.30000000000000004	1.0	0.4588420127818723	0.5543198823626769	0.5338542010070761	0.9503235653235654	0.6740931996338237	0.6246815460710702	0.5070788006127274	0.98109243697479	0.6615450679452346	0.637636874382769	0.5821880848418183	0.9398287007110536	0.7083307603878192	0.6474587802911487
100	0.31300000000000006	1.0	0.4741825576760424	0.5592080892429279	0.4418682762939924	0.9460077049387394	0.5988072278388058	0.5961597171008436	0.4177501695516496	0.9693205750947687	0.5816989074942628	0.5971514687780843	0.497660660065227	0.9258032065240075	0.6425737004554141	0.612810036145234
150	0.3026666666666667	1.0	0.4632528709534839	0.555065751708095	0.39406850538392113	0.9424946495402244	0.5533131235120311	0.5834974518067687	0.38423784029179425	0.9469733176548738	0.5441656237272073	0.5794896582408577	0.45530721958631953	0.877169041553778	0.5946422381627356	0.5932448649523504
200	0.302	1.0	0.4626063416479367	0.5539839687519802	0.37390768988226675	0.9239824112056795	0.5295778912691054	0.5737844117510731	0.3557406418633368	0.9500429234826125	0.5164183411153661	0.5719116804186228	?	?	?	?
300	0.30266666666666664	1.0	0.46386251760099195	0.5541382430324182	0.34010375400829485	0.9619503999032071	0.5008331263021366	0.5648570308184452	0.3306734857012482	0.9785691224443613	0.4929534818697336	0.5642691372105573	?	?	?	?
400	0.30824999999999997	1.0	0.4707656636799749	0.5567544100056383	0.33773660340373335	0.9691480798311671	0.49936399976867174	0.564630502608132	0.3291904973533669	0.9808844976051507	0.4915341852340136	0.564295309052333	?	?	?	?
500	0.3086	1.0	0.4712254343190799	0.5568865400702753	0.3282193488263331	0.9786439489902617	0.4909014199946922	0.5633262253557678	0.3253484302733764	0.9819149092238263	0.48809825739467216	0.563374298316111	?	?	?	?
600	0.31033333333333335	1.0	0.473393762023061	0.5580097019905894	0.3245600590088167	0.9776751359279681	0.4869428913376902	0.5623258862939916	0.32229811650283374	0.9864332217101678	0.48546958626835507	0.5625853162528769	?	?	?	?
700	0.308	1.0	0.4707460075816175	0.5560776813666913	0.3210663557743574	0.9768034224468938	0.4827693485752733	0.5591687699556478	0.31779888987653926	0.9843388193363319	0.48014974265288873	0.559301509645542	?	?	?	?
800	0.31025	1.0	0.4733948243550728	0.5580801241118837	0.3196721947909203	0.9904187912255263	0.4831917997503513	0.5608633367743644	0.3181243176284402	0.9933850027553683	0.48175023836556086	0.5607078702809581	?	?	?	?
900	0.31022222222222223	1.0	0.4734162090536035	0.5581324701435938	0.3168688328157293	0.9888107009324434	0.47979510625594973	0.5598841107650856	0.3147772651229851	0.994743520352562	0.47814819727462093	0.5599692122427343	?	?	?	?
1000	0.3076	1.0	0.47033101856300696	0.556450190223341	0.31324976879233	0.9913046098640871	0.4758447594283178	0.5580676474799897	0.3110015463556295	0.9966614975631369	0.4739330230070521	0.5578688579661347	?	?	?	?
2000	0.30145000000000005	1.0	0.46320893857254114	0.551025769069394	0.30377326910954666	0.9978239481074646	0.46570618230891475	0.5518410878005862	0.30247429481609805	1.0	0.4644198196567729	0.5516386542768978	?	?	?	?
3000	0.29993333333333333	1.0	0.46143387221346366	0.5498550999308004	0.3012974819461997	0.9982238074742702	0.46285611878779126	0.5502914562506153	0.30039423539362786	1.0	0.4619789768517329	0.5501617072039615	?	?	?	?
4000	0.29879999999999995	1.0	0.4600992827251555	0.5488214166978528	0.2997379630549838	0.9989989819139289	0.4611031553154544	0.5491620773856338	0.2990772548920513	1.0	0.4604275854804582	0.5490115505044557	?	?	?	?
5000	0.29856000000000005	1.0	0.45978958318830604	0.5492295596167064	0.2993438319602992	0.9991251706157283	0.46062778988246816	0.5494724127875606	0.29882975183602933	1.0	0.46010896393095413	0.5493942963689669	?	?	?	?
6000	0.2981	1.0	0.45925470477978936	0.548485218726793	0.29887200283511844	0.9987722093761642	0.4600386344028169	0.5486783581297386	0.2983348149658691	1.0	0.4595327162895001	0.5486165103388638	?	?	?	?
7000	0.29788571428571436	1.0	0.4590026462778319	0.5484470215915086	0.29859101817988176	0.9986968008524009	0.45970219120923905	0.5486487374445252	0.29809095741258523	1.0	0.45924580672973514	0.5485786942320707	?	?	?	?
8000	0.29823750000000004	1.0	0.45943181118867304	0.5487543445526344	0.29893657792079886	0.9993267045282161	0.4601884556806084	0.5489582188933924	0.29842098322842336	1.0	0.4596491145684588	0.5488711379699766	?	?	?	?
9000	0.2984666666666667	1.0	0.4597094156389893	0.5489382828909234	0.29907478300867707	0.9994793858140545	0.460373956604057	0.5491305802257929	0.2986330841850869	1.0	0.4599065161690959	0.5490441664697122	?	?	?	?
10000	0.29834	1.0	0.4595621414887317	0.5491033454659251	0.2987862652677786	0.9994278741165138	0.46003046802151737	0.5492418713523122	0.29848055990342565	1.0	0.4597287409035352	0.5491882271463849	?	?	?	?
