0.5	0.001	0.1	0.0019801980198019802	0.33596636436101834	0.0020833333333333333	0.1	0.004081632653061224	0.36451795235027784	0.0018181818181818182	0.1	0.0035714285714285713	0.36588370195267506	0.0018518518518518517	0.1	0.0036363636363636364	0.37283606262182295
1.0	0.012	0.7	0.023456237026417574	0.344411838111229	0.024602216955158136	0.7	0.04676823906102882	0.3793476627978822	0.019523623303294258	0.7	0.03751555827572878	0.3761386693540416	0.026175354880927502	0.7	0.04954131478721643	0.3859065804164974
2.8	0.02	1.0	0.03910259672454967	0.351595230181879	0.03717812815570894	1.0	0.07129396875078205	0.38659164918339683	0.030564759537494508	1.0	0.058961891746681504	0.3832099756336123	0.039243536878006344	1.0	0.07513265183066675	0.39524998758187263
3.9	0.027000000000000003	0.8	0.05187775761855658	0.35957647894665834	0.06097038937072098	0.7833333333333333	0.10979974450411048	0.3982231349228168	0.04454117235454276	0.8	0.08317795010946075	0.3973384887209924	0.05655929496683325	0.8	0.10326788497267599	0.40883461802467275
4.0	0.031	0.9	0.05921908071005333	0.35522944453539307	0.05878750752804551	0.9	0.10801264230558874	0.3911863394524763	0.05132140150601792	0.9	0.095214787586644	0.39271866092091473	0.0641384205934444	0.8875	0.11672676497096231	0.40324569266522836
5.0	0.05	1.0	0.09428421119677274	0.3749027763275847	0.1297749803480411	0.9857142857142858	0.2184850533734915	0.41440863372655556	0.08243668661751917	1.0	0.14957004133888926	0.41448520781199666	0.11083555780867038	0.9714285714285715	0.1904711548011772	0.42627025186547884
10.0	0.12199999999999997	1.0	0.21610573445470954	0.43828373636689316	0.24525881106555353	0.9877777777777779	0.3836905131777628	0.4914636909838288	0.21456884560770334	1.0	0.34889231614339156	0.48977274517548886	0.24947943731338293	0.9833333333333334	0.3910191770895051	0.5017570302348515
20.0	0.20800000000000002	1.0	0.3417953117206318	0.4931447045767644	0.38018224017232	0.9536403856895082	0.5380780262899152	0.558101827378727	0.35293323354136075	0.9883333333333333	0.5177043631750247	0.5562905937933182	0.3935622648495333	0.9490073145245559	0.5504261694609733	0.5654851057478524
30.0	0.31300000000000006	1.0	0.4741825576760424	0.5592080892429279	0.4418682762939924	0.9460077049387394	0.5988072278388058	0.5961597171008436	0.4177501695516496	0.9693205750947687	0.5816989074942628	0.5971514687780843	0.497660660065227	0.9258032065240075	0.6425737004554141	0.612810036145234
50.0	0.5090000000000001	1.0	0.6722856591899338	0.6722714144674363	0.6528693912742964	0.9240082261681805	0.7611958791607357	0.7067239185236379	0.6207053276135939	0.9675678015134702	0.7549456011845804	0.7095887868974533	0.6648322108917295	0.9495806701952219	0.7794931749617322	0.7187916251110587
