10	0.030000000000000006	0.3	0.05454545454545454	0.05454545454545454	0.3	0.3	0.3	0.3	0.3	0.3	0.3	0.3	0.3	0.3	0.3	0.3
20	0.025	0.5	0.047619047619047616	0.047619047619047616	0.5	0.5	0.5	0.5	0.5	0.5	0.5	0.5	0.5	0.5	0.5	0.5
30	0.02	0.5	0.038306451612903226	0.038306451612903226	0.5	0.5	0.5	0.5	0.5	0.5	0.5	0.5	0.5	0.5	0.5	0.5
50	0.024	0.9	0.04660633484162896	0.04660633484162896	0.9	0.9	0.9	0.9	0.9	0.9	0.9	0.9	0.9	0.9	0.9	0.9
100	0.02	1.0	0.03910259672454967	0.03910259672454967	0.8066666666666666	0.9	0.8115873015873015	0.8115873015873015	0.7433333333333334	1.0	0.8071428571428572	0.8071428571428572	0.8916666666666668	0.9166666666666666	0.8895238095238096	0.8895238095238096
150	0.019333333333333334	1.0	0.03777554159425277	0.03777554159425277	0.8019047619047619	0.7166666666666667	0.7187301587301587	0.7187301587301587	0.5442857142857143	1.0	0.6524369747899159	0.6524369747899159	0.9666666666666668	0.7666666666666667	0.8400000000000001	0.8400000000000001
200	0.0195	1.0	0.03807222270748225	0.03807222270748225	0.7352380952380952	0.6494047619047619	0.6122222222222222	0.6122222222222222	0.4665151515151516	0.9714285714285715	0.5774603174603175	0.5774603174603175	?	?	?	?
300	0.01966666666666667	1.0	0.0384356746204942	0.0384356746204942	0.8681818181818182	0.41642857142857137	0.4968253968253967	0.4968253968253967	0.20698175391765156	0.9273809523809524	0.3280955055609961	0.3280955055609961	?	?	?	?
400	0.021	1.0	0.041025514285332396	0.041025514285332396	0.9333333333333332	0.2914790764790765	0.43183091418385533	0.43183091418385533	0.15817501750253998	0.9686868686868687	0.268186853790353	0.268186853790353	?	?	?	?
500	0.020399999999999998	1.0	0.03991368572609033	0.03991368572609033	0.7198484848484848	0.25210289710289707	0.34514957264957263	0.34514957264957263	0.11916297276546284	0.9428321678321678	0.20810305341424123	0.20810305341424123	?	?	?	?
600	0.021166666666666667	1.0	0.0413920474841374	0.0413920474841374	0.7555555555555556	0.2241681929181929	0.33492615227909345	0.33492615227909345	0.09841291879175222	0.904708485958486	0.17646174896765782	0.17646174896765782	?	?	?	?
700	0.020428571428571428	1.0	0.039976112866856726	0.039976112866856726	0.7972222222222223	0.19676506500035912	0.3010575004630732	0.3010575004630732	0.08268744341683286	0.9218420060331827	0.15111979171633927	0.15111979171633927	?	?	?	?
800	0.021625	1.0	0.042269984736184804	0.042269984736184804	0.6660714285714285	0.19358786808157516	0.2801278381788127	0.2801278381788127	0.07843230945360923	0.9357529693799715	0.1440542263554393	0.1440542263554393	?	?	?	?
900	0.021555555555555557	1.0	0.042144787337654935	0.042144787337654935	0.7559615384615384	0.15627592995240053	0.24849184053112966	0.24849184053112966	0.07527210721688635	0.9058593367416897	0.13827541175572833	0.13827541175572833	?	?	?	?
1000	0.021299999999999996	1.0	0.04167509762081627	0.04167509762081627	0.8558333333333333	0.13902050563815269	0.23051852082946445	0.23051852082946445	0.06526995673315211	0.8975537240537241	0.12110146536642448	0.12110146536642448	?	?	?	?
2000	0.021049999999999996	1.0	0.041219163989070065	0.041219163989070065	0.4977609890109891	0.13366922599145442	0.19025051057963743	0.19025051057963743	0.04696569598267241	0.7911318682400453	0.08835911388000195	0.08835911388000195	?	?	?	?
3000	0.019933333333333334	1.0	0.0390799642945766	0.0390799642945766	0.392846012044921	0.11399672186333529	0.15931387224463953	0.15931387224463953	0.041151848101107516	0.7167480456325559	0.07769649718739847	0.07769649718739847	?	?	?	?
4000	0.020474999999999993	1.0	0.040120005008026004	0.040120005008026004	0.5304093641918892	0.07626706954600905	0.1197588155328835	0.1197588155328835	0.038907875755710315	0.65724111513511	0.07336713702849186	0.07336713702849186	?	?	?	?
5000	0.020059999999999998	1.0	0.03932480711373386	0.03932480711373386	0.2513045475644246	0.09852962048079782	0.12763694453102065	0.12763694453102065	0.03438540751486043	0.6465652825363858	0.06523008473799238	0.06523008473799238	?	?	?	?
6000	0.020233333333333332	1.0	0.0396605743427719	0.0396605743427719	0.16315589417130913	0.115612433650036	0.11412214241205439	0.11412214241205439	0.03468558005874977	0.5865699404390536	0.06542861803714664	0.06542861803714664	?	?	?	?
7000	0.020557142857142857	1.0	0.0402827019787378	0.0402827019787378	0.18244978140178575	0.09443822094311172	0.11266135648464184	0.11266135648464184	0.03424116402776738	0.5675477308415596	0.06448452111387241	0.06448452111387241	?	?	?	?
8000	0.020637499999999996	1.0	0.040437788597018035	0.040437788597018035	0.22839010832921672	0.08566767001526283	0.10860594553558119	0.10860594553558119	0.03303445270988301	0.5520291457584668	0.06230141118794813	0.06230141118794813	?	?	?	?
9000	0.02056666666666667	1.0	0.04030258375690167	0.04030258375690167	0.1569961624509404	0.10763000922804082	0.10338173827482104	0.10338173827482104	0.03222459531763994	0.5509877452041214	0.060830732283641734	0.060830732283641734	?	?	?	?
10000	0.02062	1.0	0.04040516531078468	0.04040516531078468	0.13342101707941678	0.10261304420995214	0.09318127281600122	0.09318127281600122	0.031055850900953842	0.5690141293734909	0.05883071306228434	0.05883071306228434	?	?	?	?
