10	0.59	1.0	0.7342326404245909	0.7122957629062818	0.9690476190476189	0.944047619047619	0.9521478521478521	0.8413392933765655	0.9690476190476189	1.0	0.9832167832167833	0.8628022782036716	0.9690476190476189	1.0	0.9832167832167833	0.8628022782036716
20	0.5750000000000001	1.0	0.7261282518872652	0.7102078654651325	0.8735409035409036	0.9646153846153848	0.9134338719079509	0.8225118875456806	0.8679853479853479	0.9923076923076923	0.9241324365012522	0.8315777862002147	0.8915012765012765	0.9923076923076923	0.937675706246568	0.8395415103275715
30	0.55	1.0	0.7053879271894756	0.6959585626433222	0.8443209807048815	0.9579960317460319	0.8936068325594702	0.8014263589585784	0.8339334739235129	0.9888888888888889	0.9018392272755547	0.8057042578820452	0.8417931593690108	0.9894444444444446	0.9067699588250878	0.8094341897112413
50	0.522	1.0	0.6840190032087974	0.6814166385984944	0.7740369286348888	0.9426718022107827	0.8467449413453998	0.7643251398867222	0.7585027935027935	0.9837931995540691	0.8556591606555886	0.774827892650628	0.7957520051536278	0.9652792329867099	0.871522005681203	0.7854106407417986
100	0.5090000000000001	1.0	0.6722856591899338	0.672324976711744	0.6685419033712359	0.9204632526232072	0.7696819117811888	0.7221211792837451	0.6348689296596254	0.9639723229179916	0.7640444056236507	0.7230625904108737	0.6956322047697528	0.9306075038816302	0.7937588032451275	0.7364688201580837
150	0.5033333333333333	1.0	0.6683073079012511	0.6681990458839374	0.6015176086245871	0.9346588120057794	0.7286375953115226	0.699031011372667	0.5849938161211002	0.9569253784264238	0.7245563697998715	0.6984908700057273	0.6399190205065611	0.9135152051722868	0.7507432819648967	0.7083262912329856
200	0.496	1.0	0.6622787163716766	0.6654569543807869	0.5595298958491525	0.9486445143307739	0.7018135336322588	0.6849164571618227	0.5517617941376168	0.9608647751281045	0.6991404771320594	0.6847642843386798	?	?	?	?
300	0.49066666666666664	1.0	0.6578873118592068	0.6612155457483609	0.5331946175014173	0.9530538831759712	0.6829726340024405	0.6717486109391381	0.5282860000056385	0.9613810891940153	0.6808847842568762	0.6718038777696121	?	?	?	?
400	0.4887499999999999	1.0	0.6563038720251011	0.6605191667118238	0.5098996110713085	0.9756855734479346	0.6694014222043161	0.666646160654879	0.5069547107467076	0.9803398589665852	0.6680196761928665	0.6665810294792147	?	?	?	?
500	0.4892	1.0	0.6568229962945363	0.6601432722962978	0.5021353760837296	0.9855557038878369	0.6651007702147551	0.6642622293908884	0.5002689364992949	0.9901980345326853	0.6644443338092654	0.663989689507489	?	?	?	?
600	0.4866666666666667	1.0	0.6546171180253904	0.6583392566778622	0.49897979794631225	0.9845900824595551	0.6620961748651565	0.6615615614127672	0.49415024619234255	0.9965698653198654	0.6605948133908303	0.6614891227897134	?	?	?	?
700	0.48257142857142865	1.0	0.6508653499257592	0.6563182988171075	0.49178097806551424	0.9910035469926793	0.6572386187622015	0.6592278939131111	0.48839535508445514	0.9977011494252874	0.6556109731802247	0.6588712715877785	?	?	?	?
800	0.4840000000000001	1.0	0.652213371462109	0.6569945091332876	0.49078738784998277	0.9921737156957372	0.6566574219015557	0.6588237223625015	0.4885766061960909	1.0	0.65636350145719	0.6592232525149979	?	?	?	?
900	0.4876666666666667	1.0	0.6555536063176401	0.6593192767407872	0.4945309397129146	0.9919953361718958	0.659951724548433	0.6610483191380726	0.49193426465169576	1.0	0.6594001490865776	0.6614241299598334	?	?	?	?
1000	0.48919999999999997	1.0	0.6569055612826993	0.660010562033027	0.4950547199041286	0.9920668753017623	0.660440963294856	0.6612897601350614	0.4927565324060567	1.0	0.6601019995458047	0.6617163033887772	?	?	?	?
2000	0.4936	1.0	0.6608293009473855	0.6628101824830657	0.4964869849783177	0.9972903093679284	0.6627903102231281	0.6637455484820682	0.49536310370444997	1.0	0.6624056793388335	0.6636984010217416	?	?	?	?
3000	0.4962	1.0	0.6631945830682276	0.6648783057700925	0.49761910110150565	0.9987304963754953	0.6641733480822498	0.6653673125417124	0.49711281269942686	1.0	0.66400878104069	0.6653284032345103	?	?	?	?
4000	0.497075	1.0	0.6640097459104086	0.6654020820200273	0.49820702743218154	0.9991419051483676	0.6648291553226129	0.6657935926688339	0.4978858851345797	1.0	0.6647318878941482	0.6657848816396981	?	?	?	?
5000	0.49826000000000004	1.0	0.6650826171816545	0.6662065458036848	0.49928185671898956	0.9987956184644766	0.6657225530554545	0.6664447655038849	0.49879037200584725	1.0	0.6655540507387505	0.666458635441977	?	?	?	?
6000	0.4984333333333334	1.0	0.6652497286515064	0.6662644215307194	0.499321524364121	0.9991030680417374	0.6658373478123137	0.6665020618280946	0.4988418628429245	1.0	0.6656128849649404	0.6664697231151397	?	?	?	?
7000	0.4997000000000001	1.0	0.6663853673527677	0.6668826738143538	0.5003940480533422	0.999399727852893	0.6668684813979571	0.667108556739717	0.50004282577492	1.0	0.6666902478797295	0.6670518510537757	?	?	?	?
8000	0.49965000000000004	1.0	0.66634122816207	0.6668370941703341	0.5003075690745866	0.9993744911795766	0.6667861853616052	0.667035468717473	0.49998844251279007	1.0	0.6666416147464154	0.6670020085741567	?	?	?	?
9000	0.49925555555555556	1.0	0.6659942428758849	0.6665736387958534	0.499826195834443	0.9994642604841648	0.6663835398347058	0.6667341292000133	0.4995891327660158	1.0	0.6662907016292939	0.666732304365099	?	?	?	?
10000	0.49978	1.0	0.6664610512337467	0.6669237526795828	0.5002811513068953	0.9996594350559252	0.6668303144205866	0.6670902977870765	0.5000909473300322	1.0	0.6667369556678173	0.6670719674122687	?	?	?	?
