0.5	0.0	0.0	0.0	0.18720281791454965	0.0	0.0	0.0	0.23933019868172067	0.0	0.0	0.0	0.2527487447127498	0.0	0.0	0.0	0.25371671668512474
1.0	0.0	0.0	0.0	0.17363842498789722	0.0	0.0	0.0	0.2245678574492352	0.0	0.0	0.0	0.2301861243838519	0.0	0.0	0.0	0.24064453955331078
2.8	0.030000000000000006	0.3	0.05454545454545454	0.2197235301542506	0.3	0.3	0.3	0.3726387683214278	0.3	0.3	0.3	0.37913376187762876	0.3	0.3	0.3	0.37934018466270936
3.9	0.030000000000000006	0.2	0.051515151515151514	0.22803593013085677	0.2	0.2	0.2	0.32838760950686197	0.2	0.2	0.2	0.3423906614141243	0.2	0.2	0.2	0.3452687377149454
4.0	0.030000000000000006	0.2	0.051515151515151514	0.2128352769313719	0.2	0.2	0.2	0.34604520983356263	0.2	0.2	0.2	0.3544879197793276	0.2	0.2	0.2	0.35591874462335377
5.0	0.02	0.2	0.03636363636363636	0.19703873986862513	0.2	0.2	0.2	0.3132893104088519	0.2	0.2	0.2	0.3252853279581454	0.2	0.2	0.2	0.3252853279581454
10.0	0.07999999999999999	0.7	0.14242424242424245	0.2854067910356374	0.7	0.7	0.7	0.5213359812552665	0.7	0.7	0.7	0.5270046532246135	0.7	0.7	0.7	0.5287544605406878
20.0	0.18	0.9	0.2911754911754912	0.38801297701042514	0.9	0.9	0.9	0.7049133020671328	0.9	0.9	0.9	0.7074363347691615	0.9	0.9	0.9	0.7074363347691615
30.0	0.32	1.0	0.47239427239427234	0.5269528553786504	0.96	0.95	0.9464285714285715	0.7771596329814611	0.9399999999999998	1.0	0.9638888888888889	0.7969771816398104	0.9399999999999998	1.0	0.9638888888888889	0.7969771816398104
50.0	0.59	1.0	0.7342326404245909	0.7198343144616375	0.9690476190476189	0.944047619047619	0.9521478521478521	0.8786781250448433	0.9690476190476189	1.0	0.9832167832167833	0.9033824419309578	0.9690476190476189	1.0	0.9832167832167833	0.9033824419309578
