10	0.18	0.9	0.2911754911754912	0.38801297701042514	0.9	0.9	0.9	0.7049133020671328	0.9	0.9	0.9	0.7074363347691615	0.9	0.9	0.9	0.7074363347691615
20	0.19999999999999998	1.0	0.32397219527654303	0.4138256293165049	0.8823809523809523	0.8623809523809524	0.8697546897546896	0.6533211632771548	0.8569444444444443	1.0	0.9176698301698302	0.6990104645275397	0.8825396825396826	1.0	0.9331709956709957	0.7100716691221538
30	0.18333333333333332	1.0	0.3041177009056266	0.3994029505887395	0.7856349206349206	0.8368253968253967	0.7924847374847375	0.6183981332555871	0.668061938061938	1.0	0.7914609899904017	0.6503371010617565	0.8015873015873016	0.968888888888889	0.866240440845704	0.6738355867040092
50	0.19	1.0	0.315615059475593	0.4062076968122197	0.7557985968280085	0.8048212898212898	0.7571450479345216	0.6003455783198896	0.5979325396825397	0.9916666666666666	0.7397542599647863	0.6268046595354011	0.6802097154651334	0.9679487179487178	0.7866643356643356	0.6479441414537809
100	0.20800000000000002	1.0	0.3417953117206318	0.4211902126721145	0.49845796407314474	0.8880976356741416	0.6290198165891016	0.5691130076771206	0.44209254600987735	0.9920062695924765	0.6096219568324174	0.5736453935516901	0.5445399604877352	0.910164463222934	0.6701088935642711	0.5974083003284968
150	0.21200000000000002	1.0	0.3484331574141192	0.42405320866767404	0.44193973805036724	0.8499244274244276	0.573449889058465	0.5459555496966997	0.4045853301568168	0.934367576867577	0.561874592113738	0.5468959091264363	0.4918014537202384	0.8489183039183039	0.6188367463089901	0.5703977352427857
200	0.21050000000000005	1.0	0.3462025900165474	0.4234597393944757	0.40494476573264715	0.8472069249289567	0.5435542268715527	0.5282425632869676	0.37283126407496436	0.9232357579886751	0.528444098925751	0.5267009815885435	?	?	?	?
300	0.21233333333333335	1.0	0.3490103261391275	0.42475715077867726	0.34001527828066647	0.8462683488503442	0.4830677052341084	0.49377226712873384	0.317080790882195	0.8974544273492265	0.4659826427047774	0.4891867675658855	?	?	?	?
400	0.20500000000000002	1.0	0.3396610708313087	0.4175246549515775	0.290048085787053	0.871945712149121	0.43230682099012235	0.46433613157723397	0.2856564424013998	0.8854056700756356	0.4306560608124469	0.46565812369731285	?	?	?	?
500	0.19939999999999997	1.0	0.33222494349674087	0.4122382669081498	0.27986715181604493	0.8416860792269935	0.4182845031288239	0.45372952823430834	0.26713218940397204	0.9012736486919225	0.4098219204132484	0.4527683962146498	?	?	?	?
600	0.19733333333333333	1.0	0.3293077041718501	0.40993225065709893	0.26267725626800215	0.8514618424122906	0.39878035470823986	0.44172107773653996	0.25320399432910434	0.886251386831125	0.3919424226423428	0.4416111404063109	?	?	?	?
700	0.19428571428571426	1.0	0.3251466462209357	0.4072293534434014	0.2529444415700245	0.8379299396533104	0.3867722267886262	0.4333823067947685	0.24248775268863537	0.8789575597410713	0.3786749514622698	0.43206422866897637	?	?	?	?
800	0.19675	1.0	0.32860801943701445	0.40955099736128464	0.2499574306343378	0.8255538735267056	0.38249787701399124	0.43184454584101306	0.23474199813496158	0.900000801862342	0.37147498696047926	0.4306947861494524	?	?	?	?
900	0.198	1.0	0.3303860921805037	0.410780936051329	0.2386064765878865	0.8649883127713316	0.3729913717522234	0.428881117331292	0.23767236229414937	0.8794650491270832	0.3731046385243032	0.4301035976273534	?	?	?	?
1000	0.1963	1.0	0.3280110889948483	0.40908564926940494	0.23282971087267157	0.866638181323431	0.36592919337389096	0.42472194135701685	0.22872651295601326	0.8902672720052351	0.36300032328690035	0.42423852198054035	?	?	?	?
2000	0.1997	1.0	0.33287789706646903	0.4119678065533029	0.2138698137113947	0.9289988398256428	0.3474923234874174	0.4173430301411723	0.21048965169962322	0.94733097387421	0.34420259104467016	0.41628635317053214	?	?	?	?
3000	0.20099999999999998	1.0	0.3347061921510801	0.41290167241061104	0.2082745970156799	0.9607259461228483	0.34219012119740927	0.41575896787989636	0.2074141624438798	0.9691458423279515	0.3415120574050173	0.41555564443863674	?	?	?	?
4000	0.20045000000000002	1.0	0.3339442468786653	0.4127456864505349	0.20474792350154503	0.9762839759637417	0.33842053230194413	0.4144910038074093	0.20304831765868533	0.9907224384752474	0.33694903638486184	0.41411363487745484	?	?	?	?
5000	0.19949999999999996	1.0	0.33261931213303775	0.4120126230229741	0.20184098657300611	0.9892895707293812	0.33524696172492696	0.4132041840396524	0.200468014680477	1.0	0.33396297706409583	0.41285732097287403	?	?	?	?
6000	0.1996	1.0	0.3327567772299661	0.4123536879109714	0.20151203718665994	0.989686916907196	0.33482508975046105	0.4131754792679003	0.2005856986194967	0.9974832214765101	0.33398024463868614	0.41300769559751044	?	?	?	?
7000	0.1986	1.0	0.33137539995845144	0.4113363900696321	0.2001090501511892	0.993487977424407	0.33311203409306944	0.4121237111289354	0.1994079519494964	0.9990021382751249	0.3324415336144194	0.411962577495261	?	?	?	?
8000	0.19878749999999998	1.0	0.33163531162071147	0.41159547298206184	0.20011096179403695	0.9939168116071796	0.33313825709807177	0.4122400286313111	0.19940236126353997	1.0	0.33248987995703855	0.41212422340048366	?	?	?	?
9000	0.19892222222222222	1.0	0.33182427864125197	0.411667159946964	0.19993377465436132	0.9954520061868262	0.33297800291208485	0.4121469745072729	0.19950933842735002	1.0	0.3326399948998688	0.4121679318888166	?	?	?	?
10000	0.19919	1.0	0.3321975699275937	0.41193179881609304	0.20021461293825787	0.9952372817261302	0.3333516316293978	0.4124153836619732	0.1997351275414091	1.0	0.3329545726245411	0.4123972539683173	?	?	?	?
