0.5	0.002	0.1	0.00392156862745098	0.33956492908619845	0.0047619047619047615	0.1	0.00909090909090909	0.38140243261120454	0.0037037037037037034	0.1	0.007142857142857143	0.3871925505275796	0.0047619047619047615	0.1	0.00909090909090909	0.39585864510835533
1.0	0.014000000000000002	0.4	0.026579520697167756	0.33976402603904154	0.04960035133948178	0.4	0.07864459535936616	0.39981117251433484	0.02589247311827957	0.4	0.046739432703003334	0.3923984012147507	0.04243107769423558	0.4	0.07089605734767025	0.40795825957758297
2.8	0.024	0.9	0.04660633484162896	0.35246123982827365	0.0599141235441545	0.9	0.11106194182397847	0.41531014904699426	0.04835178550695792	0.9	0.09065062348372306	0.4135411405922696	0.05614148878276877	0.9	0.10460542661000324	0.42485641296589305
3.9	0.03799999999999999	0.8	0.07214712364545883	0.3687639201340991	0.1276958401550053	0.8	0.21252094142416725	0.4323147827384163	0.07460692113836129	0.8	0.1346873221701597	0.43178295726478233	0.09538716406703784	0.8	0.16761803388576843	0.4504342333413186
4.0	0.038	0.9	0.07229795320805307	0.35957610940678675	0.11110171261487048	0.9	0.1927496414833876	0.4244051534997597	0.07619475864637155	0.9	0.1377130798510109	0.42789524214878777	0.08577553123205298	0.9	0.15391657609277748	0.43931224604666513
5.0	0.052000000000000005	0.9	0.0975937409899674	0.3782317679550129	0.16258587980646805	0.9	0.26797237904654786	0.434802029418333	0.10179003727084927	0.9	0.17914262616349902	0.44561340506673475	0.11672838983473421	0.9	0.20253176453176452	0.4530926689443667
10.0	0.11800000000000002	1.0	0.20988665498647352	0.4313715978114715	0.3198093732704717	0.9550000000000001	0.46533555625254336	0.509526412770798	0.26375926082822637	1.0	0.4021221276612102	0.5104221273606732	0.29343701120588994	1.0	0.4458336284923933	0.5229569923145151
20.0	0.19	1.0	0.315615059475593	0.4869767475408381	0.4377929551267147	0.9136557886557888	0.5733872436631057	0.569442700977357	0.37908332721751015	1.0	0.5402753524128353	0.5775935804879329	0.4208872927300037	0.9839743589743589	0.5732302376982513	0.587586762275372
30.0	0.30000000000000004	1.0	0.4588420127818723	0.5543198823626769	0.5338542010070761	0.9503235653235654	0.6740931996338237	0.6246815460710702	0.5070788006127274	0.98109243697479	0.6615450679452346	0.637636874382769	0.5821880848418183	0.9398287007110536	0.7083307603878192	0.6474587802911487
50.0	0.522	1.0	0.6840190032087974	0.6805149311432569	0.7500922306137919	0.9502409571937308	0.8340500320597133	0.7404515232023288	0.7461031015928734	0.9660307895502797	0.8387458945410007	0.7474391374120317	0.7714395574908546	0.9623281518098222	0.8548271023283869	0.7576843988809867
