10	0.0	0.0	0.0	0.0	0.0	0.0	0.0	0.0	0.0	0.0	0.0	0.0	?	?	?	?
20	0.005	0.1	0.009523809523809523	0.009523809523809523	0.1	0.1	0.1	0.1	0.1	0.1	0.1	0.1	0.1	0.1	0.1	0.1
30	0.003333333333333333	0.1	0.0064516129032258064	0.0064516129032258064	0.1	0.1	0.1	0.1	0.1	0.1	0.1	0.1	0.1	0.1	0.1	0.1
50	0.002	0.1	0.00392156862745098	0.00392156862745098	0.1	0.1	0.1	0.1	0.1	0.1	0.1	0.1	0.1	0.1	0.1	0.1
100	0.001	0.1	0.0019801980198019802	0.0019801980198019802	0.1	0.1	0.1	0.1	0.1	0.1	0.1	0.1	0.1	0.1	0.1	0.1
150	0.004666666666666667	0.5	0.009236667828511676	0.009236667828511676	0.5	0.5	0.5	0.5	0.5	0.5	0.5	0.5	0.5	0.5	0.5	0.5
200	0.005	0.5	0.009881577820306844	0.009881577820306844	0.39	0.4333333333333333	0.3942857142857143	0.3942857142857143	0.33285714285714285	0.5	0.38380952380952377	0.38380952380952377	?	?	?	?
300	0.004333333333333333	0.6	0.008594001025149269	0.008594001025149269	0.5	0.5	0.4838095238095238	0.4838095238095238	0.3657142857142857	0.6	0.4328205128205128	0.4328205128205128	?	?	?	?
400	0.004	0.6	0.007938032654952987	0.007938032654952987	0.39428571428571424	0.4666666666666666	0.36547619047619045	0.36547619047619045	0.26976190476190476	0.6	0.3448701298701299	0.3448701298701299	?	?	?	?
500	0.004	0.6	0.00794125088835866	0.00794125088835866	0.5666666666666667	0.36666666666666664	0.4333333333333333	0.4333333333333333	0.23558585858585857	0.6	0.30826839826839825	0.30826839826839825	?	?	?	?
600	0.004166666666666667	0.7	0.008271068734975214	0.008271068734975214	0.6666666666666667	0.43	0.4976190476190475	0.4976190476190475	0.2813931157291392	0.6799999999999999	0.3369311551167968	0.3369311551167968	?	?	?	?
700	0.004	0.7	0.007940107120416226	0.007940107120416226	0.6666666666666667	0.40499999999999997	0.4780952380952381	0.4780952380952381	0.2710173344700199	0.635	0.32113684498189515	0.32113684498189515	?	?	?	?
800	0.00375	0.9	0.007453471381284516	0.007453471381284516	0.8333333333333333	0.605	0.6744588744588744	0.6744588744588744	0.4647672244425206	0.835	0.5122491619598659	0.5122491619598659	?	?	?	?
900	0.004	0.9	0.007952911260523169	0.007952911260523169	0.6582113821138212	0.5483333333333333	0.49118266746173733	0.49118266746173733	0.2601476714462015	0.8666666666666668	0.30687771473125264	0.30687771473125264	?	?	?	?
1000	0.0042	1.0	0.008354682505245337	0.008354682505245337	0.5831168831168831	0.6035714285714285	0.4852180186962796	0.4852180186962796	0.20860140916380798	0.9255952380952379	0.27163377812311673	0.27163377812311673	?	?	?	?
2000	0.004750000000000001	1.0	0.009449649525282686	0.009449649525282686	0.6486580086580086	0.2334523809523809	0.316928042119858	0.316928042119858	0.0284943852891687	0.919047619047619	0.055248861063973774	0.055248861063973774	?	?	?	?
3000	0.005299999999999999	1.0	0.010539638818421956	0.010539638818421956	0.7066666666666668	0.17738375350140054	0.2485491506544138	0.2485491506544138	0.020502288690712613	0.9367656395891691	0.04008934047756123	0.04008934047756123	?	?	?	?
4000	0.005124999999999999	1.0	0.010194041363196866	0.010194041363196866	0.8977272727272727	0.12360303074118861	0.20925321292328966	0.20925321292328966	0.01574631704032331	0.8827536169970381	0.03092075392174722	0.03092075392174722	?	?	?	?
5000	0.005020000000000001	1.0	0.009986362201272194	0.009986362201272194	0.7653174603174603	0.12696492592373598	0.18342456208974564	0.18342456208974564	0.014117366638270392	0.8279379272399867	0.027726025594387436	0.027726025594387436	?	?	?	?
6000	0.004933333333333334	1.0	0.009814869101506554	0.009814869101506554	0.7100000000000001	0.07992709339949025	0.13928848065185967	0.13928848065185967	0.012815474244108555	0.8753776156625641	0.025215885331706128	0.025215885331706128	?	?	?	?
7000	0.004885714285714287	1.0	0.009720801347234784	0.009720801347234784	0.670952380952381	0.08042119574272497	0.13933126325247258	0.13933126325247258	0.011810178540416506	0.8050902253702704	0.023255662728854678	0.023255662728854678	?	?	?	?
8000	0.004825	1.0	0.009600995542044338	0.009600995542044338	0.7352380952380952	0.06880674520647131	0.11567955469544411	0.11567955469544411	0.011539914485973173	0.8044369612065138	0.022731112951212752	0.022731112951212752	?	?	?	?
9000	0.004722222222222223	1.0	0.009397874306374652	0.009397874306374652	0.5642346938775511	0.062060683382664815	0.101558562057716	0.101558562057716	0.01054006383714515	0.7980286235951871	0.02078292242072642	0.02078292242072642	?	?	?	?
10000	0.00466	1.0	0.009274522575638761	0.009274522575638761	0.5805026455026455	0.057692034414896586	0.09631079802493075	0.09631079802493075	0.010182957084530734	0.7841422645641359	0.020089148102154668	0.020089148102154668	?	?	?	?
