0.5	0.003333333333333333	0.1	0.0064516129032258064	0.19067339767004887	0.1	0.1	0.1	0.24802893125549436	0.03333333333333333	0.1	0.05	0.24888169676839317	0.1	0.1	0.1	0.26143013953035676
1.0	0.006666666666666666	0.2	0.012903225806451613	0.18738683752920754	0.2	0.2	0.2	0.263637290232258	0.11000000000000001	0.2	0.1181818181818182	0.2638907065982087	0.2	0.2	0.2	0.2808874304276142
2.8	0.02	0.5	0.038306451612903226	0.2016890370989722	0.5	0.5	0.5	0.3200055807016392	0.1915909090909091	0.5	0.23888888888888885	0.31192067197356516	0.37	0.5	0.4	0.3288438227684083
3.9	0.03	0.6	0.056488269794721414	0.22338672842058305	0.55	0.5666666666666667	0.5466666666666666	0.34812089282526903	0.3111111111111111	0.6	0.36523809523809525	0.36222340605995357	0.4083333333333333	0.6	0.45666666666666667	0.37196657830672525
4.0	0.03	0.5	0.055718475073313775	0.2157010549233811	0.45	0.4333333333333333	0.42666666666666664	0.3267476176651728	0.21428571428571427	0.5	0.2551587301587302	0.3512441301498059	0.2783333333333333	0.5	0.33571428571428574	0.3664313663700913
5.0	0.04666666666666667	0.8	0.08717008797653958	0.24224948967787738	0.6266666666666667	0.8	0.6807142857142858	0.4069692545035209	0.3977777777777778	0.8	0.47428071928071924	0.39404059762679006	0.5183333333333333	0.8	0.595	0.41661013495332655
10.0	0.09999999999999999	1.0	0.17824942293632998	0.3063905154182771	0.8660714285714285	0.875	0.8363675213675213	0.5119435989975318	0.684551282051282	1.0	0.7674786324786325	0.5407256117846659	0.8294047619047618	0.9833333333333334	0.8793040293040294	0.5571285279819909
20.0	0.18333333333333332	1.0	0.3041177009056266	0.3994029505887395	0.7856349206349206	0.8368253968253967	0.7924847374847375	0.6183981332555871	0.668061938061938	1.0	0.7914609899904017	0.6503371010617565	0.8015873015873016	0.968888888888889	0.866240440845704	0.6738355867040092
30.0	0.29	1.0	0.444839513811362	0.5042794982343702	0.8338780663780663	0.8561965811965813	0.8314089144429703	0.706529789377252	0.726954271218977	0.9875	0.827473835137569	0.722921922128801	0.8073595848595849	0.9386965811965812	0.8633423727302446	0.7389978637284244
50.0	0.55	1.0	0.7053879271894756	0.6991765095767002	0.841987964563816	0.9412301587301588	0.8830922147340191	0.8211848381350197	0.8265703691919872	1.0	0.9028001882365155	0.8387460554119203	0.8417931593690108	0.9894444444444446	0.9067699588250878	0.8420599470007867
