10	0.07999999999999999	0.7	0.14242424242424245	0.14242424242424245	0.7	0.7	0.7	0.7	0.7	0.7	0.7	0.7	0.7	0.7	0.7	0.7
20	0.1	0.9	0.17652926783361567	0.17652926783361567	0.9	0.75	0.8066666666666666	0.8066666666666666	0.8666666666666668	0.9	0.8800000000000001	0.8800000000000001	0.9	0.875	0.8857142857142858	0.8857142857142858
30	0.09999999999999999	1.0	0.17824942293632998	0.17824942293632998	0.9333333333333332	0.7733333333333333	0.8004761904761905	0.8004761904761905	0.7788888888888889	1.0	0.8567460317460318	0.8567460317460318	0.9008333333333333	0.9333333333333333	0.9015262515262515	0.9015262515262515
50	0.11800000000000002	1.0	0.20988665498647352	0.20988665498647352	0.9071428571428571	0.5025000000000001	0.6355844155844157	0.6355844155844157	0.5622059884559885	0.956547619047619	0.6883080808080808	0.6883080808080808	0.8334920634920635	0.8419047619047619	0.832542735042735	0.832542735042735
100	0.12199999999999997	1.0	0.21610573445470954	0.21610573445470954	0.8357142857142857	0.451882561882562	0.5722669865394324	0.5722669865394324	0.3895825557647809	0.9434126984126984	0.5421803581354696	0.5421803581354696	0.7418162706858358	0.7031229881229881	0.7046486608704104	0.7046486608704104
150	0.12799999999999997	1.0	0.22669111124049088	0.22669111124049088	0.6981184020657705	0.3910249554367201	0.4829885319359004	0.4829885319359004	0.33630007143425306	0.8684027582324795	0.4815715719719213	0.4815715719719213	0.6468801829032008	0.6075449541858211	0.6180634901074638	0.6180634901074638
200	0.1255	1.0	0.22256330133197513	0.22256330133197513	0.6255924869645378	0.4061295234556104	0.470585634156582	0.470585634156582	0.2772015696105112	0.9034609345968041	0.4222512134233698	0.4222512134233698	?	?	?	?
300	0.11300000000000002	1.0	0.20275236969910893	0.20275236969910893	0.4533926702643378	0.3985960425122802	0.4157841042429732	0.4157841042429732	0.24602950903866586	0.8195236651287301	0.37573818464465425	0.37573818464465425	?	?	?	?
400	0.1145	1.0	0.20526383065988346	0.20526383065988346	0.4891043263700463	0.3636613909742589	0.39090176237863933	0.39090176237863933	0.21121720012486556	0.8259799988567906	0.3346544743354926	0.3346544743354926	?	?	?	?
500	0.1136	1.0	0.20366449812039927	0.20366449812039927	0.39726707968863084	0.3821074441381396	0.3609855296978889	0.3609855296978889	0.20037318106588983	0.796902354518475	0.3185954143652986	0.3185954143652986	?	?	?	?
600	0.11333333333333333	1.0	0.20327047484798025	0.20327047484798025	0.3401030258464438	0.39985639367744036	0.3480608257254246	0.3480608257254246	0.1947889077873775	0.7402763068900613	0.30730037382760106	0.30730037382760106	?	?	?	?
700	0.11000000000000001	1.0	0.19791451662125228	0.19791451662125228	0.29693274746101805	0.3927154219150942	0.3241369449944605	0.3241369449944605	0.19163388955793287	0.7244111702125028	0.3017099269923428	0.3017099269923428	?	?	?	?
800	0.10987500000000001	1.0	0.19773927611533648	0.19773927611533648	0.2603505822953438	0.4363698349129259	0.3206881605738985	0.3206881605738985	0.18218699979269368	0.7149542237818186	0.28941289083532684	0.28941289083532684	?	?	?	?
900	0.10922222222222222	1.0	0.1966946456558512	0.1966946456558512	0.32587476161959444	0.33883087429629144	0.31735603923315103	0.31735603923315103	0.17292390961625775	0.7492913921953821	0.27931871445749124	0.27931871445749124	?	?	?	?
1000	0.10800000000000001	1.0	0.1947820637432372	0.1947820637432372	0.2834562659092037	0.37326179607572946	0.3057544387546277	0.3057544387546277	0.17110050366485619	0.7244090181091518	0.2747672565574558	0.2747672565574558	?	?	?	?
2000	0.0992	1.0	0.18042345424148415	0.18042345424148415	0.1796145793826034	0.4251168705495562	0.24325246234912123	0.24325246234912123	0.1396112140981993	0.653178785013035	0.2289263205203979	0.2289263205203979	?	?	?	?
3000	0.0991	1.0	0.18030706820623107	0.18030706820623107	0.1600432583793558	0.41592612213795854	0.22795930949335808	0.22795930949335808	0.12764103676043229	0.6727819581054962	0.21387244641807213	0.21387244641807213	?	?	?	?
4000	0.09930000000000001	1.0	0.18065078545138719	0.18065078545138719	0.13889154580074253	0.49449220135516925	0.21433761357080933	0.21433761357080933	0.12301593801038258	0.6686295461147914	0.20723516933411318	0.20723516933411318	?	?	?	?
5000	0.09881999999999999	1.0	0.17984830058318163	0.17984830058318163	0.1282253652671209	0.5234091979789746	0.20509427612232947	0.20509427612232947	0.11891220895165826	0.6723034733309089	0.2016105631460589	0.2016105631460589	?	?	?	?
6000	0.09903333333333333	1.0	0.1802047793027404	0.1802047793027404	0.13057822549617973	0.5109313095396797	0.2071445526849826	0.2071445526849826	0.1172840928664177	0.6935292055182839	0.200357869189697	0.200357869189697	?	?	?	?
7000	0.0992142857142857	1.0	0.1805026986725743	0.1805026986725743	0.12474488002659574	0.534829435647282	0.20095234997769285	0.20095234997769285	0.11634148995542877	0.6612142768216399	0.19766169407564296	0.19766169407564296	?	?	?	?
8000	0.09910000000000001	1.0	0.18031719211329394	0.18031719211329394	0.12168468366712988	0.55593889239157	0.1991357509225641	0.1991357509225641	0.11235708546636172	0.7347040172425102	0.1944404554809277	0.1944404554809277	?	?	?	?
9000	0.09893333333333335	1.0	0.1800438288707954	0.1800438288707954	0.12071113189161631	0.5470716874952419	0.19695975174131194	0.19695975174131194	0.11225646511108467	0.6993032028559062	0.19316450067722118	0.19316450067722118	?	?	?	?
10000	0.09897999999999998	1.0	0.1801225666975505	0.1801225666975505	0.1177603089782907	0.5781427149103713	0.1950150652463653	0.1950150652463653	0.1116358165815697	0.6888999218393284	0.19187939870577397	0.19187939870577397	?	?	?	?
