0.5	0.003333333333333333	0.1	0.0064516129032258064	0.0064516129032258064	0.1	0.1	0.1	0.1	0.1	0.1	0.1	0.1	0.1	0.1	0.1	0.1
1.0	0.006666666666666666	0.2	0.012903225806451613	0.012903225806451613	0.2	0.2	0.2	0.2	0.2	0.2	0.2	0.2	0.2	0.2	0.2	0.2
2.8	0.02	0.5	0.038306451612903226	0.038306451612903226	0.5	0.5	0.5	0.5	0.5	0.5	0.5	0.5	0.5	0.5	0.5	0.5
3.9	0.03	0.6	0.056488269794721414	0.056488269794721414	0.6	0.5666666666666667	0.58	0.58	0.6	0.6	0.6	0.6	0.6	0.6	0.6	0.6
4.0	0.03	0.5	0.055718475073313775	0.055718475073313775	0.5	0.4333333333333333	0.45999999999999996	0.45999999999999996	0.475	0.5	0.48571428571428577	0.48571428571428577	0.475	0.5	0.48571428571428577	0.48571428571428577
5.0	0.04666666666666667	0.8	0.08717008797653958	0.08717008797653958	0.7333333333333334	0.7666666666666667	0.74	0.74	0.6683333333333333	0.8	0.7207142857142858	0.7207142857142858	0.7666666666666667	0.7666666666666667	0.76	0.76
10.0	0.09999999999999999	1.0	0.17824942293632998	0.17824942293632998	0.9333333333333332	0.7733333333333333	0.8004761904761905	0.8004761904761905	0.7788888888888889	1.0	0.8567460317460318	0.8567460317460318	0.9008333333333333	0.9333333333333333	0.9015262515262515	0.9015262515262515
20.0	0.18333333333333332	1.0	0.3041177009056266	0.3041177009056266	0.8823809523809525	0.6464285714285714	0.7272510822510823	0.7272510822510823	0.6825063825063825	1.0	0.8016080488139311	0.8016080488139311	0.8863492063492062	0.893888888888889	0.8788778034830667	0.8788778034830667
30.0	0.29	1.0	0.444839513811362	0.444839513811362	0.9326839826839827	0.6733119658119658	0.7625621746674378	0.7625621746674378	0.7203147557636722	0.9625	0.8111390368504381	0.8111390368504381	0.8490262515262517	0.9009188034188034	0.8706553521484872	0.8706553521484872
50.0	0.55	1.0	0.7053879271894756	0.7053879271894756	0.8603466554085749	0.8984311156679577	0.8756063944773622	0.8756063944773622	0.8223561839963779	0.9839181286549706	0.8933806637575683	0.8933806637575683	0.8472734906319508	0.9839181286549706	0.9079261386256239	0.9079261386256239
