10	0.030000000000000006	0.2	0.051515151515151514	0.051515151515151514	0.2	0.2	0.2	0.2	0.2	0.2	0.2	0.2	0.2	0.2	0.2	0.2
20	0.030000000000000006	0.4	0.05541125541125541	0.05541125541125541	0.4	0.4	0.4	0.4	0.4	0.4	0.4	0.4	0.4	0.4	0.4	0.4
30	0.03	0.6	0.056488269794721414	0.056488269794721414	0.6	0.5666666666666667	0.58	0.58	0.6	0.6	0.6	0.6	0.6	0.6	0.6	0.6
50	0.03799999999999999	0.8	0.07214712364545883	0.07214712364545883	0.7666666666666666	0.6833333333333333	0.7066666666666667	0.7066666666666667	0.6766666666666666	0.8	0.7216666666666667	0.7216666666666667	0.7416666666666666	0.7416666666666666	0.735	0.735
100	0.027000000000000003	0.8	0.05187775761855658	0.05187775761855658	0.7666666666666666	0.54	0.6133333333333333	0.6133333333333333	0.5589999999999999	0.8	0.6225332068311196	0.6225332068311196	0.8	0.6266666666666667	0.6883333333333332	0.6883333333333332
150	0.029333333333333333	1.0	0.05647054720778409	0.05647054720778409	0.95	0.6077380952380953	0.7011327561327562	0.7011327561327562	0.5522222222222222	0.9675	0.6533237776716039	0.6533237776716039	1.0	0.7120238095238095	0.814145299145299	0.814145299145299
200	0.03150000000000001	1.0	0.060758223786474254	0.060758223786474254	0.925	0.41703463203463204	0.5562548562548563	0.5562548562548563	0.3610839710603862	0.9255952380952381	0.4986656985487631	0.4986656985487631	?	?	?	?
300	0.03266666666666666	1.0	0.06302996992044088	0.06302996992044088	0.8933333333333333	0.3337912087912088	0.4710064935064935	0.4710064935064935	0.21451768767392113	0.9105219780219782	0.33957499899787547	0.33957499899787547	?	?	?	?
400	0.033249999999999995	1.0	0.06421294543053042	0.06421294543053042	0.9321428571428572	0.2364896214896215	0.3729203043258771	0.3729203043258771	0.1347417545828904	0.950952380952381	0.2333185293154881	0.2333185293154881	?	?	?	?
500	0.033800000000000004	1.0	0.06522900168708196	0.06522900168708196	0.740909090909091	0.21375861095426313	0.3112284816632642	0.3112284816632642	0.11387592461192916	0.8980602453102453	0.20107766592281773	0.20107766592281773	?	?	?	?
600	0.032	1.0	0.061934046015747944	0.061934046015747944	0.8093650793650793	0.19468694730136374	0.3088902812587023	0.3088902812587023	0.11072132763437388	0.8909473949645574	0.19589217471645864	0.19589217471645864	?	?	?	?
700	0.031999999999999994	1.0	0.061947804250816994	0.061947804250816994	0.7281601731601732	0.19935981230996222	0.30021959402604564	0.30021959402604564	0.10307217847169332	0.8786281868223398	0.1836298484888445	0.1836298484888445	?	?	?	?
800	0.031875	1.0	0.061711373226054134	0.061711373226054134	0.6169354256854256	0.19608242085405525	0.2731745468197373	0.2731745468197373	0.08921423730759206	0.8719787749410614	0.16031401028338044	0.16031401028338044	?	?	?	?
900	0.03166666666666666	1.0	0.06132595624558672	0.06132595624558672	0.599313725490196	0.17268426491838468	0.2355790778970211	0.2355790778970211	0.08962235094304435	0.7963351572807108	0.16042890012858918	0.16042890012858918	?	?	?	?
1000	0.0316	1.0	0.06120937396697647	0.06120937396697647	0.6543844717374128	0.1434057782917627	0.22898027372787824	0.22898027372787824	0.08261570365255691	0.8042209019996841	0.14903606099518646	0.14903606099518646	?	?	?	?
2000	0.03025	1.0	0.05868771561758246	0.05868771561758246	0.39689107014416614	0.1233453425643077	0.1768664277546472	0.1768664277546472	0.06027391763951793	0.7424527109193446	0.11099574688871332	0.11099574688871332	?	?	?	?
3000	0.02996666666666667	1.0	0.058164036454103854	0.058164036454103854	0.2207708842907042	0.1447397148053103	0.16498895133453456	0.16498895133453456	0.05259534867287178	0.6785037280361824	0.09754544781490872	0.09754544781490872	?	?	?	?
4000	0.030475000000000002	1.0	0.05913297495188792	0.05913297495188792	0.18707865530973192	0.134415339206428	0.14873347864729958	0.14873347864729958	0.04833366275554489	0.6668971268312303	0.09002325945217268	0.09002325945217268	?	?	?	?
5000	0.03012	1.0	0.0584663191812828	0.0584663191812828	0.20141394289960415	0.11189304426364066	0.13356698961197833	0.13356698961197833	0.04658500919063766	0.6078902592132633	0.08645700774143636	0.08645700774143636	?	?	?	?
6000	0.03005	1.0	0.058339270883738095	0.058339270883738095	0.15894049440367602	0.15111594051488542	0.12113250407267731	0.12113250407267731	0.04561238365807705	0.574582909271703	0.08438198172427738	0.08438198172427738	?	?	?	?
7000	0.03	1.0	0.05824431422785794	0.05824431422785794	0.10362644697839755	0.1697267652443661	0.11440312415797008	0.11440312415797008	0.0430888069056615	0.5939277268822118	0.08022766622438375	0.08022766622438375	?	?	?	?
8000	0.029949999999999997	1.0	0.058153579869027736	0.058153579869027736	0.12211657049880972	0.12516719378251157	0.11289694549222433	0.11289694549222433	0.04247359938338019	0.5779925526434943	0.07898709418447684	0.07898709418447684	?	?	?	?
9000	0.03011111111111111	1.0	0.058457464294047266	0.058457464294047266	0.13321625479465063	0.10836653791460311	0.10928731872576825	0.10928731872576825	0.04189705457409794	0.5840834152629635	0.0780479306773611	0.0780479306773611	?	?	?	?
10000	0.02966	1.0	0.05760824532676121	0.05760824532676121	0.09355008965500175	0.13517861277845936	0.10213634198233863	0.10213634198233863	0.040617680916655304	0.5673141752487124	0.07570986755870189	0.07570986755870189	?	?	?	?
