10	0.07999999999999999	0.7	0.14242424242424245	0.40767857185507966	0.275	0.7	0.37	0.4993529039665917	0.18166666666666664	0.7	0.2866666666666666	0.5120307245740658	0.18166666666666664	0.7	0.2866666666666666	0.5143198966710246
20	0.1	0.9	0.17652926783361567	0.4166587789891033	0.3001190476190476	0.875	0.41837606837606833	0.4969759884019342	0.22075147075147075	0.9	0.33567765567765573	0.5087360238427381	0.24503968253968256	0.9	0.3623826173826174	0.519730406221165
30	0.09999999999999999	1.0	0.17824942293632998	0.4171307502542653	0.25334132370897083	0.9666666666666666	0.37353511985090937	0.4916973616235348	0.20148455474693866	1.0	0.32169636113874905	0.4969204247249964	0.24673340548340553	0.9833333333333334	0.37441485329256224	0.5088733080518872
50	0.11800000000000002	1.0	0.20988665498647352	0.4313715978114715	0.3198093732704717	0.9550000000000001	0.46533555625254336	0.509526412770798	0.26375926082822637	1.0	0.4021221276612102	0.5104221273606732	0.29343701120588994	1.0	0.4458336284923933	0.5229569923145151
100	0.12199999999999997	1.0	0.21610573445470954	0.43828373636689316	0.24525881106555353	0.9877777777777779	0.3836905131777628	0.4914636909838288	0.21456884560770334	1.0	0.34889231614339156	0.48977274517548886	0.24947943731338293	0.9833333333333334	0.3910191770895051	0.5017570302348515
150	0.12799999999999997	1.0	0.22669111124049088	0.44141817016242924	0.22199457403029504	0.985909090909091	0.3608032523186454	0.4824677277596929	0.1973070222600497	0.9894736842105264	0.32744962413046075	0.47828534646108495	0.22469330822753425	0.9827777777777778	0.36459100783028303	0.4886260427595368
200	0.1255	1.0	0.22256330133197513	0.43780795916414206	0.19067133088457106	0.9577169444886836	0.3163688305840679	0.4663055531138701	0.17400877030699297	0.9678242466068554	0.29371563920757937	0.46401496044607715	?	?	?	?
300	0.11300000000000002	1.0	0.20275236969910893	0.4229578437493305	0.16299502555591916	0.9605268687806132	0.27788510986477394	0.44373310548688216	0.15089956099239157	0.9807808702275423	0.260601202896351	0.44188340971694134	?	?	?	?
400	0.1145	1.0	0.20526383065988346	0.4254063177716825	0.14587698458393686	0.9589458985175098	0.2525887641521755	0.439665111344122	0.14063703621846205	0.9581615847920197	0.2448038108195457	0.43935549929069123	?	?	?	?
500	0.1136	1.0	0.20366449812039927	0.42508822385990336	0.13903980848053968	0.95381170293613	0.24187004062082526	0.4355470592940584	0.13650708211473378	0.9459895275930066	0.2379203291191677	0.43559938949967825	?	?	?	?
600	0.11333333333333333	1.0	0.20327047484798025	0.4245072970975525	0.13504072984497	0.9607538597411324	0.2360322943658631	0.4330174019789065	0.13142400913455182	0.9656255547315583	0.2306434202708135	0.4324557870788045	?	?	?	?
700	0.11000000000000001	1.0	0.19791451662125228	0.4232068621848719	0.1241281183436205	0.973000567137911	0.21946718570960524	0.4291391285588889	0.12025003270246307	0.9794620192777975	0.21369780663013174	0.4284183718159172	?	?	?	?
800	0.10987500000000001	1.0	0.19773927611533648	0.4233039465177247	0.1255372675120999	0.9666102290206897	0.2215395375247144	0.429417700893871	0.12105096498947063	0.9704657544665627	0.21479042948316032	0.42869443468214186	?	?	?	?
900	0.10922222222222222	1.0	0.1966946456558512	0.4229103267963321	0.12047434558090561	0.9766046247403948	0.21414323261473975	0.4279518812352195	0.1190065116019218	0.9733449989268035	0.21174616662698137	0.42769098623406754	?	?	?	?
1000	0.10800000000000001	1.0	0.1947820637432372	0.4220291573738387	0.11714689833658283	0.9741914839509802	0.2088347700140265	0.4252968923267261	0.11457183780926068	0.9779683331360769	0.20483146476039066	0.4250161188545795	?	?	?	?
2000	0.0992	1.0	0.18042345424148415	0.4131849295402209	0.10123108350845138	0.9953555329298773	0.18370432906851042	0.41404579246625356	0.10032377285390018	0.996917565285176	0.18222791684524473	0.4138375669838247	?	?	?	?
3000	0.0991	1.0	0.18030706820623107	0.4129854838554161	0.10010292023641751	0.999038375539973	0.1819474227305859	0.41356895385039766	0.09930888505900871	1.0	0.18065267247102007	0.4133433684858579	?	?	?	?
4000	0.09930000000000001	1.0	0.18065078545138719	0.4123375691100345	0.10000102083679438	0.9992442943274724	0.1817987426228426	0.41270588695507016	0.09940826354318237	1.0	0.1808302520419898	0.4125532245193394	?	?	?	?
5000	0.09881999999999999	1.0	0.17984830058318163	0.41196500574301603	0.09950191646603264	0.998568576744189	0.18095460754018516	0.41226242772953736	0.09891051796349097	1.0	0.17999834335195183	0.41214125999911594	?	?	?	?
6000	0.09903333333333333	1.0	0.1802047793027404	0.41222975756830416	0.09945696960097786	0.9989858371529096	0.18088936377936032	0.4124935873610083	0.09909873890589663	1.0	0.18031325328267706	0.4123677088506542	?	?	?	?
7000	0.0992142857142857	1.0	0.1805026986725743	0.4125514913293856	0.09973403931291731	0.9989976581094002	0.18134531515156843	0.41276883477532794	0.09928054612091074	1.0	0.18061247136471076	0.4126877298290948	?	?	?	?
8000	0.09910000000000001	1.0	0.18031719211329394	0.41225837174736546	0.09941831956364763	0.9991361282905157	0.18082780205781274	0.41241603688971207	0.0991398490161914	1.0	0.1803830985258049	0.41233407670885247	?	?	?	?
9000	0.09893333333333335	1.0	0.1800438288707954	0.41172794555061076	0.09921408045588838	0.999449170063205	0.18049870346262603	0.4118689012887577	0.098974192399549	1.0	0.18011143724563	0.4118074034773668	?	?	?	?
10000	0.09897999999999998	1.0	0.1801225666975505	0.4117705618236299	0.09924719050359007	0.9994044598612486	0.18055417281217967	0.4118920825425265	0.09901571611100797	1.0	0.18018168367646445	0.4118358108623812	?	?	?	?
