0.5	0.0	0.0	0.0	0.34191221921707804	0.0	0.0	0.0	0.41041970897510627	0.0	0.0	0.0	0.4233239999004006	0.0	0.0	0.0	0.4252708085393394
1.0	0.0	0.0	0.0	0.319368508412501	0.0	0.0	0.0	0.37038750313114727	0.0	0.0	0.0	0.38760831146479685	0.0	0.0	0.0	0.4006177346578016
2.8	0.030000000000000006	0.3	0.05454545454545454	0.35824064271802303	0.15	0.3	0.2	0.44326715527844457	0.09166666666666666	0.3	0.13523809523809524	0.4588006994866215	0.10833333333333332	0.3	0.15666666666666668	0.4626109148462126
3.9	0.030000000000000006	0.2	0.051515151515151514	0.37431799118180453	0.065	0.2	0.09714285714285714	0.4558785101009256	0.065	0.2	0.09714285714285714	0.4690801480230059	0.065	0.2	0.09714285714285714	0.4721796453424113
4.0	0.030000000000000006	0.2	0.051515151515151514	0.3485194071107984	0.2	0.2	0.2	0.45320745446165017	0.09166666666666666	0.2	0.12000000000000002	0.452001791103286	0.11666666666666665	0.2	0.14666666666666667	0.462856619789335
5.0	0.02	0.2	0.03636363636363636	0.33272074629925297	0.075	0.2	0.10666666666666666	0.4278318898127632	0.039285714285714285	0.2	0.065	0.43156653399644734	0.039285714285714285	0.2	0.065	0.43156653399644734
10.0	0.07999999999999999	0.7	0.14242424242424245	0.40767857185507966	0.275	0.7	0.37	0.4993529039665917	0.18166666666666664	0.7	0.2866666666666666	0.5120307245740658	0.18166666666666664	0.7	0.2866666666666666	0.5143198966710246
20.0	0.18	0.9	0.2911754911754912	0.47210049747229865	0.6833333333333333	0.9	0.7385714285714285	0.6034534085145027	0.5376190476190477	0.9	0.6288095238095238	0.6123870535672173	0.5642857142857143	0.9	0.6516666666666666	0.6142048511867524
30.0	0.32	1.0	0.47239427239427234	0.5762952288188007	0.7478571428571429	0.975	0.807936507936508	0.6719413273686535	0.6159523809523809	1.0	0.7377777777777778	0.6784516068980817	0.6445238095238095	1.0	0.7544444444444445	0.6831491469835079
50.0	0.59	1.0	0.7342326404245909	0.7045199237577329	0.9690476190476189	0.944047619047619	0.9521478521478521	0.8035536863646989	0.949047619047619	1.0	0.9721056721056722	0.822389481707303	0.949047619047619	1.0	0.9721056721056722	0.822389481707303
