0.5	0.002	0.1	0.00392156862745098	0.18725477368084467	0.05	0.1	0.06666666666666667	0.2312133712745017	0.03333333333333333	0.1	0.05	0.23564173129563923	0.025	0.1	0.04	0.24392698555542003
1.0	0.014000000000000002	0.4	0.026579520697167756	0.19689152264735593	0.16833333333333333	0.375	0.20984848484848487	0.26077313113757694	0.10121212121212123	0.4	0.1282663592446201	0.27888116697539356	0.11761904761904762	0.4	0.15496031746031744	0.2890081113549437
2.8	0.024	0.9	0.04660633484162896	0.2125765485220216	0.5444444444444445	0.9	0.6166666666666666	0.3135037698061147	0.17742617461657711	0.9	0.23879554655870447	0.30353252842836836	0.3782142857142857	0.9	0.437070707070707	0.32956727575282996
3.9	0.03799999999999999	0.8	0.07214712364545883	0.23301161153841496	0.6083333333333334	0.7333333333333333	0.6166666666666667	0.3666222154884309	0.4519298245614035	0.8	0.5135714285714286	0.3791986630071792	0.5462637362637363	0.8	0.6003968253968253	0.3965198652852839
4.0	0.038	0.9	0.07229795320805307	0.22762708045464858	0.7224999999999999	0.8416666666666666	0.7296031746031746	0.3738613161030607	0.28451770451770453	0.9	0.3693722943722944	0.35738844211515	0.5726923076923077	0.9	0.643888888888889	0.39654804652029385
5.0	0.052000000000000005	0.9	0.0975937409899674	0.2491999350844604	0.7000000000000001	0.7966666666666666	0.7036507936507936	0.4016572739902621	0.3566666666666667	0.9	0.46316399286987514	0.4037502299799767	0.6166666666666667	0.9	0.7066233766233766	0.432295294958002
10.0	0.11800000000000002	1.0	0.20988665498647352	0.3281772474075135	0.7988888888888889	0.7555952380952381	0.7246264262053737	0.5144327330211655	0.5767967490026313	0.9833333333333332	0.7058767507002801	0.5581856081215749	0.7312698412698413	0.9157142857142858	0.8028104575163397	0.5814843957508786
20.0	0.19	1.0	0.315615059475593	0.4062076968122197	0.7557985968280085	0.8048212898212898	0.7571450479345216	0.6003455783198896	0.5979325396825397	0.9916666666666666	0.7397542599647863	0.6268046595354011	0.6802097154651334	0.9679487179487178	0.7866643356643356	0.6479441414537809
30.0	0.30000000000000004	1.0	0.4588420127818723	0.5082500782356447	0.7045802608480093	0.8402499461322991	0.755921978499111	0.6746189974035701	0.6173301198862934	0.9742824822236587	0.749236573167556	0.6879480418574522	0.737720553955848	0.9119335811247578	0.806286919266167	0.7142737397065411
50.0	0.522	1.0	0.6840190032087974	0.6823011298722939	0.785740382827218	0.9081429128093296	0.8375744170363559	0.783377018078505	0.766078551078551	0.9754015911624607	0.8573969144272408	0.8021151099531976	0.8130656042030928	0.9518404978088443	0.876107878570674	0.8148865979063673
