0.5	0.001	0.1	0.0019801980198019802	0.0019801980198019802	0.1	0.1	0.1	0.1	0.1	0.1	0.1	0.1	0.1	0.1	0.1	0.1
1.0	0.012	0.7	0.023456237026417574	0.023456237026417574	0.6666666666666666	0.65	0.6466666666666667	0.6466666666666667	0.6238095238095237	0.7	0.6527272727272727	0.6527272727272727	0.7	0.675	0.6857142857142857	0.6857142857142857
2.8	0.02	1.0	0.03910259672454967	0.03910259672454967	0.8066666666666666	0.9	0.8115873015873015	0.8115873015873015	0.7433333333333334	1.0	0.8071428571428572	0.8071428571428572	0.8916666666666668	0.9166666666666666	0.8895238095238096	0.8895238095238096
3.9	0.027000000000000003	0.8	0.05187775761855658	0.05187775761855658	0.7666666666666666	0.54	0.6133333333333333	0.6133333333333333	0.5589999999999999	0.8	0.6225332068311196	0.6225332068311196	0.8	0.6266666666666667	0.6883333333333332	0.6883333333333332
4.0	0.031	0.9	0.05921908071005333	0.05921908071005333	0.9	0.6275000000000001	0.7116883116883118	0.7116883116883118	0.6227144120247569	0.9	0.7026083226083226	0.7026083226083226	0.8833333333333332	0.7474999999999999	0.8035714285714286	0.8035714285714286
5.0	0.05	1.0	0.09428421119677274	0.09428421119677274	0.8116883116883118	0.5547619047619047	0.5798412698412698	0.5798412698412698	0.46036630036630033	0.9714285714285715	0.607789726613256	0.607789726613256	0.8579761904761906	0.7445238095238095	0.7764468864468865	0.7764468864468865
10.0	0.12199999999999997	1.0	0.21610573445470954	0.21610573445470954	0.8357142857142857	0.451882561882562	0.5722669865394324	0.5722669865394324	0.3895825557647809	0.9434126984126984	0.5421803581354696	0.5421803581354696	0.7418162706858358	0.7031229881229881	0.7046486608704104	0.7046486608704104
20.0	0.20800000000000002	1.0	0.3417953117206318	0.3417953117206318	0.6083583200425305	0.5902312346500548	0.5897720263687641	0.5897720263687641	0.4589890806115605	0.9569512970787335	0.6164104019296929	0.6164104019296929	0.6205509667159957	0.7868449865976103	0.6773761040065388	0.6773761040065388
30.0	0.31300000000000006	1.0	0.4741825576760424	0.4741825576760424	0.66233509671867	0.695613495684686	0.6672415001059191	0.6672415001059191	0.5441012492771635	0.8750980415930361	0.6598404071122679	0.6598404071122679	0.7025359954917408	0.7845754864742628	0.7381597462465423	0.7381597462465423
50.0	0.5090000000000001	1.0	0.6722856591899338	0.6722856591899338	0.6989844492303581	0.8540448965154512	0.7628008125173148	0.7628008125173148	0.6494975354956323	0.9424702486034173	0.7667052051348063	0.7667052051348063	0.7478126160472441	0.8671642595626258	0.8008348861816966	0.8008348861816966
