10	0.02	0.2	0.03636363636363636	0.19703873986862513	0.2	0.2	0.2	0.3132893104088519	0.2	0.2	0.2	0.3252853279581454	0.2	0.2	0.2	0.3252853279581454
20	0.034999999999999996	0.5	0.06493506493506493	0.21875247452922472	0.5	0.5	0.5	0.3823215681240982	0.5	0.5	0.5	0.39028710195824706	0.5	0.5	0.5	0.39383584294022334
30	0.04666666666666667	0.8	0.08717008797653958	0.24224948967787738	0.6266666666666667	0.8	0.6807142857142858	0.4069692545035209	0.3977777777777778	0.8	0.47428071928071924	0.39404059762679006	0.5183333333333333	0.8	0.595	0.41661013495332655
50	0.052000000000000005	0.9	0.0975937409899674	0.2491999350844604	0.7000000000000001	0.7966666666666666	0.7036507936507936	0.4016572739902621	0.3566666666666667	0.9	0.46316399286987514	0.4037502299799767	0.6166666666666667	0.9	0.7066233766233766	0.432295294958002
100	0.05	1.0	0.09428421119677274	0.24578191806035474	0.45568869855634553	0.8938095238095238	0.563502080994341	0.36718718018185503	0.2363811595837552	1.0	0.3495529631763984	0.35603054408505996	0.39749999999999996	0.9857142857142858	0.5368280085927145	0.3975610304396987
150	0.044	1.0	0.08396165621245939	0.23931735751987165	0.31420597920597915	0.8316666666666667	0.43875923529823463	0.3254736745116386	0.15184135336362453	1.0	0.25166514662616574	0.3126257145229371	0.3271212121212121	0.8927777777777779	0.46661487937349994	0.35362526937636685
200	0.04650000000000001	1.0	0.0883194391200043	0.24240930860433432	0.24272284217330653	0.8361630036630038	0.3520920945057425	0.31752816332968264	0.13244402974057176	1.0	0.22689003289353504	0.3065003760506255	?	?	?	?
300	0.048999999999999995	1.0	0.0931293314015812	0.2469469015585827	0.17421616705344048	0.8547410192147036	0.28125923103952466	0.309009318935153	0.10806153249484249	1.0	0.1944896904396785	0.29196182728799674	?	?	?	?
400	0.05	1.0	0.09501464355061272	0.2469627046171295	0.1545852314213811	0.8826958949860441	0.25958605440300514	0.3019433490777306	0.10838320820775649	0.9792443648305718	0.19362270347200752	0.2894551711041987	?	?	?	?
500	0.0482	1.0	0.09179118058353863	0.24430911500504893	0.12608740513656785	0.8715905536958168	0.2159914624562041	0.28658685375235105	0.09508578379590618	0.9777315277315278	0.17211782915053558	0.2803277797189611	?	?	?	?
600	0.04833333333333334	1.0	0.09210139864185803	0.24509633221036328	0.11210211772037255	0.8839196039559015	0.19746595187780164	0.28217335825978973	0.08881552212009289	0.9677229428499846	0.16195104989283773	0.2758327443424441	?	?	?	?
700	0.04971428571428571	1.0	0.09460237235563394	0.2462404390347907	0.11605822858872392	0.8911554352715679	0.2031431838502235	0.28393355339925497	0.08797092433922725	0.9742247108673254	0.16078476595906327	0.2754224350195431	?	?	?	?
800	0.04937500000000001	1.0	0.0940090278237049	0.24551254234569378	0.09433820886808425	0.8967646381522869	0.1700628959099013	0.2744834531251376	0.08033878649729823	0.9627675678419386	0.14799550935598305	0.2690486615269496	?	?	?	?
900	0.04933333333333333	1.0	0.09392870077854568	0.24508967096635043	0.08419967628481571	0.8964130870411479	0.15359776512716367	0.2682364932595667	0.07516156926178671	0.9472958115139077	0.13907880994170754	0.2647633496406489	?	?	?	?
1000	0.0502	1.0	0.09552664504302961	0.24645588754857703	0.08702791283636603	0.8841376504851081	0.1581311011791497	0.27049918924863203	0.07602948997136869	0.9396803206209986	0.1403222666651231	0.26569697865111186	?	?	?	?
2000	0.0501	1.0	0.09538777827319198	0.24595288902623214	0.06720903195565561	0.8649374203397386	0.12462343213101794	0.2555389385909307	0.06125711461373373	0.9220137462837601	0.11479483859040478	0.2535003085293281	?	?	?	?
3000	0.050966666666666674	1.0	0.09697332616628912	0.2462226487106877	0.0603184375154973	0.8969353723536694	0.11298107454985926	0.25097461866423154	0.05789535121206102	0.925397150767601	0.10891691752956718	0.25027740007421423	?	?	?	?
4000	0.0494	1.0	0.09413649215127838	0.24407986749567515	0.05567455762320929	0.9181082327139357	0.10492859084894628	0.2469935433165657	0.05396034165131858	0.9409083193483777	0.10202968133465869	0.24645083909942717	?	?	?	?
5000	0.04956	1.0	0.09443250346336647	0.24450106642591965	0.0531529974907337	0.9566334225391484	0.10069081717123043	0.24634655954025578	0.052365997227622696	0.9565145270738904	0.09928332842069265	0.24591638730478857	?	?	?	?
6000	0.04973333333333334	1.0	0.09474688306112246	0.2446308228768031	0.05356078386758008	0.9474411623382626	0.1013542243887382	0.24636642535174488	0.05250644561380208	0.9544784791701764	0.09952057767840855	0.2459304711281026	?	?	?	?
7000	0.049557142857142855	1.0	0.09442883885475288	0.24444924900610365	0.052290363796448316	0.9654565478538967	0.09918642630329523	0.24571560466484738	0.05188434366709062	0.9580110457657953	0.09842107372220718	0.24531997851737836	?	?	?	?
8000	0.049800000000000004	1.0	0.09486827826551035	0.24492879852385435	0.05164966325004681	0.9754232718965289	0.09809249716307553	0.24589026260811625	0.05112417877239419	0.9757748499009342	0.09714378903477702	0.24553595097869732	?	?	?	?
9000	0.049977777777777774	1.0	0.09519073583375144	0.24513315650232298	0.05157931562625297	0.9812794329511739	0.09799507685432106	0.24599818315895755	0.05128382658791576	0.9759049241164182	0.09743069561135224	0.2457035960258652	?	?	?	?
10000	0.04995	1.0	0.09514152128813116	0.24509110101111925	0.05143535576115228	0.9793691334356163	0.09772150061203096	0.24576259567255887	0.051058223585168316	0.97876777859335	0.0970420180903209	0.24550325259452607	?	?	?	?
