0.5	0.001	0.1	0.0019801980198019802	0.2634191083417659	0.0018867924528301887	0.1	0.0037037037037037034	0.2932255166176581	0.0018181818181818182	0.1	0.0035714285714285713	0.2927113656903495	0.0024390243902439024	0.1	0.0047619047619047615	0.30149693641851477
1.0	0.012	0.7	0.023456237026417574	0.2743901158647578	0.04227286961703177	0.7	0.07485028138558267	0.3141367583419541	0.022922196253313272	0.7	0.0438619054698816	0.3107170987909533	0.036573913253244564	0.7	0.06691827922673328	0.3230218870184018
2.8	0.02	1.0	0.03910259672454967	0.2832180322986878	0.058264691497931655	1.0	0.10862583743071548	0.32599907329991357	0.04161176590835303	1.0	0.07915186998180174	0.3236888560736112	0.06138455470480155	1.0	0.11389606749973498	0.33737071924027695
3.9	0.027000000000000003	0.8	0.05187775761855658	0.29222201168487294	0.1109290063758149	0.7583333333333333	0.18410720391683855	0.3402637636110587	0.05653339562682961	0.8	0.103870428006321	0.33743479434472967	0.08735150558179486	0.8	0.1515378263681084	0.3550701391472749
4.0	0.031	0.9	0.05921908071005333	0.29008028311188594	0.10259494059590142	0.875	0.17738871238646986	0.33904735619414195	0.06303563339859873	0.9	0.11462817558574079	0.33573346041034513	0.10065183772119779	0.8875	0.17338189375538696	0.35357843046497184
5.0	0.05	1.0	0.09428421119677274	0.3128167607911892	0.20883456909671744	0.9304761904761906	0.3124291005501524	0.370139388690207	0.12174260642057252	1.0	0.2086522512383429	0.3700130449720582	0.18457645550658255	0.9857142857142858	0.29320449143986804	0.39008386874932155
10.0	0.12199999999999997	1.0	0.21610573445470954	0.38821434151589085	0.3775306526860548	0.9081746031746031	0.5060453630438619	0.4710597054436887	0.2667877781120016	0.9944444444444445	0.41542483786459405	0.47049910113519233	0.3437315005814292	0.9694444444444444	0.49461828185812823	0.4877079222748938
20.0	0.20800000000000002	1.0	0.3417953117206318	0.4580289123407585	0.4583687107900448	0.9284244330597625	0.6043312821463391	0.5566488345838231	0.4152387640276941	0.9832323232323233	0.5820601820158692	0.5551814041621576	0.48981725168357093	0.9379605651719596	0.6348760241326488	0.5709486276584949
30.0	0.31300000000000006	1.0	0.4741825576760424	0.538942846272328	0.5348993584593705	0.8997691402485619	0.6616617193841741	0.6063127003798511	0.46419785161472654	0.9638090543574416	0.6246978424254477	0.6018654271641954	0.6403264885413557	0.8541362709382732	0.7289671297528032	0.632276081626292
50.0	0.5090000000000001	1.0	0.6722856591899338	0.672324976711744	0.6685419033712359	0.9204632526232072	0.7696819117811888	0.7221211792837451	0.6348689296596254	0.9639723229179916	0.7640444056236507	0.7230625904108737	0.6956322047697528	0.9306075038816302	0.7937588032451275	0.7364688201580837
