0.5	0.005	0.1	0.009523809523809523	0.19117619369216418	0.1	0.1	0.1	0.25322830260425344	0.1	0.1	0.1	0.262175542137886	0.1	0.1	0.1	0.26634684210896203
1.0	0.01	0.2	0.019047619047619046	0.19688061036998336	0.2	0.2	0.2	0.2888401619590098	0.2	0.2	0.2	0.2953533759507593	0.2	0.2	0.2	0.3032379544846398
2.8	0.025	0.5	0.047619047619047616	0.20436912041842445	0.5	0.5	0.5	0.3637125774030365	0.5	0.5	0.5	0.36742957047029345	0.5	0.5	0.5	0.3698481599670095
3.9	0.030000000000000006	0.4	0.05541125541125541	0.23118728808308187	0.4	0.4	0.4	0.3710583567789317	0.4	0.4	0.4	0.37924064426637605	0.4	0.4	0.4	0.3808800830109374
4.0	0.03	0.2	0.05217391304347826	0.2130463722444651	0.2	0.16666666666666666	0.18	0.30670265652305717	0.175	0.2	0.18571428571428572	0.326601195029501	0.2	0.2	0.2	0.34355926901075334
5.0	0.034999999999999996	0.5	0.06493506493506493	0.21875247452922472	0.5	0.5	0.5	0.3823215681240982	0.5	0.5	0.5	0.39028710195824706	0.5	0.5	0.5	0.39383584294022334
10.0	0.1	0.9	0.17652926783361567	0.30552907631840803	0.875	0.8083333333333333	0.835	0.5217859631116603	0.7866666666666667	0.9	0.8133333333333332	0.5515431890144192	0.8666666666666668	0.9	0.8800000000000001	0.5655855069721396
20.0	0.19999999999999998	1.0	0.32397219527654303	0.4138256293165049	0.8823809523809523	0.8623809523809524	0.8697546897546896	0.6533211632771548	0.8569444444444443	1.0	0.9176698301698302	0.6990104645275397	0.8825396825396826	1.0	0.9331709956709957	0.7100716691221538
30.0	0.28	1.0	0.4336670736670737	0.4956271899543071	0.9113095238095237	0.8796428571428571	0.8833730158730161	0.7314452606328296	0.8444444444444444	1.0	0.908511586452763	0.7652766790056827	0.8859126984126984	0.9857142857142858	0.9264253393665159	0.7766505653679083
50.0	0.5750000000000001	1.0	0.7261282518872652	0.7156351264253786	0.8996733821733821	0.9178296703296704	0.9050549557654822	0.8424995109417294	0.8679853479853479	0.9923076923076923	0.9241324365012522	0.8627874227139047	0.9045781995781995	0.9823076923076923	0.9407191845074376	0.8726475036714726
