0.5	0.003333333333333333	0.1	0.0064516129032258064	0.27046728488588934	0.025	0.1	0.04	0.32141184128615763	0.016666666666666666	0.1	0.02857142857142857	0.333059936166433	0.014285714285714285	0.1	0.025	0.33997952969843187
1.0	0.006666666666666666	0.2	0.012903225806451613	0.26352809971767543	0.06666666666666667	0.2	0.09523809523809523	0.3232347478351742	0.02526315789473684	0.2	0.043333333333333335	0.32708552764196036	0.039285714285714285	0.2	0.065	0.3408230256969151
2.8	0.02	0.5	0.038306451612903226	0.2735137123163843	0.1811111111111111	0.5	0.2319047619047619	0.3402367341711564	0.07225940725940726	0.5	0.1168131868131868	0.3479799733581147	0.08333333333333333	0.5	0.14109890109890108	0.3643016485839156
3.9	0.03	0.6	0.056488269794721414	0.2963095799587858	0.20555555555555555	0.6	0.26676767676767676	0.3793907305059444	0.10396575646575648	0.6	0.16812409812409815	0.39415455031044094	0.10868797868797868	0.6	0.1769119769119769	0.40242862690765335
4.0	0.03	0.5	0.055718475073313775	0.28595745392282723	0.19857142857142857	0.5	0.2547619047619048	0.3850718323640966	0.13095238095238093	0.5	0.17776556776556776	0.3803948728817079	0.17880341880341882	0.5	0.22389610389610395	0.3974623746745699
5.0	0.04666666666666667	0.8	0.08717008797653958	0.3106477456382868	0.29801587301587296	0.8	0.39761904761904765	0.3961811327535984	0.1640613553113553	0.8	0.2560667600373483	0.4116631879252992	0.17660714285714282	0.8	0.27187154348919057	0.4148923611910427
10.0	0.09999999999999999	1.0	0.17824942293632998	0.36369970104075505	0.5413596491228071	0.9416666666666667	0.6426373626373627	0.47170871157355015	0.32710012210012207	1.0	0.45933566433566436	0.4805597444855708	0.4163199665831245	0.9833333333333334	0.542142857142857	0.5004463886035924
20.0	0.18333333333333332	1.0	0.3041177009056266	0.44278730287758766	0.6364574314574314	0.925436507936508	0.7094068676421619	0.5894794165830002	0.5724847374847376	1.0	0.6856454819690113	0.6012820202322419	0.6577777777777778	0.968888888888889	0.7528277424330054	0.608443649742127
30.0	0.29	1.0	0.444839513811362	0.5320902173144496	0.8207142857142855	0.9086965811965811	0.8504878618113914	0.6717629496125319	0.7038698556345615	1.0	0.8173794704379412	0.6757033763335172	0.7897825540472598	0.956388888888889	0.8593019686898407	0.6865695127610476
50.0	0.55	1.0	0.7053879271894756	0.6959585626433222	0.8443209807048815	0.9579960317460319	0.8936068325594702	0.8014263589585784	0.8339334739235129	0.9888888888888889	0.9018392272755547	0.8057042578820452	0.8417931593690108	0.9894444444444446	0.9067699588250878	0.8094341897112413
