10	0.07999999999999999	0.7	0.14242424242424245	0.21682613965007866	0.7	0.7	0.7	0.5955538733098787	0.7	0.7	0.7	0.5979426713535944	0.7	0.7	0.7	0.5979426713535944
20	0.1	0.9	0.17652926783361567	0.2435334160521548	0.9	0.75	0.8066666666666666	0.6120807886567557	0.8666666666666668	0.9	0.8800000000000001	0.6856909682319721	0.9	0.875	0.8857142857142858	0.6887478136247276
30	0.09999999999999999	1.0	0.17824942293632998	0.24475002695556677	0.8758333333333332	0.85	0.8263170163170163	0.6224784006909584	0.8108333333333334	1.0	0.8765262515262515	0.6777088549585955	0.8341666666666665	0.9833333333333334	0.8848595848595849	0.6833486675460789
50	0.11800000000000002	1.0	0.20988665498647352	0.2711258246152694	0.9666666666666666	0.5784523809523809	0.7196287046287047	0.5600786733623958	0.5755140692640692	0.956547619047619	0.6976451489686785	0.6120521202268575	0.8334920634920635	0.8419047619047619	0.832542735042735	0.6832832350035676
100	0.12199999999999997	1.0	0.21610573445470954	0.27752015428009197	0.7187229437229437	0.5886657786657786	0.6107892850856238	0.4956790534127024	0.3922770171005465	0.9644444444444445	0.5498238786634488	0.5182397717912642	0.6567795564422252	0.7685270285270286	0.6921974066158411	0.5836623159365637
150	0.12799999999999997	1.0	0.22669111124049088	0.2857778583427829	0.5193965014061932	0.5829488382274761	0.5261977706309688	0.4638801110270271	0.3271833958469516	0.9070044094192701	0.4780994443225052	0.46821468730381	0.5080545314304905	0.7629244456953435	0.598343206541704	0.5379627872201106
200	0.1255	1.0	0.22256330133197513	0.28180199242654314	0.456271266933836	0.5437286015112102	0.4860314211832889	0.431573330447412	0.26837652007794943	0.9479330041938738	0.41719065726570587	0.42635163237545326	?	?	?	?
300	0.11300000000000002	1.0	0.20275236969910893	0.26340900907765386	0.37468024672091993	0.5920020350964293	0.4490042711418769	0.411721942610482	0.22991375277000792	0.8890340399880715	0.3636960936764311	0.38025640684043055	?	?	?	?
400	0.1145	1.0	0.20526383065988346	0.26589550524907346	0.2693493499766991	0.6486102912531866	0.3740292081345629	0.3715317852131017	0.1954863604979899	0.8885658187348844	0.3197192123907963	0.34918705234399167	?	?	?	?
500	0.1136	1.0	0.20366449812039927	0.26467926902192696	0.2608423023338393	0.6366140719937459	0.3495505100048595	0.35129358963770685	0.18846248133036944	0.8532741722568717	0.307941362643231	0.33970414384841396	?	?	?	?
600	0.11333333333333333	1.0	0.20327047484798025	0.2642273530276016	0.2245423192821093	0.6518464112230113	0.3302137536908642	0.3422313161336426	0.17873271813357433	0.8393505156697476	0.2934402269842295	0.3277959831550602	?	?	?	?
700	0.11000000000000001	1.0	0.19791451662125228	0.26008403862293583	0.2061785078450126	0.6958664678382481	0.31331511356694763	0.3331858096909442	0.17044102325608354	0.828713540114455	0.28171033116909444	0.31820346915769027	?	?	?	?
800	0.10987500000000001	1.0	0.19773927611533648	0.25998865219743666	0.21963139923037836	0.6243126514779984	0.3190868500299263	0.3300777429982874	0.171983466371104	0.8103561405720565	0.2816143669579689	0.31722890666270087	?	?	?	?
900	0.10922222222222222	1.0	0.1966946456558512	0.25913542625473324	0.19006093700329993	0.6859475905773941	0.29289395080662683	0.31766608416028363	0.1648645507399343	0.8187141936855935	0.27236981235516916	0.3109173840630068	?	?	?	?
1000	0.10800000000000001	1.0	0.1947820637432372	0.2575292682269036	0.1874199149931182	0.6487182022280606	0.2882144603948062	0.31297920764417014	0.16019242679778972	0.8085993352612781	0.26589690442427216	0.3057227781459945	?	?	?	?
2000	0.0992	1.0	0.18042345424148415	0.24479549794153338	0.1400576034544579	0.682012522565395	0.23108152052355213	0.27248070775608857	0.1293269615351323	0.7838391434593692	0.22110954497955015	0.2697237614239219	?	?	?	?
3000	0.0991	1.0	0.18030706820623107	0.244648971388239	0.12474100639769747	0.7470830553206532	0.2131432717806072	0.2626828600107303	0.11786743179245403	0.8206287395244031	0.20577515215647146	0.2597714259350734	?	?	?	?
4000	0.09930000000000001	1.0	0.18065078545138719	0.24468958701786309	0.12057047972262462	0.7385224627421103	0.20687972907754357	0.2575867804956049	0.1136601475998317	0.8330284846144534	0.19987252511824136	0.25556922913724256	?	?	?	?
5000	0.09881999999999999	1.0	0.17984830058318163	0.2440159426786371	0.11403775702769366	0.7772452451874202	0.19861905185269596	0.2529669951336059	0.11150314683095111	0.8185289821116626	0.19598625796607522	0.25207551555812924	?	?	?	?
6000	0.09903333333333333	1.0	0.1802047793027404	0.24434569264886075	0.11657528178835563	0.7537853413886875	0.2010043749211461	0.2536136252008067	0.1101798540909164	0.838514788503333	0.1945672554940606	0.25158915798994747	?	?	?	?
7000	0.0992142857142857	1.0	0.1805026986725743	0.24465189409105795	0.1084324479360191	0.8504656817480123	0.19223002622754495	0.25049764247381573	0.10769975760571356	0.8593190675792954	0.19131528592053096	0.2500603486825109	?	?	?	?
8000	0.09910000000000001	1.0	0.18031719211329394	0.2444323609562892	0.10757240500940035	0.8478364472054285	0.19086724747319678	0.24938027924371778	0.10681307668489048	0.8615664582213565	0.18999930784756486	0.2489849128582046	?	?	?	?
9000	0.09893333333333335	1.0	0.1800438288707954	0.24407933215185973	0.1065717882372971	0.8522286010388971	0.18927226652505874	0.2480375216046958	0.10510787177549233	0.8793018960845783	0.18767893725845458	0.24751124114246173	?	?	?	?
10000	0.09897999999999998	1.0	0.1801225666975505	0.2441470238645715	0.10616647003068932	0.8497063942357096	0.18855804161981823	0.247449880953104	0.10393687825258595	0.8979935201692392	0.18628203683411518	0.24690447451455344	?	?	?	?
