0.5	0.004666666666666667	0.5	0.009236667828511676	0.33847531007062936	0.007186889924235445	0.5	0.014154220862113116	0.35775760506744586	0.006246618957181866	0.5	0.0123261068030578	0.3563703333392493	0.008377063473610788	0.5	0.016420302643797114	0.36593187988347997
1.0	0.010666666666666668	0.8	0.020934352670446743	0.3411696261634318	0.01871372602498623	0.78	0.035978743991906606	0.3689030942740143	0.017920044468870498	0.8	0.03465152402952611	0.3674734667744054	0.021920192524962755	0.8	0.04190522365305495	0.37595366007633163
2.8	0.019333333333333334	1.0	0.03777554159425277	0.3508945256535788	0.03197980093987639	1.0	0.061638134310287605	0.37713890916056114	0.029121411531589047	1.0	0.05626433149281122	0.37564844129270203	0.034990175533028946	1.0	0.06717958514105948	0.384688144642538
3.9	0.029333333333333333	1.0	0.05647054720778409	0.36022993730321173	0.058452939637522336	0.9857142857142858	0.10630600889250988	0.3924395829868903	0.04714628891931577	1.0	0.08826037571492296	0.3911030379405559	0.05735732610086806	0.9732142857142858	0.10523946781509808	0.40010894881054054
4.0	0.029333333333333333	1.0	0.05621154683819733	0.36053836816845874	0.049713121558723324	1.0	0.09235343183090279	0.3837717441082559	0.04377282662062164	1.0	0.08221048482756176	0.38322527187589606	0.05554269897803314	0.9916666666666666	0.10212537161930797	0.39429642150255945
5.0	0.044	1.0	0.08396165621245939	0.37133191207507393	0.08223920988372209	0.9875	0.14917736314056143	0.4041187115918281	0.07105353026386932	1.0	0.13110988997538614	0.4038387356674004	0.07761248948569674	0.9675	0.14233619988325544	0.4118624663522518
10.0	0.12799999999999997	1.0	0.22669111124049088	0.44141817016242924	0.22199457403029504	0.985909090909091	0.3608032523186454	0.4824677277596929	0.1973070222600497	0.9894736842105264	0.32744962413046075	0.47828534646108495	0.22469330822753425	0.9827777777777778	0.36459100783028303	0.4886260427595368
20.0	0.21200000000000002	1.0	0.3484331574141192	0.49287809424454565	0.3569402706351736	0.9488805638805639	0.5131093240488228	0.5460136455619891	0.3350835445656096	0.970397657897658	0.49495274886986723	0.5434688598834484	0.3735608600679431	0.9413773263773264	0.5314313033943657	0.5529633919708054
30.0	0.3026666666666667	1.0	0.4632528709534839	0.555065751708095	0.39406850538392113	0.9424946495402244	0.5533131235120311	0.5834974518067687	0.38423784029179425	0.9469733176548738	0.5441656237272073	0.5794896582408577	0.45530721958631953	0.877169041553778	0.5946422381627356	0.5932448649523504
50.0	0.5033333333333333	1.0	0.6683073079012511	0.6681054384889826	0.5800319026996216	0.9580022361305035	0.7195140893066634	0.6895922119873177	0.5666254811699857	0.9751808487711113	0.7149612592176563	0.6897610372882853	0.601935559460262	0.9521042989596454	0.7345818923059707	0.6966550623824839
