10	0.030000000000000006	0.2	0.051515151515151514	0.1441290231293551	0.2	0.2	0.2	0.2714433198029764	0.2	0.2	0.2	0.2803716668393291	0.2	0.2	0.2	0.2803716668393291
20	0.030000000000000006	0.4	0.05541125541125541	0.1475857082994216	0.4	0.4	0.4	0.37252007438236207	0.4	0.4	0.4	0.37708873210734484	0.4	0.4	0.4	0.3779322708589332
30	0.03	0.6	0.056488269794721414	0.1437765972780896	0.6	0.5666666666666667	0.58	0.40842803704792274	0.6	0.6	0.6	0.4304629304850153	0.6	0.6	0.6	0.4320325969476884
50	0.03799999999999999	0.8	0.07214712364545883	0.15614166551341044	0.7416666666666666	0.7083333333333333	0.715	0.4643291957590465	0.6766666666666666	0.8	0.7216666666666667	0.48780931713185216	0.6766666666666666	0.8	0.7216666666666667	0.4894583039708391
100	0.027000000000000003	0.8	0.05187775761855658	0.13924698859932366	0.6717948717948717	0.615	0.6254887218045113	0.33551179015747035	0.45965811965811965	0.8	0.525230179028133	0.35745001833711687	0.6033333333333333	0.7583333333333333	0.6560457516339869	0.3816083893712142
150	0.029333333333333333	1.0	0.05647054720778409	0.14256525825219407	0.8761904761904763	0.7205952380952381	0.7512121212121212	0.3212412467317354	0.33738082580187845	0.9675	0.4413864093675408	0.32326235438238987	0.6225133689839571	0.887142857142857	0.695464303670186	0.3691027767999809
200	0.03150000000000001	1.0	0.060758223786474254	0.14562056153647718	0.6432219251336899	0.6913311688311687	0.607025012025012	0.33467313691359996	0.2471871974046372	0.9732142857142858	0.3773070579233929	0.31678255377948095	?	?	?	?
300	0.03266666666666666	1.0	0.06302996992044088	0.14702085036699183	0.6379120879120879	0.5647664835164834	0.5548812057507709	0.2984515614782636	0.18533611196992184	0.9737500000000001	0.30117985623810795	0.2830256090633584	?	?	?	?
400	0.033249999999999995	1.0	0.06421294543053042	0.14796360432659394	0.42831166148103267	0.5809218559218559	0.45439128339507845	0.2863579046977401	0.12680191425480591	0.9690476190476189	0.22253637741131777	0.24608854388470114	?	?	?	?
500	0.033800000000000004	1.0	0.06522900168708196	0.14898592682594025	0.31872541735077176	0.5560054896794028	0.35157362148830507	0.2536823053839926	0.10116848690932959	0.9505854978354978	0.18193382751024154	0.22188227080477252	?	?	?	?
600	0.032	1.0	0.061934046015747944	0.14628525602234657	0.26685240990905823	0.573572591596047	0.33888633790421263	0.2517507054407543	0.0997188743656491	0.9404320563113469	0.17935370217852878	0.21853147550964044	?	?	?	?
700	0.031999999999999994	1.0	0.061947804250816994	0.14624538650066302	0.2568901468593706	0.5087843518716832	0.3136231742767727	0.23419907145460214	0.08196150402902815	0.9493539127871962	0.15035599306550657	0.20307476008662526	?	?	?	?
800	0.031875	1.0	0.061711373226054134	0.14631715628963968	0.19980606805474743	0.5307798048143474	0.27584611583373186	0.2242847757460094	0.07135821143877846	0.9328167585518778	0.13193867506985618	0.19154419688690089	?	?	?	?
900	0.03166666666666666	1.0	0.06132595624558672	0.14597890468337935	0.19547107818165138	0.5125135084717662	0.2745202848684836	0.22292184998602424	0.07178984264762106	0.9124674226761341	0.13220966470138878	0.19105372586777505	?	?	?	?
1000	0.0316	1.0	0.06120937396697647	0.14586061717963816	0.1481661593909273	0.581457342028115	0.230413089217748	0.21604381581367377	0.06868491652626472	0.9176970784798927	0.1270177730547196	0.18752173543447573	?	?	?	?
2000	0.03025	1.0	0.05868771561758246	0.1436748984288842	0.0648043931151206	0.655423990033917	0.11721902840686967	0.17264284520053202	0.049929467287427066	0.8111917597858753	0.09391780609806732	0.16497371911637299	?	?	?	?
3000	0.02996666666666667	1.0	0.058164036454103854	0.1433692996806139	0.05431303577057863	0.6518885068753442	0.09928051357706566	0.16208923856758947	0.04269063346789943	0.8165831667445269	0.08105182178547253	0.1570636366621618	?	?	?	?
4000	0.030475000000000002	1.0	0.05913297495188792	0.14392560852033637	0.04788168271184278	0.6887042890039724	0.08933090090330202	0.15822858177982907	0.04220369973713597	0.7904191252158204	0.08006294342884665	0.15580589100785597	?	?	?	?
5000	0.03012	1.0	0.0584663191812828	0.14325852823351085	0.047561182594728774	0.6352871230200362	0.088222723044503	0.1555997205609122	0.0401158190986655	0.7924937247634123	0.0763073130653303	0.15300701971730685	?	?	?	?
6000	0.03005	1.0	0.058339270883738095	0.14302880912537957	0.04338016174793398	0.672992901899792	0.08128703937796558	0.15259834429684135	0.03851909009342103	0.780367226726866	0.07334071815109787	0.15064972592303158	?	?	?	?
7000	0.03	1.0	0.05824431422785794	0.14287794036958426	0.04059333941830033	0.705217926822189	0.0766296213578814	0.15043333136879472	0.036287252550028716	0.8220039223102266	0.06946454365788211	0.14870447054965552	?	?	?	?
8000	0.029949999999999997	1.0	0.058153579869027736	0.14287236458302488	0.0392255874637794	0.7192831494548707	0.07431563399546316	0.14958316780187367	0.036008665678470955	0.8129078975203022	0.06891246478207018	0.1481218812768322	?	?	?	?
9000	0.03011111111111111	1.0	0.058457464294047266	0.14309334332198617	0.03854029633031098	0.7101696104001156	0.07305597658803328	0.14867924738634594	0.03545523820224879	0.8157221872836946	0.06791706436812875	0.1475424486020148	?	?	?	?
10000	0.02966	1.0	0.05760824532676121	0.14229799539461482	0.03678524300632498	0.732213168470015	0.07000547569642367	0.1470678098898896	0.0348743478156233	0.8046326329243418	0.06680568314615494	0.14619188261925775	?	?	?	?
