10	0.32	1.0	0.47239427239427234	0.5003793616419852	1.0	0.8333333333333333	0.902857142857143	0.8099789887632683	0.9399999999999998	1.0	0.9638888888888889	0.8745057985133489	0.9800000000000001	0.9666666666666666	0.9688888888888888	0.8752626883582388
20	0.28	1.0	0.4336670736670737	0.46537704762568965	0.9046428571428571	0.7979761904761904	0.8331709956709957	0.7587006970225941	0.8444444444444444	0.9800000000000001	0.8974004753416519	0.8222280422442619	0.9144841269841271	0.9657142857142859	0.9319808949220715	0.8492833423570799
30	0.29	1.0	0.444839513811362	0.47522721136943885	0.8557395382395383	0.7719230769230769	0.7984210526315789	0.731521200361235	0.7251685569332628	0.975	0.8199738351375692	0.7658088302449797	0.8490262515262517	0.9009188034188034	0.8706553521484872	0.8000889317675645
50	0.30000000000000004	1.0	0.4588420127818723	0.48398708278752717	0.7541377005347594	0.7550737089707679	0.73578284229103	0.6915141215082461	0.6204910394265233	0.9757247899159666	0.752664717712931	0.7203684050588366	0.7953924408924409	0.8537265675500969	0.8175800570227194	0.762052400314343
100	0.31300000000000006	1.0	0.4741825576760424	0.496463878652904	0.59953287990459	0.80780652374312	0.6792374357429682	0.6488521448723507	0.5386804579550839	0.9036005660955604	0.6682992494219195	0.6490313825639245	0.6661653082821651	0.8264820176066003	0.7348367509642036	0.6972601510412503
150	0.3026666666666667	1.0	0.4632528709534839	0.48733863374296343	0.5266574704064648	0.7663387232676249	0.6165449834421421	0.5955050531840302	0.4957020060787961	0.8618257975888881	0.6268189171281189	0.613306442045521	0.6050565249077625	0.7743247058239917	0.6768857292686248	0.6460274091609772
200	0.302	1.0	0.4626063416479367	0.4865736038325756	0.49486143914123	0.7634013987134429	0.5934270579415509	0.5788079758844459	0.44273143779528834	0.8734577168804046	0.5835122128243043	0.5788707090431859	?	?	?	?
300	0.30266666666666664	1.0	0.46386251760099195	0.48750577898412795	0.4424810567161819	0.7856565329914851	0.5612675181768129	0.5567814352181709	0.3970581356853784	0.8667865388843949	0.5436873416732126	0.5469657297417239	?	?	?	?
400	0.30824999999999997	1.0	0.4707656636799749	0.4932252296763703	0.42664434027324694	0.7658627721500918	0.5444191359624828	0.5423443377841769	0.38861267352999407	0.8592912042231854	0.5322865674788267	0.5374640217983361	?	?	?	?
500	0.3086	1.0	0.4712254343190799	0.49359392581722367	0.4011234120464054	0.805271511414871	0.5321985425561672	0.5353010850275944	0.3766580892873356	0.8561266975644072	0.5212127757914876	0.5289080556096617	?	?	?	?
600	0.31033333333333335	1.0	0.473393762023061	0.495473561199855	0.38385331408928525	0.8156208129584132	0.5203847976256808	0.5258882300855838	0.36659877567907617	0.8653762860292181	0.512264202610744	0.5220177070728056	?	?	?	?
700	0.308	1.0	0.4707460075816175	0.49301644461366917	0.35974517119997373	0.8535845347670861	0.5048718083972581	0.5150593124005397	0.34466131255094345	0.9119566918636209	0.4995737124059085	0.5133018251783856	?	?	?	?
800	0.31025	1.0	0.4733948243550728	0.49549172916892986	0.349662751568912	0.8832664120099339	0.500560642296401	0.5135005658835038	0.34855678852264355	0.8952362392983086	0.5001831638988021	0.5136625565818911	?	?	?	?
900	0.31022222222222223	1.0	0.4734162090536035	0.4955193081003603	0.3457458043919439	0.892141673062123	0.49619846834298204	0.510112115887209	0.34231070329076657	0.9068324190707104	0.4950436174625873	0.5100604249983972	?	?	?	?
1000	0.3076	1.0	0.47033101856300696	0.4928149517468311	0.34071819209392806	0.8908168253447464	0.49180453425341025	0.5062155245812012	0.339947288932133	0.8960038880919496	0.49181026407251105	0.5067033883428339	?	?	?	?
2000	0.30145000000000005	1.0	0.46320893857254114	0.486147632528424	0.3146523172553681	0.9418727401435534	0.47121348463004364	0.49077786271200746	0.31174171361050007	0.9589213022267684	0.47011589666059983	0.4904878378242071	?	?	?	?
3000	0.29993333333333333	1.0	0.46143387221346366	0.4845353070921988	0.3045611076949771	0.9798062449875037	0.46459654275476064	0.48647578516237966	0.3025251881593315	0.9931537598204265	0.4636819740683847	0.48617351611098486	?	?	?	?
4000	0.29879999999999995	1.0	0.4600992827251555	0.4832822650744485	0.3013941932120402	0.9888592520652322	0.46194637002369604	0.4844271678354376	0.3003421304995786	0.9949235608199964	0.46135807862370537	0.48413511238212054	?	?	?	?
5000	0.29856000000000005	1.0	0.45978958318830604	0.4831690596531647	0.3003142781623785	0.9913755522772967	0.46096180204476217	0.48387915711802076	0.29953086714572014	0.9977823977823977	0.4607149757871219	0.4838547460239009	?	?	?	?
6000	0.2981	1.0	0.45925470477978936	0.4825763063134831	0.30002245007324435	0.991459454540067	0.46061620502957146	0.4834014834066071	0.2990455261649411	0.9973789173789174	0.46009799704315213	0.48317896330986826	?	?	?	?
7000	0.29788571428571436	1.0	0.4590026462778319	0.4823823261414909	0.2993392094495397	0.9942668689463453	0.46011725039763024	0.48314885662626306	0.29856462721228183	0.9988714425907753	0.4596922851453873	0.48292489930337723	?	?	?	?
8000	0.29823750000000004	1.0	0.45943181118867304	0.4827780135479737	0.29958543385985137	0.9945638324757574	0.4604511409882104	0.4834419003659348	0.29878854009010214	0.9993619736282433	0.4600181277413986	0.4832377538219845	?	?	?	?
9000	0.2984666666666667	1.0	0.4597094156389893	0.4830301228611738	0.2995190408846712	0.9956639626995804	0.46048702102939887	0.4835533884404083	0.29886233337483536	1.0	0.4601783614861007	0.4834140655104884	?	?	?	?
10000	0.29834	1.0	0.4595621414887317	0.4829681097769448	0.29930079311586316	0.9955068211581846	0.46022128255638045	0.4833806836208191	0.2986898429750174	1.0	0.4599769106704071	0.48330492745002224	?	?	?	?
