0.5	0.002	0.1	0.00392156862745098	0.26677082092505133	0.008333333333333333	0.1	0.015384615384615385	0.3112473107734236	0.005	0.1	0.009523809523809523	0.3134463341475985	0.006666666666666666	0.1	0.0125	0.32560515295157977
1.0	0.014000000000000002	0.4	0.026579520697167756	0.2713208805968365	0.0698051948051948	0.375	0.09689655172413794	0.32229539990864253	0.07039372625111165	0.4	0.09806818181818182	0.3383456777477121	0.06558062880324543	0.4	0.09620915032679737	0.3458682147102686
2.8	0.024	0.9	0.04660633484162896	0.2853779413422958	0.10022113997113997	0.9	0.1764189405365876	0.34479629780819615	0.0625794059496822	0.9	0.11503383610800491	0.35416992472269204	0.07698466422302067	0.9	0.1397594476387046	0.3672278020198966
3.9	0.03799999999999999	0.8	0.07214712364545883	0.3036388971007138	0.2311111111111111	0.7666666666666666	0.3313717448701968	0.37628708320636944	0.12803692201518285	0.8	0.20805257705257704	0.38781709368949546	0.1538861138861139	0.8	0.25011715464804707	0.40600423978466554
4.0	0.038	0.9	0.07229795320805307	0.29617797285576986	0.21705447330447333	0.9	0.3309155550332021	0.3646247145596527	0.10162815345573968	0.9	0.1753183155401576	0.37014519071054214	0.1522408963585434	0.9	0.24482446144513714	0.3933129707174098
5.0	0.052000000000000005	0.9	0.0975937409899674	0.3162073254475717	0.2889285714285714	0.8466666666666667	0.4004390054390054	0.3950563255284033	0.14874738986503694	0.9	0.2448122952363092	0.39848033681107664	0.20956311804137892	0.9	0.3235865800865801	0.4168019668668156
10.0	0.11800000000000002	1.0	0.20988665498647352	0.3814691080527705	0.5299637383689108	0.8978571428571428	0.6310427253905515	0.5056163647241457	0.38043256068044407	1.0	0.5238517455757327	0.5059234785078482	0.47968596059113294	1.0	0.6266758603715126	0.5296864064203464
20.0	0.19	1.0	0.315615059475593	0.44771074417811685	0.6409124209124208	0.853154623154623	0.6998101557312084	0.5662709150304709	0.5298513915042047	0.9916666666666666	0.677732246352936	0.5868213946580874	0.5672101823185415	0.9762820512820513	0.6953932284052223	0.5984746317264793
30.0	0.30000000000000004	1.0	0.4588420127818723	0.531679417450856	0.6551416550781342	0.9017427996839761	0.7517615682321563	0.6515571165991336	0.6079967865529601	0.9869747899159664	0.7471766954530292	0.6598764080154685	0.7098278584160937	0.9344610536522302	0.7948867385976935	0.6730863059823685
50.0	0.522	1.0	0.6840190032087974	0.6814166385984944	0.7740369286348888	0.9426718022107827	0.8467449413453998	0.7643251398867222	0.7585027935027935	0.9837931995540691	0.8556591606555886	0.774827892650628	0.7957520051536278	0.9652792329867099	0.871522005681203	0.7854106407417986
