10	0.02	0.2	0.03636363636363636	0.03636363636363636	0.2	0.2	0.2	0.2	0.2	0.2	0.2	0.2	0.2	0.2	0.2	0.2
20	0.034999999999999996	0.5	0.06493506493506493	0.06493506493506493	0.4666666666666667	0.5	0.48	0.48	0.4666666666666667	0.5	0.48	0.48	0.5	0.5	0.5	0.5
30	0.04666666666666667	0.8	0.08717008797653958	0.08717008797653958	0.7333333333333334	0.7666666666666667	0.74	0.74	0.6683333333333333	0.8	0.7207142857142858	0.7207142857142858	0.7666666666666667	0.7666666666666667	0.76	0.76
50	0.052000000000000005	0.9	0.0975937409899674	0.0975937409899674	0.7166666666666668	0.7266666666666667	0.665	0.665	0.5900000000000001	0.8800000000000001	0.6916666666666667	0.6916666666666667	0.7916666666666667	0.8	0.7747186147186147	0.7747186147186147
100	0.05	1.0	0.09428421119677274	0.09428421119677274	0.8116883116883118	0.5547619047619047	0.5798412698412698	0.5798412698412698	0.46036630036630033	0.9714285714285715	0.607789726613256	0.607789726613256	0.8579761904761906	0.7445238095238095	0.7764468864468865	0.7764468864468865
150	0.044	1.0	0.08396165621245939	0.08396165621245939	0.8	0.35388888888888886	0.485585248085248	0.485585248085248	0.2869729623824452	0.943888888888889	0.4288278962192006	0.4288278962192006	0.7966666666666666	0.696111111111111	0.7219165279165279	0.7219165279165279
200	0.04650000000000001	1.0	0.0883194391200043	0.0883194391200043	0.7716175053017158	0.4526831501831502	0.5473537491919844	0.5473537491919844	0.23935435600163596	0.9532142857142858	0.3731093782592573	0.3731093782592573	?	?	?	?
300	0.048999999999999995	1.0	0.0931293314015812	0.0931293314015812	0.6828571428571429	0.24250512645249483	0.3434320017214754	0.3434320017214754	0.17357363233029627	0.8726592997645628	0.2851377450975975	0.2851377450975975	?	?	?	?
400	0.05	1.0	0.09501464355061272	0.09501464355061272	0.7012121212121212	0.22621303786609365	0.3286694053073363	0.3286694053073363	0.15110606536361523	0.8787852620672094	0.25365952749727916	0.25365952749727916	?	?	?	?
500	0.0482	1.0	0.09179118058353863	0.09179118058353863	0.6047871572871573	0.2047170957697273	0.289015923362954	0.289015923362954	0.12959503912975026	0.8343235030077135	0.22222694301740828	0.22222694301740828	?	?	?	?
600	0.04833333333333334	1.0	0.09210139864185803	0.09210139864185803	0.6832125603864735	0.21002726251365092	0.29219808046299944	0.29219808046299944	0.13061565439711387	0.8125911783988009	0.22300495690905325	0.22300495690905325	?	?	?	?
700	0.04971428571428571	1.0	0.09460237235563394	0.09460237235563394	0.5782798157033266	0.22448979069822245	0.2881529245991213	0.2881529245991213	0.12419092046324993	0.8275608996249174	0.21554472417830225	0.21554472417830225	?	?	?	?
800	0.04937500000000001	1.0	0.0940090278237049	0.0940090278237049	0.5419417020887609	0.2151605930027959	0.2759322830234231	0.2759322830234231	0.11198264814580053	0.8006528060391709	0.1958044806915274	0.1958044806915274	?	?	?	?
900	0.04933333333333333	1.0	0.09392870077854568	0.09392870077854568	0.5091188493269276	0.1980640313672531	0.24053354423282344	0.24053354423282344	0.10579986895420765	0.7692895065016885	0.1856569803263863	0.1856569803263863	?	?	?	?
1000	0.0502	1.0	0.09552664504302961	0.09552664504302961	0.5230580618212197	0.1629667479413242	0.2335372066970117	0.2335372066970117	0.1063125266957454	0.7397641398149871	0.1853292873728012	0.1853292873728012	?	?	?	?
2000	0.0501	1.0	0.09538777827319198	0.09538777827319198	0.23530332114052324	0.21601351281329112	0.19416242377084125	0.19416242377084125	0.08378853848721225	0.643078368244409	0.14789685730211982	0.14789685730211982	?	?	?	?
3000	0.050966666666666674	1.0	0.09697332616628912	0.09697332616628912	0.1595910820703924	0.2344370179423963	0.18193379285678066	0.18193379285678066	0.07861499595120355	0.5825784601814366	0.13815900191813935	0.13815900191813935	?	?	?	?
4000	0.0494	1.0	0.09413649215127838	0.09413649215127838	0.14609660150427212	0.20127937560105771	0.16574492985119677	0.16574492985119677	0.07410478769774305	0.5620083865550403	0.13051007518130228	0.13051007518130228	?	?	?	?
5000	0.04956	1.0	0.09443250346336647	0.09443250346336647	0.10060009665346467	0.2646473690775767	0.13893295207426543	0.13893295207426543	0.07074532567456704	0.5636191618727002	0.12526601244756236	0.12526601244756236	?	?	?	?
6000	0.04973333333333334	1.0	0.09474688306112246	0.09474688306112246	0.10118995009538936	0.2488844369906178	0.1387711086021546	0.1387711086021546	0.0694954559972478	0.5483375678996322	0.12295160274261652	0.12295160274261652	?	?	?	?
7000	0.049557142857142855	1.0	0.09442883885475288	0.09442883885475288	0.0961683259732434	0.22552856479297567	0.13238483698965806	0.13238483698965806	0.06775114170798387	0.5482119273687327	0.12047893211421483	0.12047893211421483	?	?	?	?
8000	0.049800000000000004	1.0	0.09486827826551035	0.09486827826551035	0.10210063540771999	0.21275710652322516	0.13333887282384732	0.13333887282384732	0.06774343994045172	0.5118113851194537	0.11952208369874509	0.11952208369874509	?	?	?	?
9000	0.049977777777777774	1.0	0.09519073583375144	0.09519073583375144	0.09011804385483475	0.25290928574022864	0.12914616826757463	0.12914616826757463	0.0666471762387962	0.5251467673600947	0.11780867237225312	0.11780867237225312	?	?	?	?
10000	0.04995	1.0	0.09514152128813116	0.09514152128813116	0.08743009083685568	0.25463830462151177	0.12570643152448563	0.12570643152448563	0.06551936461220616	0.5231223273649668	0.11607301356291513	0.11607301356291513	?	?	?	?
