0.5	0.005	0.1	0.009523809523809523	0.3421165534087983	0.03333333333333333	0.1	0.05	0.3874394978411161	0.0125	0.1	0.02222222222222222	0.40934122297267994	0.0125	0.1	0.02222222222222222	0.4133940160211669
1.0	0.01	0.2	0.019047619047619046	0.3450451503691705	0.03111111111111111	0.2	0.05333333333333333	0.4040390807835399	0.025	0.2	0.04395604395604395	0.4138932488130104	0.030952380952380953	0.2	0.05357142857142857	0.42320363921803983
2.8	0.025	0.5	0.047619047619047616	0.33737491240200285	0.13833333333333334	0.5	0.20818181818181816	0.40736456848036157	0.06928571428571428	0.5	0.12047119547119545	0.4251923457301423	0.0767099567099567	0.5	0.13214285714285712	0.43405366251646244
3.9	0.030000000000000006	0.4	0.05541125541125541	0.3771486622293475	0.10607142857142857	0.4	0.1638095238095238	0.4530009615530359	0.06697802197802198	0.4	0.11261904761904762	0.46461204216803614	0.07428571428571429	0.4	0.1231818181818182	0.4755831440931352
4.0	0.03	0.2	0.05217391304347826	0.34844903564179025	0.10833333333333332	0.16666666666666666	0.13015873015873017	0.4223731000608728	0.11785714285714285	0.2	0.14571428571428574	0.4350757228706179	0.11785714285714285	0.2	0.14571428571428574	0.43959813472580134
5.0	0.034999999999999996	0.5	0.06493506493506493	0.34945724579175474	0.12833333333333333	0.5	0.2019047619047619	0.4258007123261576	0.08928571428571427	0.5	0.15071428571428572	0.4444188475673963	0.0976190476190476	0.5	0.16071428571428573	0.4466523167019599
10.0	0.1	0.9	0.17652926783361567	0.4166587789891033	0.3001190476190476	0.875	0.41837606837606833	0.4969759884019342	0.22075147075147075	0.9	0.33567765567765573	0.5087360238427381	0.24503968253968256	0.9	0.3623826173826174	0.519730406221165
20.0	0.19999999999999998	1.0	0.32397219527654303	0.493177453879764	0.5289285714285713	0.9657142857142859	0.6385631035631036	0.6058452908733359	0.45835470085470087	1.0	0.5807438639791581	0.6063545956003435	0.5376587301587301	1.0	0.6542415917415918	0.6208574431404247
30.0	0.28	1.0	0.4336670736670737	0.552165835965465	0.6317587967587968	1.0	0.7572747007034933	0.6567580363696398	0.5639130314130314	1.0	0.7104706713994638	0.6578973506212363	0.6191144966144966	0.9714285714285715	0.7344202512313966	0.666294989893965
50.0	0.5750000000000001	1.0	0.7261282518872652	0.7046557564523452	0.8753590853590854	0.9746153846153847	0.9201663894763816	0.7984149001720169	0.8784060384060384	0.9923076923076923	0.9300235323335245	0.8043918141776647	0.8907437007437007	0.9832167832167833	0.9329326232426155	0.8062227729593255
