10	0.32	1.0	0.47239427239427234	0.5522252745104768	0.96	0.975	0.9607142857142857	0.7219485971928054	0.9399999999999998	1.0	0.9638888888888889	0.7279737288333344	0.9399999999999998	1.0	0.9638888888888889	0.7279737288333344
20	0.28	1.0	0.4336670736670737	0.5245246454990702	0.8652777777777778	0.9732142857142858	0.9067016317016318	0.7022071343073514	0.8539682539682542	1.0	0.9157843137254902	0.7070031685621955	0.8859126984126984	0.9857142857142858	0.9264253393665159	0.7112708138602365
30	0.29	1.0	0.444839513811362	0.5320902173144496	0.8207142857142855	0.9086965811965811	0.8504878618113914	0.6717629496125319	0.7038698556345615	1.0	0.8173794704379412	0.6757033763335172	0.7897825540472598	0.956388888888889	0.8593019686898407	0.6865695127610476
50	0.30000000000000004	1.0	0.4588420127818723	0.531679417450856	0.6551416550781342	0.9017427996839761	0.7517615682321563	0.6515571165991336	0.6079967865529601	0.9869747899159664	0.7471766954530292	0.6598764080154685	0.7098278584160937	0.9344610536522302	0.7948867385976935	0.6730863059823685
100	0.31300000000000006	1.0	0.4741825576760424	0.538942846272328	0.5348993584593705	0.8997691402485619	0.6616617193841741	0.6063127003798511	0.46419785161472654	0.9638090543574416	0.6246978424254477	0.6018654271641954	0.6403264885413557	0.8541362709382732	0.7289671297528032	0.632276081626292
150	0.3026666666666667	1.0	0.4632528709534839	0.5332079431705534	0.43346346513217765	0.9058056723218904	0.5835281996063877	0.5802215667840669	0.40361498321052325	0.9379369552349314	0.5611752336881426	0.5751541207148807	0.5279653473976367	0.8495860182605555	0.6462192948500461	0.5994839318245996
200	0.302	1.0	0.4626063416479367	0.5322255123559121	0.41737757829888117	0.8903963553620216	0.565844216219394	0.5694325624761569	0.3776125292742045	0.9509663525557341	0.5388469999878795	0.56476449060524	?	?	?	?
300	0.30266666666666664	1.0	0.46386251760099195	0.5326096515686312	0.3747855209595782	0.9028992138951708	0.5282726958896107	0.5547572678764896	0.35997914017647636	0.9299709537128795	0.5183924080772464	0.553293721036085	?	?	?	?
400	0.30824999999999997	1.0	0.4707656636799749	0.5361912725756195	0.35456882303198956	0.9343039072917598	0.5130466430806844	0.5514481306063076	0.3431438652249718	0.9607725472862393	0.5041643571158493	0.5497603584285057	?	?	?	?
500	0.3086	1.0	0.4712254343190799	0.5363966101391545	0.35308430853081707	0.9243255407509569	0.5092041052107161	0.5492765688007355	0.3414920363690558	0.9551488338856299	0.5018707098528192	0.5483856295776363	?	?	?	?
600	0.31033333333333335	1.0	0.473393762023061	0.5377550528002403	0.3326497841108204	0.9609112376672412	0.4935958498042461	0.5457054242237364	0.330412791246374	0.9688644588831352	0.49205417940228174	0.5455994578618305	?	?	?	?
700	0.308	1.0	0.4707460075816175	0.5356554397583153	0.32882165607964053	0.961989666261219	0.4894885666212579	0.5422621822169831	0.32547875706050605	0.9740092677137738	0.4873721361311765	0.5422998873301915	?	?	?	?
800	0.31025	1.0	0.4733948243550728	0.5378079964075291	0.329461769181484	0.9615301509010072	0.49044188917323767	0.5430660951613355	0.32524555550785383	0.9779038297087854	0.4878547145767148	0.5429540134451195	?	?	?	?
900	0.31022222222222223	1.0	0.4734162090536035	0.5378512076451584	0.3255717591216243	0.9676003264100356	0.4871093687879041	0.5419167887800553	0.32446343632929053	0.9746403969087316	0.4867430535193499	0.5422507352644806	?	?	?	?
1000	0.3076	1.0	0.47033101856300696	0.5358470216749416	0.3195532635559354	0.9734497637547144	0.4808997125157807	0.5389314799847034	0.31770369499048157	0.9813199226930631	0.47986609507798833	0.539020884045814	?	?	?	?
2000	0.30145000000000005	1.0	0.46320893857254114	0.5300274306359262	0.3047029716013211	0.9948515337259085	0.4664598122166114	0.5312349181949665	0.30341834976212634	0.9988673139158577	0.46539938710166895	0.5311240591386014	?	?	?	?
3000	0.29993333333333333	1.0	0.46143387221346366	0.5287168567664627	0.30158450361214817	0.9972285219669921	0.46308651227170816	0.529383768801114	0.30084464598998995	1.0	0.4625123623334777	0.5293178775921767	?	?	?	?
4000	0.29879999999999995	1.0	0.4600992827251555	0.5276139922295144	0.29988390136492066	0.9989100042108088	0.4612675319201392	0.5280818148303662	0.29936944674725763	1.0	0.46077380152835434	0.5279799195811699	?	?	?	?
5000	0.29856000000000005	1.0	0.45978958318830604	0.5278589378316869	0.29953834779339533	0.9981738679926275	0.46075982043381475	0.5281952999650266	0.2991030761764323	1.0	0.46043406243406826	0.5281919583234992	?	?	?	?
6000	0.2981	1.0	0.45925470477978936	0.5271617123947959	0.2990493036679823	0.9982741318926326	0.46019426880140857	0.5274872615254789	0.29854796214463664	1.0	0.4597860908083639	0.5274217479141237	?	?	?	?
7000	0.29788571428571436	1.0	0.4590026462778319	0.5270744702456571	0.2987806657556111	0.9981817996565259	0.45986976851637235	0.5274011758865857	0.2982402145200658	1.0	0.45942290446207623	0.5272911691509223	?	?	?	?
8000	0.29823750000000004	1.0	0.45943181118867304	0.5274093851258712	0.29903003060899375	0.998957221823491	0.46025792143707067	0.5277124225803724	0.29855681495398506	1.0	0.4598094821818105	0.527606442660686	?	?	?	?
9000	0.2984666666666667	1.0	0.4597094156389893	0.5276147538457207	0.2991653194374365	0.9991457653223879	0.46044533072023786	0.5279126304628019	0.29873933114120405	1.0	0.4600325275402774	0.5277802287804996	?	?	?	?
10000	0.29834	1.0	0.4595621414887317	0.5277085939629681	0.2989295838199334	0.9989925120549465	0.4601536737516212	0.5279302565403371	0.2985731433204895	1.0	0.45983857032774533	0.5278500864280599	?	?	?	?
