10	0.0	0.0	0.0	0.0	0.0	0.0	0.0	0.0	0.0	0.0	0.0	0.0	?	?	?	?
20	0.01	0.2	0.019047619047619046	0.019047619047619046	0.2	0.2	0.2	0.2	0.2	0.2	0.2	0.2	0.2	0.2	0.2	0.2
30	0.006666666666666666	0.2	0.012903225806451613	0.012903225806451613	0.2	0.2	0.2	0.2	0.2	0.2	0.2	0.2	0.2	0.2	0.2	0.2
50	0.014000000000000002	0.4	0.026579520697167756	0.026579520697167756	0.4	0.35	0.36666666666666664	0.36666666666666664	0.38	0.4	0.3888888888888889	0.3888888888888889	0.38	0.4	0.3888888888888889	0.3888888888888889
100	0.012	0.7	0.023456237026417574	0.023456237026417574	0.6666666666666666	0.65	0.6466666666666667	0.6466666666666667	0.6238095238095237	0.7	0.6527272727272727	0.6527272727272727	0.7	0.675	0.6857142857142857	0.6857142857142857
150	0.010666666666666668	0.8	0.020934352670446743	0.020934352670446743	0.75	0.7266666666666666	0.7321428571428571	0.7321428571428571	0.6785714285714286	0.8	0.7126315789473684	0.7126315789473684	0.8	0.7266666666666666	0.755	0.755
200	0.012	1.0	0.023636616143471477	0.023636616143471477	0.8583333333333334	0.8233333333333335	0.8104761904761905	0.8104761904761905	0.6916666666666667	1.0	0.7754528478057889	0.7754528478057889	?	?	?	?
300	0.011333333333333334	1.0	0.022356033877826566	0.022356033877826566	0.8	0.6833333333333333	0.6893650793650794	0.6893650793650794	0.5116896551724138	1.0	0.6264406857510305	0.6264406857510305	?	?	?	?
400	0.010750000000000001	1.0	0.02123980064046579	0.02123980064046579	0.9066666666666666	0.5514285714285715	0.6487301587301586	0.6487301587301586	0.286319194130718	1.0	0.39695004762943265	0.39695004762943265	?	?	?	?
500	0.011	1.0	0.021744766855803684	0.021744766855803684	0.9333333333333332	0.41892857142857143	0.56994227994228	0.56994227994228	0.16148899041919607	1.0	0.2729577270734004	0.2729577270734004	?	?	?	?
600	0.010833333333333332	1.0	0.021418043554628945	0.021418043554628945	0.864102564102564	0.3991269841269841	0.5075309485835803	0.5075309485835803	0.1151572048408486	0.925	0.2004597013279398	0.2004597013279398	?	?	?	?
700	0.01114285714285714	1.0	0.022016638186866628	0.022016638186866628	0.8233333333333335	0.3198412698412698	0.4458371040723982	0.4458371040723982	0.10594967494898151	0.9416666666666668	0.1848959254809631	0.1848959254809631	?	?	?	?
800	0.0105	1.0	0.02076411032074535	0.02076411032074535	0.8666666666666668	0.27056277056277056	0.39902319902319905	0.39902319902319905	0.0997517634573591	0.9175324675324676	0.175676581013648	0.175676581013648	?	?	?	?
900	0.010555555555555554	1.0	0.020874207490988485	0.020874207490988485	0.8683333333333334	0.25645021645021643	0.3894299852194589	0.3894299852194589	0.08168298572313477	0.9148629148629149	0.14912020344101107	0.14912020344101107	?	?	?	?
1000	0.0104	1.0	0.020572258453182245	0.020572258453182245	0.7616666666666667	0.24987595737595733	0.3643994601889339	0.3643994601889339	0.0759639969792187	0.973974358974359	0.1401751763207299	0.1401751763207299	?	?	?	?
2000	0.01135	1.0	0.02243491583227613	0.02243491583227613	0.7322222222222222	0.11794074668445376	0.20021708232060947	0.20021708232060947	0.03502750285963434	0.8746360182956293	0.0672491330737435	0.0672491330737435	?	?	?	?
3000	0.011066666666666667	1.0	0.02188398558106019	0.02188398558106019	0.7150000000000001	0.08699511795567623	0.15190115031975499	0.15190115031975499	0.027908879602925346	0.8132331004318143	0.05393036472674134	0.05393036472674134	?	?	?	?
4000	0.010875	1.0	0.021512912022504854	0.021512912022504854	0.7064682539682539	0.08211092663361721	0.13772164540841514	0.13772164540841514	0.022733035897748145	0.7940902696805209	0.04416661821404176	0.04416661821404176	?	?	?	?
5000	0.010620000000000001	1.0	0.021014905153658635	0.021014905153658635	0.6003373015873016	0.06619969375274216	0.1155495886845824	0.1155495886845824	0.021571023327779503	0.7418914650219027	0.04189758377569523	0.04189758377569523	?	?	?	?
6000	0.010416666666666668	1.0	0.020617187473265918	0.020617187473265918	0.5802155727155727	0.0636908204406824	0.10797613090271227	0.10797613090271227	0.018249235605587378	0.7402496325811331	0.03559729519977323	0.03559729519977323	?	?	?	?
7000	0.010242857142857144	1.0	0.02027637037169041	0.02027637037169041	0.5723443223443223	0.05556331296658399	0.09990407624492838	0.09990407624492838	0.018050173732280454	0.7049939713694969	0.03518975586363528	0.03518975586363528	?	?	?	?
8000	0.010349999999999998	1.0	0.02048647136434756	0.02048647136434756	0.39668090598577194	0.06909802745590736	0.10784468936302409	0.10784468936302409	0.017385389938442488	0.6819153747066423	0.03389306490270536	0.03389306490270536	?	?	?	?
9000	0.010155555555555555	1.0	0.0201056104103031	0.0201056104103031	0.37439389292998565	0.06192233578999116	0.09664020040169984	0.09664020040169984	0.01661783386662904	0.6843356320487857	0.032433121789009395	0.032433121789009395	?	?	?	?
10000	0.009989999999999999	1.0	0.019781052567967836	0.019781052567967836	0.2864717429517842	0.06527985304722266	0.09758987397455718	0.09758987397455718	0.016296398356456663	0.6729674367767005	0.03179460731331285	0.03179460731331285	?	?	?	?
