10	0.030000000000000006	0.2	0.051515151515151514	0.3485194071107984	0.2	0.2	0.2	0.45320745446165017	0.09166666666666666	0.2	0.12000000000000002	0.452001791103286	0.11666666666666665	0.2	0.14666666666666667	0.462856619789335
20	0.03	0.2	0.05217391304347826	0.34844903564179025	0.10833333333333332	0.16666666666666666	0.13015873015873017	0.4223731000608728	0.11785714285714285	0.2	0.14571428571428574	0.4350757228706179	0.11785714285714285	0.2	0.14571428571428574	0.43959813472580134
30	0.03	0.5	0.055718475073313775	0.3507541772464799	0.1391666666666667	0.5	0.19457070707070706	0.4283680613183292	0.0973109243697479	0.5	0.145522533022533	0.43188373021744253	0.11029761904761906	0.5	0.16533113944878652	0.44426103933969
50	0.038	0.9	0.07229795320805307	0.35957610940678675	0.11110171261487048	0.9	0.1927496414833876	0.4244051534997597	0.07619475864637155	0.9	0.1377130798510109	0.42789524214878777	0.08577553123205298	0.9	0.15391657609277748	0.43931224604666513
100	0.031	0.9	0.05921908071005333	0.35522944453539307	0.05878750752804551	0.9	0.10801264230558874	0.3911863394524763	0.05132140150601792	0.9	0.095214787586644	0.39271866092091473	0.0641384205934444	0.8875	0.11672676497096231	0.40324569266522836
150	0.029333333333333333	1.0	0.05621154683819733	0.36053836816845874	0.049713121558723324	1.0	0.09235343183090279	0.3837717441082559	0.04377282662062164	1.0	0.08221048482756176	0.38322527187589606	0.05554269897803314	0.9916666666666666	0.10212537161930797	0.39429642150255945
200	0.03449999999999999	1.0	0.0662396175883581	0.3602661900620822	0.05456980964511885	0.9857142857142858	0.10170879011227829	0.38227401628181706	0.047222259584666186	0.9888888888888889	0.08929151949743518	0.3801362765421875	?	?	?	?
300	0.034666666666666665	1.0	0.06683315825508465	0.36262618079649134	0.04967159304103823	0.9652380952380953	0.09406046944113085	0.37583472228353126	0.043326755508713684	0.9623809523809523	0.08267045264340302	0.37469313821787115	?	?	?	?
400	0.03525	1.0	0.06797253598623587	0.3626396147445424	0.04530139661707524	0.9833333333333334	0.08636777440974415	0.37185300061582005	0.042698052615935886	0.9881944444444445	0.08164925200642989	0.37130683658621366	?	?	?	?
500	0.036199999999999996	1.0	0.06969868311714629	0.3631901528676556	0.04403749014150195	0.9809880952380953	0.0840045143307692	0.36931122485373635	0.04170355748400674	0.9799285714285715	0.07976255790011111	0.369007904676118	?	?	?	?
600	0.03833333333333333	1.0	0.07365001011853126	0.3637553115923753	0.045225024837085036	0.9891491267353336	0.08618058730490853	0.3689594685297267	0.04265088766920751	0.9912186379928315	0.08158340736340741	0.36829965040771906	?	?	?	?
700	0.039142857142857146	1.0	0.07519190311345661	0.36512145826251696	0.04568563770261276	0.982104007104007	0.08715041018932522	0.3697382237381258	0.04419186791535592	0.9868659118659118	0.0844157924697978	0.3690774617320674	?	?	?	?
800	0.03875	1.0	0.07450436390572021	0.3645055530722302	0.04301759318218394	0.9812471617959423	0.08231741224198179	0.36734894505198373	0.04244768518884661	0.9876535682023485	0.08125058556361284	0.3669852779262657	?	?	?	?
900	0.03866666666666667	1.0	0.07436830072688223	0.36520944631247493	0.042563371265318055	0.9860743321718932	0.08148957041216935	0.36775066394861405	0.04042686969161561	0.990952380952381	0.07760468352645476	0.3672564421431288	?	?	?	?
1000	0.0386	1.0	0.07424593251224142	0.3647688506173483	0.04207388250348525	0.9866604228628079	0.0806309900449266	0.36705523422095826	0.04079006003179555	0.9828454129878903	0.07825641026249332	0.36676929090832633	?	?	?	?
2000	0.03895	1.0	0.07494402731634302	0.3654337232024405	0.039613039941088404	0.9988235294117647	0.07616748750860383	0.36612955229011435	0.039296772283948726	0.9984375	0.07558119690799643	0.36598361001260715	?	?	?	?
3000	0.04030000000000001	1.0	0.07745358657597719	0.36678717369428615	0.04081204221435632	0.9975786075238628	0.07838992804795226	0.36723444251279985	0.04036738469444296	1.0	0.07757818058206764	0.36705722483747705	?	?	?	?
4000	0.040675	1.0	0.07816427429103129	0.3667923778975207	0.04097678085904253	0.9987248213125406	0.07871762979717464	0.3670980768258251	0.040731761005855	1.0	0.07826910811770924	0.3670209825110515	?	?	?	?
5000	0.04038	1.0	0.07762024331926932	0.36648952716888983	0.04071999729181576	1.0	0.07824808215289354	0.3667523132474368	0.04041895733982118	1.0	0.07769231206409839	0.3666459186843252	?	?	?	?
6000	0.04053333333333333	1.0	0.07790375888844811	0.3665066560150459	0.04074626067202448	1.0	0.07829681113021178	0.36674142729273973	0.04056087185510885	1.0	0.07795464842350922	0.36662111127459995	?	?	?	?
7000	0.03981428571428571	1.0	0.076577381808176	0.366159292798873	0.039994221822628524	0.9996376811594203	0.07690900842795326	0.3663334320172839	0.0398385664397453	1.0	0.07662232033038194	0.36626146231826195	?	?	?	?
8000	0.039850000000000003	1.0	0.0766446545309816	0.3664545569589888	0.04001469629918332	0.9996845425867509	0.076948357320773	0.36662973817709055	0.03987479859495321	1.0	0.07669053882287381	0.36654795486079605	?	?	?	?
9000	0.039933333333333335	1.0	0.076798142237962	0.3665815810887682	0.04012559865773141	0.9997198879551821	0.07715285635880889	0.3667324033937727	0.03995667519373957	1.0	0.07684133325225971	0.36667308151899203	?	?	?	?
10000	0.040179999999999993	1.0	0.07725386516513522	0.36681489618195384	0.0403342738516173	0.999749373433584	0.07753832548532066	0.3669553423256871	0.04020278070326696	1.0	0.07729599050013064	0.3669010120763643	?	?	?	?
