10	0.0	0.0	0.0	0.09828136888229373	0.0	0.0	0.0	0.13234146617789985	0.0	0.0	0.0	0.14386528488678965	0.0	0.0	0.0	0.14453643951176795
20	0.005	0.1	0.009523809523809523	0.10475362644353492	0.1	0.1	0.1	0.181286940927102	0.1	0.1	0.1	0.1869677664130054	0.1	0.1	0.1	0.1922469950997222
30	0.003333333333333333	0.1	0.0064516129032258064	0.10307387831363495	0.1	0.1	0.1	0.1765055940061896	0.1	0.1	0.1	0.1798297007992783	0.1	0.1	0.1	0.18559148377207166
50	0.002	0.1	0.00392156862745098	0.10003370785801095	0.1	0.1	0.1	0.1534705731919437	0.1	0.1	0.1	0.16075431337135676	0.1	0.1	0.1	0.1679911785346982
100	0.001	0.1	0.0019801980198019802	0.09747771861375967	0.1	0.1	0.1	0.1323725578896215	0.1	0.1	0.1	0.13530478643034322	0.1	0.1	0.1	0.14517020120202867
150	0.004666666666666667	0.5	0.009236667828511676	0.10323007917095173	0.5	0.5	0.5	0.18629132483959238	0.08263852813852815	0.5	0.11011744686530314	0.14772045635332293	0.5	0.5	0.5	0.190653989263969
200	0.005	0.5	0.009881577820306844	0.10400360063169556	0.25999999999999995	0.4333333333333333	0.2942857142857143	0.16265795288453394	0.08310043162834754	0.5	0.12342006033182504	0.15663467468871992	?	?	?	?
300	0.004333333333333333	0.6	0.008594001025149269	0.10279611514029104	0.23333333333333334	0.5333333333333333	0.27362859362859365	0.14913786161898074	0.01848886778298873	0.6	0.035456828101089355	0.12605152085015112	?	?	?	?
400	0.004	0.6	0.007938032654952987	0.10209981736461496	0.264017094017094	0.55	0.2750443181123541	0.14821111734327158	0.017430122754925902	0.6	0.033358134319113844	0.12372590860699655	?	?	?	?
500	0.004	0.6	0.00794125088835866	0.10168492469543826	0.23370002172968274	0.525	0.25483839689722043	0.1402829046400023	0.013859008368437295	0.6	0.026960146692301946	0.11841759651902836	?	?	?	?
600	0.004166666666666667	0.7	0.008271068734975214	0.1022465921469397	0.17779257067718607	0.5683333333333334	0.2053286192525791	0.13138302776801913	0.013540495335905203	0.6833333333333333	0.02637573367413042	0.11758267083435289	?	?	?	?
700	0.004	0.7	0.007940107120416226	0.10198737228703343	0.08791479280507905	0.5675	0.13144610418790967	0.12602228943763116	0.012448979482671466	0.675	0.024228346620334358	0.11518819530188593	?	?	?	?
800	0.00375	0.9	0.007453471381284516	0.10113777905673053	0.06103408561410811	0.7925	0.1040642388067287	0.1242346609718598	0.010593777990147907	0.875	0.020753361321062928	0.11292733043978406	?	?	?	?
900	0.004	0.9	0.007952911260523169	0.10146365501834816	0.04315268398676138	0.8133333333333332	0.0778599891109952	0.12248873066143366	0.010640905460481584	0.9	0.02094559789141769	0.1128201391389635	?	?	?	?
1000	0.0042	1.0	0.008354682505245337	0.10172298017205902	0.045682068152559076	0.894047619047619	0.08281345108687714	0.12192853521377904	0.010680255427244312	1.0	0.021054103336316833	0.11201979370729938	?	?	?	?
2000	0.004750000000000001	1.0	0.009449649525282686	0.1027925356301441	0.019767930544680436	0.9375	0.03851560694411943	0.11502893254723401	0.011398024426107522	1.0	0.02251789405463296	0.11060806253089413	?	?	?	?
3000	0.005299999999999999	1.0	0.010539638818421956	0.10370889899010838	0.01735322688372815	0.8977468805704099	0.03395979561288581	0.11273551761892493	0.012167620677397692	0.9960000000000001	0.0240161656013849	0.11084091543982022	?	?	?	?
4000	0.005124999999999999	1.0	0.010194041363196866	0.10323924814839895	0.013406455321746497	0.9252245670995671	0.026378181834867242	0.10981199351248536	0.010257234358831325	0.98349495898838	0.02029060112717044	0.10819641198995586	?	?	?	?
5000	0.005020000000000001	1.0	0.009986362201272194	0.10310230954770216	0.011652151872234846	0.9440246672855368	0.02297416019484818	0.1087623479745519	0.00923538245360572	0.9746078221078222	0.018285449297816662	0.10725367545877676	?	?	?	?
6000	0.004933333333333334	1.0	0.009814869101506554	0.1030667211025903	0.009634485923735161	0.9479193753039692	0.019056793079013323	0.1069768098819146	0.008489631468055394	0.9703237734487734	0.016820586714787714	0.10644118092720038	?	?	?	?
7000	0.004885714285714287	1.0	0.009720801347234784	0.10284176815212935	0.009133721722431844	0.9290395810338177	0.018075696155157164	0.1062696180230887	0.007901504394913963	0.9677406491207952	0.015667920748644152	0.10568736688427197	?	?	?	?
8000	0.004825	1.0	0.009600995542044338	0.10266885245222801	0.008485454669475891	0.9206393852013146	0.016803482205027816	0.1054107794711695	0.007535944868871916	0.9517698555853608	0.01494159999160572	0.10501464486645748	?	?	?	?
9000	0.004722222222222223	1.0	0.009397874306374652	0.10256160642706047	0.007669081879631212	0.9379943353859762	0.01520193007798975	0.10494486424761962	0.007258563748946142	0.9499520407353224	0.014397353336974344	0.1045552547476037	?	?	?	?
10000	0.00466	1.0	0.009274522575638761	0.10252373161330688	0.007501700490895343	0.9300864014875078	0.014876111690418798	0.10452893951753958	0.0067174767339586786	0.9650419464233068	0.013334153250854085	0.10413697950956069	?	?	?	?
