0.0	0.0	0
0.05	0.1	0.0025
0.016666666666666666	0.1	0.00694444
0.00909090909090909	0.1	0.00826446
0.004081632653061224	0.1	0.00920033
0.014154220862113116	0.5	0.236046
0.015222466772073071	0.3942857142857143	0.143689
0.011676528567022629	0.4838095238095238	0.22291
0.010845967351892647	0.36547619047619045	0.125763
0.010136258872804456	0.4333333333333333	0.179096
0.009854672952533252	0.4976190476190475	0.237914
0.0088864979018595	0.4780952380952381	0.220157
0.008166000528393502	0.6744588744588744	0.443946
0.008619705716368204	0.49118266746173733	0.232867
0.009128993514724255	0.4852180186962796	0.226661
0.009575628715403956	0.316928042119858	0.0944655
0.010622788609485366	0.2485491506544138	0.056609
0.01030810944144018	0.20925321292328966	0.0395792
0.010071532447374085	0.18342456208974564	0.0300513
0.009900762651541998	0.13928848065185967	0.0167412
0.00979903272324097	0.13933126325247258	0.0167786
0.009674449145763162	0.11567955469544411	0.0112371
0.009457966229578696	0.101558562057716	0.00848252
0.009327539810671904	0.09631079802493075	0.00756609
0.0	0.0	0
0.02222222222222222	0.1	0.00604938
0.011764705882352941	0.1	0.00778547
0.007142857142857143	0.1	0.00862245
0.0035714285714285713	0.1	0.00929847
0.0123261068030578	0.5	0.237826
0.01266478528787963	0.38380952380952377	0.137748
0.011083100833796867	0.4328205128205128	0.177862
0.009764686458562362	0.3448701298701299	0.112296
0.009184743809502344	0.30826839826839825	0.089451
0.008875774199328414	0.3369311551167968	0.10762
0.008389359055767109	0.32113684498189515	0.097811
0.007826731779969813	0.5122491619598659	0.254442
0.008430377410628454	0.30687771473125264	0.0890708
0.00874546622037084	0.27163377812311673	0.0691103
0.009523552788652648	0.055248861063973774	0.0020908
0.010565148831169055	0.04008934047756123	0.000871678
0.010206628020945907	0.03092075392174722	0.000429075
0.009997066908993052	0.027726025594387436	0.000314316
0.0098238661717273	0.025215885331706128	0.000236914
0.009728186352209438	0.023255662728854678	0.000182993
0.009607047349333323	0.022731112951212752	0.000172241
0.009403534759429531	0.02078292242072642	0.00012949
0.009279826162206099	0.020089148102154668	0.000116841
0.02222222222222222	0.1	0.00604938
0.01818181818181818	0.1	0.00669421
0.00909090909090909	0.1	0.00826446
0.0036363636363636364	0.1	0.00928595
0.016420302643797114	0.5	0.233849
0.0	0.0	0
0.05333333333333333	0.2	0.0215111
0.037606837606837605	0.2	0.0263715
0.07864459535936616	0.36666666666666664	0.0829567
0.04676823906102882	0.6466666666666667	0.359878
0.035978743991906606	0.7321428571428571	0.484644
0.03795911276578069	0.8104761904761905	0.596783
0.031096941811406452	0.6893650793650794	0.433317
0.026312579670873342	0.6487301587301586	0.387404
0.0265715880410759	0.56994227994228	0.295252
0.02529880592835352	0.5075309485835803	0.232548
0.025140972306402172	0.4458371040723982	0.176985
0.022851787459823057	0.39902319902319905	0.141505
0.022608469651678682	0.3894299852194589	0.134558
0.022242110818013573	0.3643994601889339	0.117072
0.023205669067462933	0.20021708232060947	0.031333
0.022218284113731033	0.15190115031975499	0.0168176
0.0217490926211704	0.13772164540841514	0.0134496
0.021146569460539666	0.1155495886845824	0.00891193
0.020741955920098552	0.10797613090271227	0.0076098
0.02035572198796536	0.09990407624492838	0.00632794
0.020554751742608	0.10784468936302409	0.00761953
0.0201759693590845	0.09664020040169984	0.00584678
0.019855701785924922	0.09758987397455718	0.0060426
0.0	0.0	0
0.04395604395604395	0.2	0.0243497
0.021666666666666667	0.2	0.0318028
0.046739432703003334	0.3888888888888889	0.117066
0.03751555827572878	0.6527272727272727	0.378485
0.03465152402952611	0.7126315789473684	0.459657
0.0328228585161108	0.7754528478057889	0.551499
0.029281233176501144	0.6264406857510305	0.356599
0.025385389356046017	0.39695004762943265	0.13806
0.02514638710676541	0.2729577270734004	0.0614105
0.02372216736146331	0.2004597013279398	0.0312362
0.024058580563269847	0.1848959254809631	0.0258687
0.022526986124682086	0.175676581013648	0.0234548
0.021941088754936597	0.14912020344101107	0.0161745
0.021572332880453255	0.1401751763207299	0.0140666
0.022671935695148106	0.0672491330737435	0.00198713
0.021932406773543817	0.05393036472674134	0.00102387
0.021541828754299105	0.04416661821404176	0.000511881
0.021033779991896494	0.04189758377569523	0.000435298
0.020632407510654076	0.03559729519977323	0.000223948
0.02029045582952032	0.03518975586363528	0.000221989
0.020497360248192865	0.03389306490270536	0.000179445
0.020116628600066792	0.032433121789009395	0.000151696
0.019791451910699247	0.03179460731331285	0.000144076
0.05357142857142857	0.2	0.0214413
0.038181818181818185	0.2	0.0261851
0.07089605734767025	0.3888888888888889	0.101119
0.04954131478721643	0.6857142857142857	0.404716
0.04190522365305495	0.755	0.508504
0.2	0.3	0.01
0.20818181818181816	0.5	0.0851579
0.13016917293233082	0.5	0.136775
0.11106194182397847	0.9	0.622423
0.07129396875078205	0.8115873015873015	0.548034
0.061638134310287605	0.7187301587301587	0.43177
0.0585290385742722	0.6122222222222222	0.306576
0.05401194041646419	0.4968253968253967	0.196084
0.05429091413531748	0.43183091418385533	0.142536
0.0492221138346743	0.34514957264957263	0.0875731
0.04880587600488856	0.33492615227909345	0.0818648
0.04411318740250503	0.3010575004630732	0.0660204
0.048903520181755464	0.2801278381788127	0.0534647
0.04717245359191162	0.24849184053112966	0.0405295
0.04564781119740447	0.23051852082946445	0.0341772
0.04242897756919882	0.19025051057963743	0.0218512
0.03958088446890272	0.15931387224463953	0.014336
0.04044598975097857	0.1197588155328835	0.00629052
0.03956605603143232	0.12763694453102065	0.00775648
0.03981877925436303	0.11412214241205439	0.00552099
0.04046857208464806	0.11266135648464184	0.0052118
0.0406075891826073	0.10860594553558119	0.00462378
0.04048840744323959	0.10338173827482104	0.00395557
0.0405645615837759	0.09318127281600122	0.00276852
0.13523809523809524	0.3	0.0271465
0.12047119547119545	0.5	0.144042
0.07747899159663865	0.5	0.178524
0.09065062348372306	0.9	0.655046
0.058961891746681504	0.8071428571428572	0.559775
0.05626433149281122	0.6524369747899159	0.355422
0.052586422144277264	0.5774603174603175	0.275493
0.05220482120615426	0.3280955055609961	0.0761157
0.049649938010847744	0.268186853790353	0.0477584
0.04692976266063416	0.20810305341424123	0.0259768
0.047517550995843705	0.17646174896765782	0.0166266
0.044349226546422656	0.15111979171633927	0.0114
0.04784912772072839	0.1440542263554393	0.00925542
0.04792952605921121	0.13827541175572833	0.00816238
0.04515207763425866	0.12110146536642448	0.00576831
0.04186222822688897	0.08835911388000195	0.00216196
0.039136077300464714	0.07769649718739847	0.00148691
0.040162261212484875	0.07336713702849186	0.00110256
0.0393652821041595	0.06523008473799238	0.000668988
0.03969510144379792	0.06542861803714664	0.000662214
0.04031407914198528	0.06448452111387241	0.00058421
0.040467467960751895	0.06230141118794813	0.000476721
0.04033243962536663	0.060830732283641734	0.00042018
0.04043085750456134	0.05883071306228434	0.000338555
0.15666666666666668	0.3	0.0205444
0.13214285714285712	0.5	0.135319
0.08257759784075573	0.5	0.174241
0.10460542661000324	0.9	0.632653
0.07513265183066675	0.8895238095238096	0.663233
0.06717958514105948	0.8400000000000001	0.597251
0.09714285714285714	0.2	0.0105796
0.1638095238095238	0.4	0.0557859
0.16561771561771563	0.58	0.171713
0.21252094142416725	0.7066666666666667	0.24418
0.10979974450411048	0.6133333333333333	0.253546
0.10630600889250988	0.7011327561327562	0.353819
0.09758169254554434	0.5562548562548563	0.210381
0.08966499888235054	0.4710064935064935	0.145421
0.0834692478714141	0.3729203043258771	0.0837819
0.08152820581055094	0.3112284816632642	0.0527622
0.07279040911475168	0.3088902812587023	0.0557431
0.0698039465604306	0.30021959402604564	0.0530914
0.06839490803721851	0.2731745468197373	0.0419347
0.06598353104674658	0.2355790778970211	0.0287626
0.06566920797615884	0.22898027372787824	0.0266705
0.059872277257497206	0.1768664277546472	0.0136876
0.058889984516738235	0.16498895133453456	0.011257
0.05977992410937912	0.14873347864729958	0.00791273
0.058834373667621856	0.13356698961197833	0.00558496
0.05865595784955931	0.12113250407267731	0.00390332
0.05848148320359207	0.11440312415797008	0.00312723
0.05834796059714355	0.11289694549222433	0.00297559
0.058629660923519435	0.10928731872576825	0.0025662
0.05778801372440705	0.10213634198233863	0.00196677
0.09714285714285714	0.2	0.0105796
0.11261904761904762	0.4	0.0825878
0.11721988795518205	0.6	0.233077
0.1346873221701597	0.7216666666666667	0.344545
0.08317795010946075	0.6225332068311196	0.290904
0.08826037571492296	0.6533237776716039	0.319297
0.08627142866394852	0.4986656985487631	0.170069
0.08295662229379899	0.33957499899787547	0.065853
0.0786107189311353	0.2333185293154881	0.0239345
0.0781099746719722	0.20107766592281773	0.0151211
0.06922780138532081	0.19589217471645864	0.0160439
0.06810864951056265	0.1836298484888445	0.0133451
0.06631451882106797	0.16031401028338044	0.0088359
0.0653053849392615	0.16042890012858918	0.00904848
0.06504577442491405	0.14903606099518646	0.00705437
0.058889491967431665	0.11099574688871332	0.00271506
0.05821536352852286	0.09754544781490872	0.00154686
0.05917424797587824	0.09002325945217268	0.000951662
0.058499614976324554	0.08645700774143636	0.000781616
0.05837334588531612	0.08438198172427738	0.000676449
0.058276088530327175	0.08022766622438375	0.000481872
0.058180611158258275	0.07898709418447684	0.00043291
0.05847873341797692	0.0780479306773611	0.000382953
0.05762610990674292	0.07570986755870189	0.000327022
0.09714285714285714	0.2	0.0105796
0.1231818181818182	0.4	0.0766283
0.13377289377289378	0.6	0.217368
0.16761803388576843	0.735	0.321922
0.10326788497267599	0.6883333333333332	0.342302
0.10523946781509808	0.814145299145299	0.502547
0.2	0.2	0
0.13015873015873017	0.16	0.000890501
0.19457070707070706	0.45999999999999996	0.0704527
0.1927496414833876	0.8266666666666665	0.401851
0.10801264230558874	0.7116883116883118	0.364424
0.09235343183090279	0.6797222222222222	0.345002
0.10170879011227829	0.5555699855699856	0.20599
0.09406046944113085	0.3959637576046245	0.0911456
0.08636777440974415	0.35251265240395674	0.0708331
0.0840045143307692	0.334258529028542	0.0626271
0.08618058730490853	0.26966066984545245	0.0336649
0.08715041018932522	0.25452154727589765	0.0280131
0.08231741224198179	0.2583111330368101	0.0309738
0.08148957041216935	0.24453943980815054	0.0265853
0.0806309900449266	0.23027111078073342	0.0223922
0.07616748750860383	0.19314142426366904	0.0136829
0.07838992804795226	0.15575367345358768	0.00598515
0.07871762979717464	0.1408990567030866	0.00386653
0.07824808215289354	0.137069276267427	0.00345993
0.07829681113021178	0.1273876712950801	0.00240991
0.07690900842795326	0.12439889272955296	0.00225529
0.076948357320773	0.1109793952769749	0.00115811
0.07715285635880889	0.10867485816671299	0.000993637
0.07753832548532066	0.10699843262607145	0.000867898
0.12000000000000002	0.2	0.0064
0.14571428571428574	0.2	0.00294694
0.145522533022533	0.48571428571428577	0.11573
0.1377130798510109	0.8496031746031747	0.506788
0.095214787586644	0.7026083226083226	0.368927
0.08221048482756176	0.6910305250305251	0.370662
0.08929151949743518	0.39531687675070026	0.0936515
0.08267045264340302	0.2821063372526494	0.0397747
0.08164925200642989	0.2120616658346262	0.0170074
0.07976255790011111	0.20318227914275216	0.0152324
0.08158340736340741	0.193159724753118	0.0124493
0.0844157924697978	0.18045321032517636	0.00922319
0.08125058556361284	0.1634820043126028	0.00676201
0.07760468352645476	0.15418476098331696	0.00586451
0.07825641026249332	0.15620148348635796	0.00607543
0.07558119690799643	0.12418384047715877	0.00236222
0.07757818058206764	0.11554716700440279	0.00144164
0.07826910811770924	0.10587837978303102	0.000762272
0.07769231206409839	0.10557202097468614	0.000777278
0.07795464842350922	0.09973943405613504	0.000474577
0.07662232033038194	0.09730578268467666	0.000427806
0.07669053882287381	0.09631304372230545	0.000385043
0.07684133325225971	0.09632112517739903	0.000379462
0.07729599050013064	0.09489031372168263	0.00030956
0.14666666666666667	0.2	0.00284444
0.14571428571428574	0.2	0.00294694
0.16533113944878652	0.48571428571428577	0.102645
0.15391657609277748	0.8546031746031746	0.490962
0.11672676497096231	0.8035714285714286	0.471756
0.10212537161930797	0.7987050630528891	0.485223
0.10666666666666666	0.2	0.00871111
0.2019047619047619	0.48	0.077337
0.2126381659276396	0.74	0.278111
0.26797237904654786	0.665	0.157631
0.2184850533734915	0.5798412698412698	0.130578
0.14917736314056143	0.485585248085248	0.11317
0.13637950161055534	0.5473537491919844	0.1689
0.1262657945489536	0.3434320017214754	0.0471612
0.12702470446372416	0.3286694053073363	0.0406606
0.11916399943423843	0.289015923362954	0.0288497
0.11475678158229123	0.29219808046299944	0.0314854
0.1088132474205937	0.2881529245991213	0.0321627
0.1047658851595987	0.2759322830234231	0.0292979
0.10369520669022429	0.24053354423282344	0.0187247
0.10393820359497738	0.2335372066970117	0.0167959
0.0987193449023969	0.19416242377084125	0.00910938
0.0983430990069704	0.18193379285678066	0.0069874
0.09533790270488132	0.16574492985119677	0.00495715
0.0951529185622632	0.13893295207426543	0.00191669
0.0954256184379692	0.1387711086021546	0.00187883
0.09493949410332767	0.13238483698965806	0.00140215
0.09530933142155934	0.13333887282384732	0.00144625
0.09549693338439111	0.12914616826757463	0.00113227
0.09541448044802654	0.12570643152448563	0.000917602
0.065	0.2	0.018225
0.15071428571428572	0.48	0.108429
0.1760992275698158	0.7207142857142858	0.296606
0.17914262616349902	0.6916666666666667	0.262681
0.14957004133888926	0.607789726613256	0.209965
0.13110988997538614	0.4288278962192006	0.088636
0.12731168379243282	0.3731093782592573	0.0604165
0.11907649193190373	0.2851377450975975	0.0275763
0.11769470456828972	0.25365952749727916	0.0184864
0.10944859320724112	0.22222694301740828	0.012719
0.10595608338901716	0.22300495690905325	0.0137004
0.10723357045829766	0.21554472417830225	0.0117313
0.10278731380664341	0.1958044806915274	0.00865219
0.10183620437972381	0.1856569803263863	0.00702592
0.10355031063217593	0.1853292873728012	0.0066878
0.09621968440344403	0.14789685730211982	0.00267053
0.09733577653447656	0.13815900191813935	0.00166654
0.09424636930923849	0.13051007518130228	0.00131506
0.09451940701981118	0.12526601244756236	0.000945354
0.09489839446990031	0.12295160274261652	0.000786982
0.09449038990231376	0.12047893211421483	0.000675404
0.09492119927834901	0.11952208369874509	0.000605204
0.09523902803553655	0.11780867237225312	0.000509389
0.09518622362028295	0.11607301356291513	0.000436258
0.065	0.2	0.018225
0.16071428571428573	0.5	0.115115
0.17685402832461655	0.76	0.340059
0.20253176453176452	0.7747186147186147	0.327398
0.1904711548011772	0.7764468864468865	0.343368
0.14233619988325544	0.7219165279165279	0.335913
0.37	0.7	0.1089
0.41837606837606833	0.8066666666666666	0.15077
0.37353511985090937	0.8004761904761905	0.182279
0.46533555625254336	0.6355844155844157	0.0289847
0.3836905131777628	0.5722669865394324	0.0355611
0.3608032523186454	0.4829885319359004	0.0149292
0.3163688305840679	0.470585634156582	0.0237828
0.27788510986477394	0.4157841042429732	0.0190161
0.2525887641521755	0.39090176237863933	0.0191305
0.24187004062082526	0.3609855296978889	0.0141885
0.2360322943658631	0.3480608257254246	0.0125504
0.21946718570960524	0.3241369449944605	0.0109558
0.2215395375247144	0.3206881605738985	0.00983045
0.21414323261473975	0.31735603923315103	0.0106529
0.2088347700140265	0.3057544387546277	0.00939342
0.18370432906851042	0.24325246234912123	0.00354598
0.1819474227305859	0.22795930949335808	0.00211709
0.1817987426228426	0.21433761357080933	0.00105878
0.18095460754018516	0.20509427612232947	0.000582724
0.18088936377936032	0.2071445526849826	0.000689335
0.18134531515156843	0.20095234997769285	0.000384436
0.18082780205781274	0.1991357509225641	0.000335181
0.18049870346262603	0.19695975174131194	0.000270966
0.18055417281217967	0.1950150652463653	0.000209117
0.2866666666666666	0.7	0.170844
0.33567765567765573	0.8800000000000001	0.296287
0.32169636113874905	0.8567460317460318	0.286278
0.4021221276612102	0.6883080808080808	0.0819024
0.34889231614339156	0.5421803581354696	0.0373603
0.32744962413046075	0.4815715719719213	0.0237536
0.29371563920757937	0.4222512134233698	0.0165214
0.260601202896351	0.37573818464465425	0.0132565
0.2448038108195457	0.3346544743354926	0.00807314
0.2379203291191677	0.3185954143652986	0.00650847
0.2306434202708135	0.30730037382760106	0.00587629
0.21369780663013174	0.3017099269923428	0.00774613
0.21479042948316032	0.28941289083532684	0.00556851
0.21174616662698137	0.27931871445749124	0.00456605
0.20483146476039066	0.2747672565574558	0.00489101
0.18222791684524473	0.2289263205203979	0.00218074
0.18065267247102007	0.21387244641807213	0.00110355
0.1808302520419898	0.20723516933411318	0.00069722
0.17999834335195183	0.2016105631460589	0.000467088
0.18031325328267706	0.200357869189697	0.000401787
0.18061247136471076	0.19766169407564296	0.000290676
0.1803830985258049	0.1944404554809277	0.000197609
0.18011143724563	0.19316450067722118	0.000170382
0.18018168367646445	0.19187939870577397	0.000136837
0.2866666666666666	0.7	0.170844
0.3623826173826174	0.8857142857142858	0.273876
0.37441485329256224	0.9015262515262515	0.277846
0.4458336284923933	0.832542735042735	0.149544
0.3910191770895051	0.7046486608704104	0.0983635
0.36459100783028303	0.6180634901074638	0.0642483
0.7385714285714285	0.8800000000000001	0.020002
0.6385631035631036	0.8646031746031747	0.0510941
0.5976485802751114	0.7272510822510823	0.0167968
0.5733872436631057	0.6743387314439946	0.0101912
0.5380780262899152	0.5897720263687641	0.00267227
0.5131093240488228	0.554460802543767	0.00170994
0.47489364661467154	0.5380045610169308	0.00398299
0.4399327856113658	0.4968311318335286	0.00323742
0.40085644676725146	0.4404059602154041	0.00156416
0.3720626973918987	0.42834498892458106	0.0031677
0.363454487014314	0.4117836714579551	0.00233571
0.35130163735457015	0.3961850507767348	0.00201452
0.3465885442311454	0.391573640724122	0.00202366
0.34524277095537365	0.3848709513835939	0.00157039
0.3415448035590938	0.3773011181850047	0.00127851
0.3367482466734173	0.357694576010308	0.000438749
0.3371163584559788	0.3496847780225045	0.000157965
0.33582589968788834	0.34497449122295654	8.36967e-05
0.33421506528011724	0.33970903054836565	3.01837e-05
0.33389287920814337	0.3375567114938169	1.34237e-05
0.3322024625814767	0.33532307100340275	9.7382e-06
0.3324931635265188	0.3346197506336586	4.52237e-06
0.33248773336341386	0.33424530020321896	3.08904e-06
0.3328295967090055	0.334160771986277	1.77203e-06
0.6288095238095238	0.9	0.0735443
0.5807438639791581	0.9176698301698302	0.113519
0.5196842318926044	0.8016080488139311	0.079481
0.5402753524128353	0.749226024193766	0.0436604
0.5177043631750247	0.6164104019296929	0.00974288
0.49495274886986723	0.5684632985765452	0.0054038
0.45511080301486634	0.5289325527681596	0.00544965
0.4215980391267614	0.48742318422503966	0.00433295
0.38562180295269555	0.44527443729562677	0.00355844
0.3632066861915372	0.4292117689660425	0.00435667
0.35218277006250365	0.40713599140218937	0.00301986
0.3437191475941107	0.3940870471018795	0.00253693
0.342600981674319	0.38767698576466253	0.00203185
0.34115467144969475	0.38374637689482244	0.00181405
0.3374603406299283	0.3756758635920111	0.00146043
0.33407239970593566	0.35554562927606825	0.0004611
0.33520971968028423	0.3486712548230204	0.000181213
0.3342514731538496	0.3431266241962603	7.87683e-05
0.3328634717435932	0.3380666801041765	2.70734e-05
0.3329425367226474	0.3366807518589883	1.39743e-05
0.33154958628627584	0.33459649133004377	9.28363e-06
0.33178478394167216	0.3336992220043254	3.66507e-06
0.33194763355811796	0.33376910555911066	3.31776e-06
0.3322919688484277	0.33370467485298316	1.99574e-06
0.6516666666666666	0.9	0.0616694
0.6542415917415918	0.9331709956709957	0.0778016
0.5745263627953088	0.8788778034830667	0.0926298
0.5732302376982513	0.8105930344165637	0.0563411
0.5504261694609733	0.6773761040065388	0.0161163
0.5314313033943657	0.6400601539982083	0.0118002
0.807936507936508	0.9171428571428573	0.011926
0.7572747007034933	0.7824245199245199	0.000632513
0.7172877219249544	0.7625621746674378	0.00204978
0.6740931996338237	0.706674421365866	0.00106154
0.5988072278388058	0.6672415001059191	0.00468325
0.5533131235120311	0.6167141086467401	0.00401968
0.5295778912691054	0.5937138270630149	0.00411342
0.5008331263021366	0.5613016681924725	0.00365644
0.49936399976867174	0.5393602982622172	0.0015997
0.4909014199946922	0.5319098965483857	0.0016817
0.4869428913376902	0.522826126393227	0.00128761
0.4827693485752733	0.5107169090611215	0.000781066
0.4831917997503513	0.5044549652859727	0.000452122
0.47979510625594973	0.5011353795895841	0.000455407
0.4758447594283178	0.4951479706414528	0.000372614
0.46570618230891475	0.47233167055277336	4.38971e-05
0.46285611878779126	0.4654815720387099	6.893e-06
0.4611031553154544	0.462535396734721	2.05132e-06
0.46062778988246816	0.46162483954015876	9.94108e-07
0.4600386344028169	0.46080910336693365	5.93622e-07
0.45970219120923905	0.46022528641354643	2.73629e-07
0.4601884556806084	0.4604890353699099	9.03481e-08
0.460373956604057	0.46039406955708645	4.04531e-10
0.46003046802151737	0.4602791003061518	6.1818e-08
0.7377777777777778	0.9638888888888889	0.0511262
0.7104706713994638	0.885843160107866	0.0307555
0.6751981047175557	0.8111390368504381	0.0184799
0.6615450679452346	0.761290824505773	0.00994922
0.5816989074942628	0.6598404071122679	0.00610609
0.5441656237272073	0.624683535191733	0.00648313
0.5164183411153661	0.5952245882010501	0.00621042
0.4929534818697336	0.551209765304456	0.00339379
0.4915341852340136	0.5424257780868114	0.00258995
0.48809825739467216	0.522694153422728	0.00119688
0.48546958626835507	0.5172725560414263	0.00101143
0.48014974265288873	0.5098578991552517	0.000882575
0.48175023836556086	0.503963092568531	0.000493411
0.47814819727462093	0.5008416621449167	0.000514993
0.4739330230070521	0.4940054527168879	0.000402902
0.4644198196567729	0.472333210457384	6.26218e-05
0.4619789768517329	0.4653568468160236	1.141e-05
0.4604275854804582	0.46223431949472904	3.26429e-06
0.46010896393095413	0.46130225331581515	1.42394e-06
0.4595327162895001	0.4603999835318205	7.52152e-07
0.45924580672973514	0.45999583929837085	5.62549e-07
0.4596491145684588	0.46009413273371774	1.98041e-07
0.4599065161690959	0.46024267156285886	1.13e-07
0.4597287409035352	0.46001547849468266	8.22184e-08
0.7544444444444445	0.9688888888888888	0.0459864
0.7344202512313966	0.9319808949220715	0.0390302
0.7146846602751005	0.8706553521484872	0.0243269
0.7083307603878192	0.8198323092749717	0.0124326
0.6425737004554141	0.7381597462465423	0.00913669
0.5946422381627356	0.6792400004504554	0.00715678
0.9521478521478521	0.9287290487290486	0.00054844
0.9201663894763816	0.9016315329550626	0.000343541
0.8906400432495893	0.8756063944773622	0.000226011
0.8340500320597133	0.8216543537613383	0.000153653
0.7611958791607357	0.7628008125173148	2.57581e-06
0.7195140893066634	0.7366736414748507	0.00029445
0.6983151209297965	0.7082320504374616	9.83455e-05
0.678143402014541	0.6864021798395399	6.82074e-05
0.6662250068554953	0.6746580662684509	7.11165e-05
0.6639426657204057	0.6675496647287582	1.30104e-05
0.6597559654364116	0.6643634586207888	2.1229e-05
0.6567159000349655	0.6581975479882529	2.19528e-06
0.6563918289209639	0.6575349800137957	1.30679e-06
0.6596154210858167	0.6601157150914397	2.50294e-07
0.6602065397584375	0.6610133362216036	6.50921e-07
0.6627859430545315	0.6629457500834273	2.55383e-08
0.6641735894103558	0.6642304770368889	3.2362e-09
0.6647530622248526	0.6647272153054132	6.68063e-10
0.6655626782047992	0.6657154217648691	2.33306e-08
0.6657698672513116	0.6657506052162727	3.71026e-10
0.6667602256819729	0.6668759063407118	1.3382e-08
0.6667304098328859	0.6666914586219723	1.5172e-09
0.6663395473780743	0.6663224212460784	2.93304e-10
0.6667818667553775	0.6667698542920718	1.44299e-10
0.9721056721056722	0.9832167832167833	0.000123457
0.9300235323335245	0.9236673087359216	4.04016e-05
0.893870002687865	0.8933806637575683	2.39453e-07
0.8387458945410007	0.8509655192432717	0.000149319
0.7549456011845804	0.7667052051348063	0.000138288
0.7149612592176563	0.7328974741280894	0.000321708
0.6945157540362286	0.7044189016400458	9.80723e-05
0.6724273443858443	0.6865039855673046	0.000198152
0.6644677629182911	0.6725742025394266	6.57144e-05
0.6618962395655876	0.6665625995512686	2.17749e-05
0.6589816850454681	0.6631334414724435	1.72371e-05
0.6542668533732765	0.6575859282133697	1.10163e-05
0.655027508338287	0.6583804921043147	1.12425e-05
0.658208802601502	0.6600394182380882	3.35115e-06
0.6591218196863939	0.6603313606228898	1.46299e-06
0.6619619050078297	0.6625859735979585	3.89462e-07
0.6637429027705335	0.66400878104069	7.06913e-08
0.6645323051554888	0.6647318878941482	3.98333e-08
0.6654385822960571	0.6655540507387505	1.3333e-08
0.6655315494893885	0.6656128849649404	6.61546e-09
0.6666458276816175	0.6666902478797295	1.97315e-09
0.6665581928203375	0.6666416147464154	6.95922e-09
0.6662067636613419	0.6662907016292939	7.04558e-09
0.6666702536786299	0.6667369556678173	4.44916e-09
0.9721056721056722	0.9832167832167833	0.000123457
0.9329326232426155	0.9412686350568882	6.94891e-05
0.893545478982143	0.9079261386256239	0.000206803
0.8548271023283869	0.8777796516258555	0.00052682
0.7794931749617322	0.8008348861816966	0.000455469
0.7345818923059707	0.7585276402918095	0.000573399
