0.0	0.0	0
0.1	0.1	0
0.1	0.1	0
0.1	0.1	0
0.1	0.1	0
0.5	0.5	0
0.3942857142857143	0.3942857142857143	0
0.4838095238095238	0.4838095238095238	0
0.36547619047619045	0.36547619047619045	0
0.4333333333333333	0.4333333333333333	0
0.4976190476190475	0.4976190476190475	0
0.4780952380952381	0.4780952380952381	0
0.6744588744588744	0.6744588744588744	0
0.49118266746173733	0.49118266746173733	0
0.4852180186962796	0.4852180186962796	0
0.316928042119858	0.316928042119858	0
0.2485491506544138	0.2485491506544138	0
0.20925321292328966	0.20925321292328966	0
0.18342456208974564	0.18342456208974564	0
0.13928848065185967	0.13928848065185967	0
0.13933126325247258	0.13933126325247258	0
0.11567955469544411	0.11567955469544411	0
0.101558562057716	0.101558562057716	0
0.09631079802493075	0.09631079802493075	0
0.0	0.0	0
0.1	0.1	0
0.1	0.1	0
0.1	0.1	0
0.1	0.1	0
0.5	0.5	0
0.38380952380952377	0.38380952380952377	0
0.4328205128205128	0.4328205128205128	0
0.3448701298701299	0.3448701298701299	0
0.30826839826839825	0.30826839826839825	0
0.3369311551167968	0.3369311551167968	0
0.32113684498189515	0.32113684498189515	0
0.5122491619598659	0.5122491619598659	0
0.30687771473125264	0.30687771473125264	0
0.27163377812311673	0.27163377812311673	0
0.055248861063973774	0.055248861063973774	0
0.04008934047756123	0.04008934047756123	0
0.03092075392174722	0.03092075392174722	0
0.027726025594387436	0.027726025594387436	0
0.025215885331706128	0.025215885331706128	0
0.023255662728854678	0.023255662728854678	0
0.022731112951212752	0.022731112951212752	0
0.02078292242072642	0.02078292242072642	0
0.020089148102154668	0.020089148102154668	0
0.1	0.1	0
0.1	0.1	0
0.1	0.1	0
0.1	0.1	0
0.5	0.5	0
0.0	0.0	0
0.2	0.2	0
0.2	0.2	0
0.36666666666666664	0.36666666666666664	0
0.6466666666666667	0.6466666666666667	0
0.7321428571428571	0.7321428571428571	0
0.8104761904761905	0.8104761904761905	0
0.6893650793650794	0.6893650793650794	0
0.6487301587301586	0.6487301587301586	0
0.56994227994228	0.56994227994228	0
0.5075309485835803	0.5075309485835803	0
0.4458371040723982	0.4458371040723982	0
0.39902319902319905	0.39902319902319905	0
0.3894299852194589	0.3894299852194589	0
0.3643994601889339	0.3643994601889339	0
0.20021708232060947	0.20021708232060947	0
0.15190115031975499	0.15190115031975499	0
0.13772164540841514	0.13772164540841514	0
0.1155495886845824	0.1155495886845824	0
0.10797613090271227	0.10797613090271227	0
0.09990407624492838	0.09990407624492838	0
0.10784468936302409	0.10784468936302409	0
0.09664020040169984	0.09664020040169984	0
0.09758987397455718	0.09758987397455718	0
0.0	0.0	0
0.2	0.2	0
0.2	0.2	0
0.3888888888888889	0.3888888888888889	0
0.6527272727272727	0.6527272727272727	0
0.7126315789473684	0.7126315789473684	0
0.7754528478057889	0.7754528478057889	0
0.6264406857510305	0.6264406857510305	0
0.39695004762943265	0.39695004762943265	0
0.2729577270734004	0.2729577270734004	0
0.2004597013279398	0.2004597013279398	0
0.1848959254809631	0.1848959254809631	0
0.175676581013648	0.175676581013648	0
0.14912020344101107	0.14912020344101107	0
0.1401751763207299	0.1401751763207299	0
0.0672491330737435	0.0672491330737435	0
0.05393036472674134	0.05393036472674134	0
0.04416661821404176	0.04416661821404176	0
0.04189758377569523	0.04189758377569523	0
0.03559729519977323	0.03559729519977323	0
0.03518975586363528	0.03518975586363528	0
0.03389306490270536	0.03389306490270536	0
0.032433121789009395	0.032433121789009395	0
0.03179460731331285	0.03179460731331285	0
0.2	0.2	0
0.2	0.2	0
0.3888888888888889	0.3888888888888889	0
0.6857142857142857	0.6857142857142857	0
0.755	0.755	0
0.3	0.3	0
0.5	0.5	0
0.5	0.5	0
0.9	0.9	0
0.8115873015873015	0.8115873015873015	0
0.7187301587301587	0.7187301587301587	0
0.6122222222222222	0.6122222222222222	0
0.4968253968253967	0.4968253968253967	0
0.43183091418385533	0.43183091418385533	0
0.34514957264957263	0.34514957264957263	0
0.33492615227909345	0.33492615227909345	0
0.3010575004630732	0.3010575004630732	0
0.2801278381788127	0.2801278381788127	0
0.24849184053112966	0.24849184053112966	0
0.23051852082946445	0.23051852082946445	0
0.19025051057963743	0.19025051057963743	0
0.15931387224463953	0.15931387224463953	0
0.1197588155328835	0.1197588155328835	0
0.12763694453102065	0.12763694453102065	0
0.11412214241205439	0.11412214241205439	0
0.11266135648464184	0.11266135648464184	0
0.10860594553558119	0.10860594553558119	0
0.10338173827482104	0.10338173827482104	0
0.09318127281600122	0.09318127281600122	0
0.3	0.3	0
0.5	0.5	0
0.5	0.5	0
0.9	0.9	0
0.8071428571428572	0.8071428571428572	0
0.6524369747899159	0.6524369747899159	0
0.5774603174603175	0.5774603174603175	0
0.3280955055609961	0.3280955055609961	0
0.268186853790353	0.268186853790353	0
0.20810305341424123	0.20810305341424123	0
0.17646174896765782	0.17646174896765782	0
0.15111979171633927	0.15111979171633927	0
0.1440542263554393	0.1440542263554393	0
0.13827541175572833	0.13827541175572833	0
0.12110146536642448	0.12110146536642448	0
0.08835911388000195	0.08835911388000195	0
0.07769649718739847	0.07769649718739847	0
0.07336713702849186	0.07336713702849186	0
0.06523008473799238	0.06523008473799238	0
0.06542861803714664	0.06542861803714664	0
0.06448452111387241	0.06448452111387241	0
0.06230141118794813	0.06230141118794813	0
0.060830732283641734	0.060830732283641734	0
0.05883071306228434	0.05883071306228434	0
0.3	0.3	0
0.5	0.5	0
0.5	0.5	0
0.9	0.9	0
0.8895238095238096	0.8895238095238096	0
0.8400000000000001	0.8400000000000001	0
0.2	0.2	0
0.4	0.4	0
0.58	0.58	0
0.7066666666666667	0.7066666666666667	0
0.6133333333333333	0.6133333333333333	0
0.7011327561327562	0.7011327561327562	0
0.5562548562548563	0.5562548562548563	0
0.4710064935064935	0.4710064935064935	0
0.3729203043258771	0.3729203043258771	0
0.3112284816632642	0.3112284816632642	0
0.3088902812587023	0.3088902812587023	0
0.30021959402604564	0.30021959402604564	0
0.2731745468197373	0.2731745468197373	0
0.2355790778970211	0.2355790778970211	0
0.22898027372787824	0.22898027372787824	0
0.1768664277546472	0.1768664277546472	0
0.16498895133453456	0.16498895133453456	0
0.14873347864729958	0.14873347864729958	0
0.13356698961197833	0.13356698961197833	0
0.12113250407267731	0.12113250407267731	0
0.11440312415797008	0.11440312415797008	0
0.11289694549222433	0.11289694549222433	0
0.10928731872576825	0.10928731872576825	0
0.10213634198233863	0.10213634198233863	0
0.2	0.2	0
0.4	0.4	0
0.6	0.6	0
0.7216666666666667	0.7216666666666667	0
0.6225332068311196	0.6225332068311196	0
0.6533237776716039	0.6533237776716039	0
0.4986656985487631	0.4986656985487631	0
0.33957499899787547	0.33957499899787547	0
0.2333185293154881	0.2333185293154881	0
0.20107766592281773	0.20107766592281773	0
0.19589217471645864	0.19589217471645864	0
0.1836298484888445	0.1836298484888445	0
0.16031401028338044	0.16031401028338044	0
0.16042890012858918	0.16042890012858918	0
0.14903606099518646	0.14903606099518646	0
0.11099574688871332	0.11099574688871332	0
0.09754544781490872	0.09754544781490872	0
0.09002325945217268	0.09002325945217268	0
0.08645700774143636	0.08645700774143636	0
0.08438198172427738	0.08438198172427738	0
0.08022766622438375	0.08022766622438375	0
0.07898709418447684	0.07898709418447684	0
0.0780479306773611	0.0780479306773611	0
0.07570986755870189	0.07570986755870189	0
0.2	0.2	0
0.4	0.4	0
0.6	0.6	0
0.735	0.735	0
0.6883333333333332	0.6883333333333332	0
0.814145299145299	0.814145299145299	0
0.2	0.2	0
0.16	0.16	0
0.45999999999999996	0.45999999999999996	0
0.8266666666666665	0.8266666666666665	0
0.7116883116883118	0.7116883116883118	0
0.6797222222222222	0.6797222222222222	0
0.5555699855699856	0.5555699855699856	0
0.3959637576046245	0.3959637576046245	0
0.35251265240395674	0.35251265240395674	0
0.334258529028542	0.334258529028542	0
0.26966066984545245	0.26966066984545245	0
0.25452154727589765	0.25452154727589765	0
0.2583111330368101	0.2583111330368101	0
0.24453943980815054	0.24453943980815054	0
0.23027111078073342	0.23027111078073342	0
0.19314142426366904	0.19314142426366904	0
0.15575367345358768	0.15575367345358768	0
0.1408990567030866	0.1408990567030866	0
0.137069276267427	0.137069276267427	0
0.1273876712950801	0.1273876712950801	0
0.12439889272955296	0.12439889272955296	0
0.1109793952769749	0.1109793952769749	0
0.10867485816671299	0.10867485816671299	0
0.10699843262607145	0.10699843262607145	0
0.2	0.2	0
0.2	0.2	0
0.48571428571428577	0.48571428571428577	0
0.8496031746031747	0.8496031746031747	0
0.7026083226083226	0.7026083226083226	0
0.6910305250305251	0.6910305250305251	0
0.39531687675070026	0.39531687675070026	0
0.2821063372526494	0.2821063372526494	0
0.2120616658346262	0.2120616658346262	0
0.20318227914275216	0.20318227914275216	0
0.193159724753118	0.193159724753118	0
0.18045321032517636	0.18045321032517636	0
0.1634820043126028	0.1634820043126028	0
0.15418476098331696	0.15418476098331696	0
0.15620148348635796	0.15620148348635796	0
0.12418384047715877	0.12418384047715877	0
0.11554716700440279	0.11554716700440279	0
0.10587837978303102	0.10587837978303102	0
0.10557202097468614	0.10557202097468614	0
0.09973943405613504	0.09973943405613504	0
0.09730578268467666	0.09730578268467666	0
0.09631304372230545	0.09631304372230545	0
0.09632112517739903	0.09632112517739903	0
0.09489031372168263	0.09489031372168263	0
0.2	0.2	0
0.2	0.2	0
0.48571428571428577	0.48571428571428577	0
0.8546031746031746	0.8546031746031746	0
0.8035714285714286	0.8035714285714286	0
0.7987050630528891	0.7987050630528891	0
0.2	0.2	0
0.48	0.48	0
0.74	0.74	0
0.665	0.665	0
0.5798412698412698	0.5798412698412698	0
0.485585248085248	0.485585248085248	0
0.5473537491919844	0.5473537491919844	0
0.3434320017214754	0.3434320017214754	0
0.3286694053073363	0.3286694053073363	0
0.289015923362954	0.289015923362954	0
0.29219808046299944	0.29219808046299944	0
0.2881529245991213	0.2881529245991213	0
0.2759322830234231	0.2759322830234231	0
0.24053354423282344	0.24053354423282344	0
0.2335372066970117	0.2335372066970117	0
0.19416242377084125	0.19416242377084125	0
0.18193379285678066	0.18193379285678066	0
0.16574492985119677	0.16574492985119677	0
0.13893295207426543	0.13893295207426543	0
0.1387711086021546	0.1387711086021546	0
0.13238483698965806	0.13238483698965806	0
0.13333887282384732	0.13333887282384732	0
0.12914616826757463	0.12914616826757463	0
0.12570643152448563	0.12570643152448563	0
0.2	0.2	0
0.48	0.48	0
0.7207142857142858	0.7207142857142858	0
0.6916666666666667	0.6916666666666667	0
0.607789726613256	0.607789726613256	0
0.4288278962192006	0.4288278962192006	0
0.3731093782592573	0.3731093782592573	0
0.2851377450975975	0.2851377450975975	0
0.25365952749727916	0.25365952749727916	0
0.22222694301740828	0.22222694301740828	0
0.22300495690905325	0.22300495690905325	0
0.21554472417830225	0.21554472417830225	0
0.1958044806915274	0.1958044806915274	0
0.1856569803263863	0.1856569803263863	0
0.1853292873728012	0.1853292873728012	0
0.14789685730211982	0.14789685730211982	0
0.13815900191813935	0.13815900191813935	0
0.13051007518130228	0.13051007518130228	0
0.12526601244756236	0.12526601244756236	0
0.12295160274261652	0.12295160274261652	0
0.12047893211421483	0.12047893211421483	0
0.11952208369874509	0.11952208369874509	0
0.11780867237225312	0.11780867237225312	0
0.11607301356291513	0.11607301356291513	0
0.2	0.2	0
0.5	0.5	0
0.76	0.76	0
0.7747186147186147	0.7747186147186147	0
0.7764468864468865	0.7764468864468865	0
0.7219165279165279	0.7219165279165279	0
0.7	0.7	0
0.8066666666666666	0.8066666666666666	0
0.8004761904761905	0.8004761904761905	0
0.6355844155844157	0.6355844155844157	0
0.5722669865394324	0.5722669865394324	0
0.4829885319359004	0.4829885319359004	0
0.470585634156582	0.470585634156582	0
0.4157841042429732	0.4157841042429732	0
0.39090176237863933	0.39090176237863933	0
0.3609855296978889	0.3609855296978889	0
0.3480608257254246	0.3480608257254246	0
0.3241369449944605	0.3241369449944605	0
0.3206881605738985	0.3206881605738985	0
0.31735603923315103	0.31735603923315103	0
0.3057544387546277	0.3057544387546277	0
0.24325246234912123	0.24325246234912123	0
0.22795930949335808	0.22795930949335808	0
0.21433761357080933	0.21433761357080933	0
0.20509427612232947	0.20509427612232947	0
0.2071445526849826	0.2071445526849826	0
0.20095234997769285	0.20095234997769285	0
0.1991357509225641	0.1991357509225641	0
0.19695975174131194	0.19695975174131194	0
0.1950150652463653	0.1950150652463653	0
0.7	0.7	0
0.8800000000000001	0.8800000000000001	0
0.8567460317460318	0.8567460317460318	0
0.6883080808080808	0.6883080808080808	0
0.5421803581354696	0.5421803581354696	0
0.4815715719719213	0.4815715719719213	0
0.4222512134233698	0.4222512134233698	0
0.37573818464465425	0.37573818464465425	0
0.3346544743354926	0.3346544743354926	0
0.3185954143652986	0.3185954143652986	0
0.30730037382760106	0.30730037382760106	0
0.3017099269923428	0.3017099269923428	0
0.28941289083532684	0.28941289083532684	0
0.27931871445749124	0.27931871445749124	0
0.2747672565574558	0.2747672565574558	0
0.2289263205203979	0.2289263205203979	0
0.21387244641807213	0.21387244641807213	0
0.20723516933411318	0.20723516933411318	0
0.2016105631460589	0.2016105631460589	0
0.200357869189697	0.200357869189697	0
0.19766169407564296	0.19766169407564296	0
0.1944404554809277	0.1944404554809277	0
0.19316450067722118	0.19316450067722118	0
0.19187939870577397	0.19187939870577397	0
0.7	0.7	0
0.8857142857142858	0.8857142857142858	0
0.9015262515262515	0.9015262515262515	0
0.832542735042735	0.832542735042735	0
0.7046486608704104	0.7046486608704104	0
0.6180634901074638	0.6180634901074638	0
0.8800000000000001	0.8800000000000001	0
0.8646031746031747	0.8646031746031747	0
0.7272510822510823	0.7272510822510823	0
0.6743387314439946	0.6743387314439946	0
0.5897720263687641	0.5897720263687641	0
0.554460802543767	0.554460802543767	0
0.5380045610169308	0.5380045610169308	0
0.4968311318335286	0.4968311318335286	0
0.4404059602154041	0.4404059602154041	0
0.42834498892458106	0.42834498892458106	0
0.4117836714579551	0.4117836714579551	0
0.3961850507767348	0.3961850507767348	0
0.391573640724122	0.391573640724122	0
0.3848709513835939	0.3848709513835939	0
0.3773011181850047	0.3773011181850047	0
0.357694576010308	0.357694576010308	0
0.3496847780225045	0.3496847780225045	0
0.34497449122295654	0.34497449122295654	0
0.33970903054836565	0.33970903054836565	0
0.3375567114938169	0.3375567114938169	0
0.33532307100340275	0.33532307100340275	0
0.3346197506336586	0.3346197506336586	0
0.33424530020321896	0.33424530020321896	0
0.334160771986277	0.334160771986277	0
0.9	0.9	0
0.9176698301698302	0.9176698301698302	0
0.8016080488139311	0.8016080488139311	0
0.749226024193766	0.749226024193766	0
0.6164104019296929	0.6164104019296929	0
0.5684632985765452	0.5684632985765452	0
0.5289325527681596	0.5289325527681596	0
0.48742318422503966	0.48742318422503966	0
0.44527443729562677	0.44527443729562677	0
0.4292117689660425	0.4292117689660425	0
0.40713599140218937	0.40713599140218937	0
0.3940870471018795	0.3940870471018795	0
0.38767698576466253	0.38767698576466253	0
0.38374637689482244	0.38374637689482244	0
0.3756758635920111	0.3756758635920111	0
0.35554562927606825	0.35554562927606825	0
0.3486712548230204	0.3486712548230204	0
0.3431266241962603	0.3431266241962603	0
0.3380666801041765	0.3380666801041765	0
0.3366807518589883	0.3366807518589883	0
0.33459649133004377	0.33459649133004377	0
0.3336992220043254	0.3336992220043254	0
0.33376910555911066	0.33376910555911066	0
0.33370467485298316	0.33370467485298316	0
0.9	0.9	0
0.9331709956709957	0.9331709956709957	0
0.8788778034830667	0.8788778034830667	0
0.8105930344165637	0.8105930344165637	0
0.6773761040065388	0.6773761040065388	0
0.6400601539982083	0.6400601539982083	0
0.9171428571428573	0.9171428571428573	0
0.7824245199245199	0.7824245199245199	0
0.7625621746674378	0.7625621746674378	0
0.706674421365866	0.706674421365866	0
0.6672415001059191	0.6672415001059191	0
0.6167141086467401	0.6167141086467401	0
0.5937138270630149	0.5937138270630149	0
0.5613016681924725	0.5613016681924725	0
0.5393602982622172	0.5393602982622172	0
0.5319098965483857	0.5319098965483857	0
0.522826126393227	0.522826126393227	0
0.5107169090611215	0.5107169090611215	0
0.5044549652859727	0.5044549652859727	0
0.5011353795895841	0.5011353795895841	0
0.4951479706414528	0.4951479706414528	0
0.47233167055277336	0.47233167055277336	0
0.4654815720387099	0.4654815720387099	0
0.462535396734721	0.462535396734721	0
0.46162483954015876	0.46162483954015876	0
0.46080910336693365	0.46080910336693365	0
0.46022528641354643	0.46022528641354643	0
0.4604890353699099	0.4604890353699099	0
0.46039406955708645	0.46039406955708645	0
0.4602791003061518	0.4602791003061518	0
0.9638888888888889	0.9638888888888889	0
0.885843160107866	0.885843160107866	0
0.8111390368504381	0.8111390368504381	0
0.761290824505773	0.761290824505773	0
0.6598404071122679	0.6598404071122679	0
0.624683535191733	0.624683535191733	0
0.5952245882010501	0.5952245882010501	0
0.551209765304456	0.551209765304456	0
0.5424257780868114	0.5424257780868114	0
0.522694153422728	0.522694153422728	0
0.5172725560414263	0.5172725560414263	0
0.5098578991552517	0.5098578991552517	0
0.503963092568531	0.503963092568531	0
0.5008416621449167	0.5008416621449167	0
0.4940054527168879	0.4940054527168879	0
0.472333210457384	0.472333210457384	0
0.4653568468160236	0.4653568468160236	0
0.46223431949472904	0.46223431949472904	0
0.46130225331581515	0.46130225331581515	0
0.4603999835318205	0.4603999835318205	0
0.45999583929837085	0.45999583929837085	0
0.46009413273371774	0.46009413273371774	0
0.46024267156285886	0.46024267156285886	0
0.46001547849468266	0.46001547849468266	0
0.9688888888888888	0.9688888888888888	0
0.9319808949220715	0.9319808949220715	0
0.8706553521484872	0.8706553521484872	0
0.8198323092749717	0.8198323092749717	0
0.7381597462465423	0.7381597462465423	0
0.6792400004504554	0.6792400004504554	0
0.9287290487290486	0.9287290487290486	0
0.9016315329550626	0.9016315329550626	0
0.8756063944773622	0.8756063944773622	0
0.8216543537613383	0.8216543537613383	0
0.7628008125173148	0.7628008125173148	0
0.7366736414748507	0.7366736414748507	0
0.7082320504374616	0.7082320504374616	0
0.6864021798395399	0.6864021798395399	0
0.6746580662684509	0.6746580662684509	0
0.6675496647287582	0.6675496647287582	0
0.6643634586207888	0.6643634586207888	0
0.6581975479882529	0.6581975479882529	0
0.6575349800137957	0.6575349800137957	0
0.6601157150914397	0.6601157150914397	0
0.6610133362216036	0.6610133362216036	0
0.6629457500834273	0.6629457500834273	0
0.6642304770368889	0.6642304770368889	0
0.6647272153054132	0.6647272153054132	0
0.6657154217648691	0.6657154217648691	0
0.6657506052162727	0.6657506052162727	0
0.6668759063407118	0.6668759063407118	0
0.6666914586219723	0.6666914586219723	0
0.6663224212460784	0.6663224212460784	0
0.6667698542920718	0.6667698542920718	0
0.9832167832167833	0.9832167832167833	0
0.9236673087359216	0.9236673087359216	0
0.8933806637575683	0.8933806637575683	0
0.8509655192432717	0.8509655192432717	0
0.7667052051348063	0.7667052051348063	0
0.7328974741280894	0.7328974741280894	0
0.7044189016400458	0.7044189016400458	0
0.6865039855673046	0.6865039855673046	0
0.6725742025394266	0.6725742025394266	0
0.6665625995512686	0.6665625995512686	0
0.6631334414724435	0.6631334414724435	0
0.6575859282133697	0.6575859282133697	0
0.6583804921043147	0.6583804921043147	0
0.6600394182380882	0.6600394182380882	0
0.6603313606228898	0.6603313606228898	0
0.6625859735979585	0.6625859735979585	0
0.66400878104069	0.66400878104069	0
0.6647318878941482	0.6647318878941482	0
0.6655540507387505	0.6655540507387505	0
0.6656128849649404	0.6656128849649404	0
0.6666902478797295	0.6666902478797295	0
0.6666416147464154	0.6666416147464154	0
0.6662907016292939	0.6662907016292939	0
0.6667369556678173	0.6667369556678173	0
0.9832167832167833	0.9832167832167833	0
0.9412686350568882	0.9412686350568882	0
0.9079261386256239	0.9079261386256239	0
0.8777796516258555	0.8777796516258555	0
0.8008348861816966	0.8008348861816966	0
0.7585276402918095	0.7585276402918095	0
