0.0	0.0	0
0.1	0.1	0
0.1	0.1	0
0.06666666666666667	0.1	0.00111111
0.0125	0.1	0.00765625
0.05653265677855842	0.5	0.196663
0.056910016977928704	0.3942857142857143	0.113822
0.024340765831423142	0.4838095238095238	0.211112
0.024390353081815575	0.36547619047619045	0.11634
0.01854124299957343	0.4333333333333333	0.172052
0.016978542628764838	0.4976190476190475	0.231015
0.015324681036745688	0.4780952380952381	0.214157
0.014571460597528405	0.6744588744588744	0.435451
0.01432277557438288	0.49118266746173733	0.227395
0.013072490098275564	0.4852180186962796	0.222921
0.012417509949400132	0.316928042119858	0.0927267
0.012162634906288983	0.2485491506544138	0.0558786
0.011452470600862704	0.20925321292328966	0.0391251
0.01081639684571219	0.18342456208974564	0.0297936
0.010351526912329649	0.13928848065185967	0.0166247
0.010152033746667517	0.13933126325247258	0.0166873
0.0099925014151397	0.11567955469544411	0.0111698
0.009687381459078426	0.101558562057716	0.00844031
0.009530850198542721	0.09631079802493075	0.00753076
0.0	0.0	0
0.1	0.1	0
0.05	0.1	0.0025
0.05	0.1	0.0025
0.004166666666666667	0.1	0.00918403
0.018548368270309624	0.5	0.231796
0.02289084713452822	0.38380952380952377	0.130262
0.016902017755821737	0.4328205128205128	0.172988
0.015721624898164577	0.3448701298701299	0.108339
0.013882834515463344	0.30826839826839825	0.0866629
0.012982423333987475	0.3369311551167968	0.104943
0.013062176848141588	0.32113684498189515	0.09491
0.011131358625686196	0.5122491619598659	0.251119
0.010760662430524832	0.30687771473125264	0.0876853
0.010869309009933503	0.27163377812311673	0.0679981
0.011033821389570295	0.055248861063973774	0.00195497
0.012016207047437801	0.04008934047756123	0.000788101
0.011141766875380427	0.03092075392174722	0.000391208
0.010630648623687598	0.027726025594387436	0.000292252
0.0101309520801429	0.025215885331706128	0.000227555
0.00995491839620497	0.023255662728854678	0.00017691
0.009701385582483879	0.022731112951212752	0.000169774
0.009495435070148299	0.02078292242072642	0.000127407
0.009369578008094358	0.020089148102154668	0.000114909
0.1	0.1	0
0.1	0.1	0
0.04	0.1	0.0036
0.007407407407407407	0.1	0.00857339
0.039949579406101145	0.5	0.211646
0.0	0.0	0
0.2	0.2	0
0.2	0.2	0
0.20984848484848487	0.36666666666666664	0.0245919
0.1999654934437543	0.6466666666666667	0.199542
0.15003046380966292	0.7321428571428571	0.338855
0.13184363196990367	0.8104761904761905	0.460542
0.09455113482207655	0.6893650793650794	0.353804
0.07516348869348015	0.6487301587301586	0.328979
0.06727351857037757	0.56994227994228	0.252676
0.052538253931775046	0.5075309485835803	0.207018
0.05534166610237802	0.4458371040723982	0.152487
0.049440865088129816	0.39902319902319905	0.122208
0.04516105086192744	0.3894299852194589	0.118521
0.04325839737440143	0.3643994601889339	0.103132
0.03344471921227187	0.20021708232060947	0.027813
0.02810688240395943	0.15190115031975499	0.015325
0.02379034319246012	0.13772164540841514	0.0129803
0.02300392563862237	0.1155495886845824	0.0085647
0.021948894604131058	0.10797613090271227	0.00740069
0.021840946081105966	0.09990407624492838	0.00609385
0.021349473789573303	0.10784468936302409	0.00748142
0.020682330251254134	0.09664020040169984	0.0057696
0.020237241765014107	0.09758987397455718	0.00598343
0.0	0.0	0
0.2	0.2	0
0.1181818181818182	0.2	0.00669421
0.1282663592446201	0.3888888888888889	0.0679241
0.07444969745879246	0.6527272727272727	0.334405
0.06290336181376974	0.7126315789473684	0.422147
0.05813250527468673	0.7754528478057889	0.514548
0.050268953350781145	0.6264406857510305	0.331974
0.04106086578909103	0.39695004762943265	0.126657
0.041129855660612155	0.2729577270734004	0.0537442
0.03800656319671248	0.2004597013279398	0.026391
0.03852625573807283	0.1848959254809631	0.0214241
0.03409551303317103	0.175676581013648	0.0200452
0.03277126553523783	0.14912020344101107	0.0135371
0.0329196450956757	0.1401751763207299	0.0115037
0.02726558580520256	0.0672491330737435	0.00159868
0.02585167015773333	0.05393036472674134	0.000788413
0.02339516684100901	0.04416661821404176	0.000431453
0.021991848884569787	0.04189758377569523	0.000396238
0.021433529425296704	0.03559729519977323	0.000200612
0.020776590561808188	0.03518975586363528	0.000207739
0.020910624040300755	0.03389306490270536	0.000168544
0.020307378243608856	0.032433121789009395	0.000147034
0.019851288212461852	0.03179460731331285	0.000142643
0.2	0.2	0
0.2	0.2	0
0.15496031746031744	0.3888888888888889	0.0547226
0.1547536945812808	0.6857142857142857	0.281919
0.11923981102997978	0.755	0.404191
0.3	0.3	0
0.5	0.5	0
0.5	0.5	0
0.6166666666666666	0.9	0.0802778
0.3829348137242874	0.8115873015873015	0.183743
0.23677445498680302	0.7187301587301587	0.232281
0.2719994208689861	0.6122222222222222	0.115752
0.1665573290303494	0.4968253968253967	0.109077
0.14306181694296594	0.43183091418385533	0.0833876
0.14160908090619145	0.34514957264957263	0.0414287
0.13330698686494108	0.33492615227909345	0.0406503
0.11649197866492655	0.3010575004630732	0.0340644
0.10216415331007003	0.2801278381788127	0.0316711
0.10297680415184685	0.24849184053112966	0.0211746
0.09556795826778275	0.23051852082946445	0.0182117
0.06131781535284059	0.19025051057963743	0.0166236
0.05242436082455626	0.15931387224463953	0.0114254
0.05084761033079086	0.1197588155328835	0.00474875
0.04572532154750558	0.12763694453102065	0.00670951
0.044835973021919	0.11412214241205439	0.00480057
0.04428419960887575	0.11266135648464184	0.00467544
0.04376780103730095	0.10860594553558119	0.00420398
0.04284412597312816	0.10338173827482104	0.0036648
0.04213236779319126	0.09318127281600122	0.00260599
0.3	0.3	0
0.5	0.5	0
0.23888888888888885	0.5	0.068179
0.23879554655870447	0.9	0.437191
0.10698041977759565	0.8071428571428572	0.490227
0.11148967910572789	0.6524369747899159	0.292624
0.09526434079780936	0.5774603174603175	0.232513
0.09160074387908132	0.3280955055609961	0.0559298
0.09488557912077177	0.268186853790353	0.0300333
0.08527520738905633	0.20810305341424123	0.0150867
0.08521731757319621	0.17646174896765782	0.00832555
0.07704537915271885	0.15111979171633927	0.00548702
0.0813267904958977	0.1440542263554393	0.00393473
0.08012115117349326	0.13827541175572833	0.00338192
0.07599249702840957	0.12110146536642448	0.00203482
0.057633718729609026	0.08835911388000195	0.00094405
0.04820670858473897	0.07769649718739847	0.000869648
0.047220419262443226	0.07336713702849186	0.000683651
0.04482631871561374	0.06523008473799238	0.000416314
0.04361134003513791	0.06542861803714664	0.000475994
0.04374077323961272	0.06448452111387241	0.000430303
0.04377588245783846	0.06230141118794813	0.000343195
0.042534178132258585	0.060830732283641734	0.000334764
0.04207653530651922	0.05883071306228434	0.000280702
0.3	0.3	0
0.5	0.5	0
0.4	0.5	0.01
0.437070707070707	0.9	0.214304
0.24644485144485145	0.8895238095238096	0.413551
0.2222040894142249	0.8400000000000001	0.381672
0.2	0.2	0
0.4	0.4	0
0.5466666666666666	0.58	0.00111111
0.6166666666666667	0.7066666666666667	0.0081
0.42335987026389504	0.6133333333333333	0.0360899
0.34426654705502735	0.7011327561327562	0.127353
0.35661746873955785	0.5562548562548563	0.0398551
0.2865215865836428	0.4710064935064935	0.0340347
0.23947847224979904	0.3729203043258771	0.0178067
0.22214246422398495	0.3112284816632642	0.00793632
0.20163101222856344	0.3088902812587023	0.0115046
0.17880044067070716	0.30021959402604564	0.0147426
0.1547568505534405	0.2731745468197373	0.0140228
0.13235233855495657	0.2355790778970211	0.0106558
0.12982691932680962	0.22898027372787824	0.00983139
0.0818376439376823	0.1768664277546472	0.00903047
0.07189025495861132	0.16498895133453456	0.00866737
0.06895627983581744	0.14873347864729958	0.0063644
0.06616758632121009	0.13356698961197833	0.00454268
0.06386062860928705	0.12113250407267731	0.00328007
0.06201934432110793	0.11440312415797008	0.00274406
0.0613106841766605	0.11289694549222433	0.00266114
0.06106139037186344	0.10928731872576825	0.00232574
0.05979193903887675	0.10213634198233863	0.00179305
0.2	0.2	0
0.4	0.4	0
0.36523809523809525	0.6	0.0551132
0.5135714285714286	0.7216666666666667	0.0433036
0.15861596020623941	0.6225332068311196	0.215219
0.16732104881172574	0.6533237776716039	0.236199
0.16633067386786327	0.4986656985487631	0.110447
0.14516942920634157	0.33957499899787547	0.0377935
0.13229258541708025	0.2333185293154881	0.0102062
0.13496256961389347	0.20107766592281773	0.00437121
0.11902926757595964	0.19589217471645864	0.00590791
0.11273010102252676	0.1836298484888445	0.00502677
0.10703220969223963	0.16031401028338044	0.00283895
0.10732511345241731	0.16042890012858918	0.00282001
0.10220781402973503	0.14903606099518646	0.00219288
0.0758290537764388	0.11099574688871332	0.0012367
0.06793826439163683	0.09754544781490872	0.000876585
0.06760240752843909	0.09002325945217268	0.000502695
0.06473202692460123	0.08645700774143636	0.000471975
0.0620483481567801	0.08438198172427738	0.000498791
0.06104502477351607	0.08022766622438375	0.000367974
0.05955836559776508	0.07898709418447684	0.000377475
0.05952417168112373	0.0780479306773611	0.00034313
0.05861216676489935	0.07570986755870189	0.000292331
0.2	0.2	0
0.4	0.4	0
0.45666666666666667	0.6	0.0205444
0.6003968253968253	0.735	0.018118
0.3574907880790234	0.6883333333333332	0.109457
0.3286422045997851	0.814145299145299	0.235713
0.2	0.2	0
0.18	0.16	0.0004
0.42666666666666664	0.45999999999999996	0.00111111
0.7296031746031746	0.8266666666666665	0.00942132
0.46983305966064587	0.7116883116883118	0.058494
0.35289722225359316	0.6797222222222222	0.106815
0.3551384686512688	0.5555699855699856	0.0401728
0.2580037372287278	0.3959637576046245	0.019033
0.2142948817994513	0.35251265240395674	0.0191042
0.1816218780779874	0.334258529028542	0.0232979
0.179533175778448	0.26966066984545245	0.00812297
0.16054201727886455	0.25452154727589765	0.00883215
0.15647453919490098	0.2583111330368101	0.0103707
0.15177598704625553	0.24453943980815054	0.00860506
0.13874957854244235	0.23027111078073342	0.00837619
0.09702252465125037	0.19314142426366904	0.00923884
0.0924585852314991	0.15575367345358768	0.00400627
0.08943955807869494	0.1408990567030866	0.00264808
0.08472311291093626	0.137069276267427	0.00274012
0.08392325136754605	0.1273876712950801	0.00188916
0.07983276321585048	0.12439889272955296	0.00198614
0.07909984187824906	0.1109793952769749	0.00101631
0.07950009243783251	0.10867485816671299	0.000851167
0.07966287372280743	0.10699843262607145	0.000747233
0.2	0.2	0
0.18571428571428572	0.2	0.000204082
0.2551587301587302	0.48571428571428577	0.0531559
0.3693722943722944	0.8496031746031747	0.230622
0.1893286795763576	0.7026083226083226	0.263456
0.17276659068383152	0.6910305250305251	0.268598
0.1713371943371125	0.39531687675070026	0.0501669
0.14697114693750699	0.2821063372526494	0.0182615
0.13790894866588016	0.2120616658346262	0.00549863
0.1399300114478873	0.20318227914275216	0.00400085
0.13493613086639084	0.193159724753118	0.00338999
0.1321083721036071	0.18045321032517636	0.00233722
0.12357917056373893	0.1634820043126028	0.00159224
0.1167481194774636	0.15418476098331696	0.0014015
0.11297785271544696	0.15620148348635796	0.00186828
0.09195341705702512	0.12418384047715877	0.0010388
0.0875258272335605	0.11554716700440279	0.000785195
0.0844457310102569	0.10587837978303102	0.000459358
0.08239604162800952	0.10557202097468614	0.000537126
0.08139150590625001	0.09973943405613504	0.000336646
0.08031445377408278	0.09730578268467666	0.000288705
0.07936170988814256	0.09631304372230545	0.000287348
0.07895495742742153	0.09632112517739903	0.000301584
0.07849520687034495	0.09489031372168263	0.0002688
0.2	0.2	0
0.2	0.2	0
0.33571428571428574	0.48571428571428577	0.0225
0.643888888888889	0.8546031746031746	0.0444005
0.4105124507116701	0.8035714285714286	0.154495
0.2789920351979175	0.7987050630528891	0.270102
0.2	0.2	0
0.5	0.48	0.0004
0.6807142857142858	0.74	0.0035148
0.7036507936507936	0.665	0.00149388
0.563502080994341	0.5798412698412698	0.000266969
0.43875923529823463	0.485585248085248	0.00219268
0.3520920945057425	0.5473537491919844	0.0381271
0.28125923103952466	0.3434320017214754	0.00386545
0.25958605440300514	0.3286694053073363	0.00477251
0.2159914624562041	0.289015923362954	0.00533257
0.19746595187780164	0.29219808046299944	0.00897418
0.2031431838502235	0.2881529245991213	0.00722666
0.1700628959099013	0.2759322830234231	0.0112083
0.15359776512716367	0.24053354423282344	0.00755783
0.1581311011791497	0.2335372066970117	0.00568608
0.12462343213101794	0.19416242377084125	0.00483567
0.11298107454985926	0.18193379285678066	0.00475448
0.10492859084894628	0.16574492985119677	0.00369863
0.10069081717123043	0.13893295207426543	0.00146246
0.1013542243887382	0.1387711086021546	0.00140002
0.09918642630329523	0.13238483698965806	0.00110213
0.09809249716307553	0.13333887282384732	0.00124231
0.09799507685432106	0.12914616826757463	0.00097039
0.09772150061203096	0.12570643152448563	0.000783156
0.2	0.2	0
0.5	0.48	0.0004
0.47428071928071924	0.7207142857142858	0.0607295
0.46316399286987514	0.6916666666666667	0.0522135
0.3495529631763984	0.607789726613256	0.0666862
0.25166514662616574	0.4288278962192006	0.0313866
0.22689003289353504	0.3731093782592573	0.0213801
0.1944896904396785	0.2851377450975975	0.00821707
0.19362270347200752	0.25365952749727916	0.00360442
0.17211782915053558	0.22222694301740828	0.00251092
0.16195104989283773	0.22300495690905325	0.00372758
0.16078476595906327	0.21554472417830225	0.00299865
0.14799550935598305	0.1958044806915274	0.0022857
0.13907880994170754	0.1856569803263863	0.00216953
0.1403222666651231	0.1853292873728012	0.00202563
0.11479483859040478	0.14789685730211982	0.00109574
0.10891691752956718	0.13815900191813935	0.000855099
0.10202968133465869	0.13051007518130228	0.000811133
0.09928332842069265	0.12526601244756236	0.0006751
0.09952057767840855	0.12295160274261652	0.000549013
0.09842107372220718	0.12047893211421483	0.000486549
0.09714378903477702	0.11952208369874509	0.000500788
0.09743069561135224	0.11780867237225312	0.000415262
0.0970420180903209	0.11607301356291513	0.000362179
0.2	0.2	0
0.5	0.5	0
0.595	0.76	0.027225
0.7066233766233766	0.7747186147186147	0.00463696
0.5368280085927145	0.7764468864468865	0.0574172
0.46661487937349994	0.7219165279165279	0.0651789
0.7	0.7	0
0.835	0.8066666666666666	0.000802778
0.8363675213675213	0.8004761904761905	0.00128819
0.7246264262053737	0.6355844155844157	0.00792848
0.6096225650910809	0.5722669865394324	0.00139544
0.4969153203451769	0.4829885319359004	0.000193955
0.44900899265100425	0.470585634156582	0.000465551
0.3849717596547724	0.4157841042429732	0.000949401
0.3301762108011615	0.39090176237863933	0.00368759
0.31413758163478334	0.3609855296978889	0.00219473
0.29790253194946564	0.3480608257254246	0.00251585
0.27864653193278716	0.3241369449944605	0.00206938
0.2795587884141469	0.3206881605738985	0.00169163
0.2747253301390081	0.31735603923315103	0.00181738
0.26097663269845356	0.3057544387546277	0.00200505
0.20668956556757942	0.24325246234912123	0.00133685
0.19759532181267822	0.22795930949335808	0.000921972
0.19046459846694325	0.21433761357080933	0.000569921
0.18742073297429435	0.20509427612232947	0.000312354
0.18731436475167276	0.2071445526849826	0.000393236
0.1852497260763293	0.20095234997769285	0.000246572
0.18375923493047489	0.1991357509225641	0.000236437
0.1828514304350493	0.19695975174131194	0.000199045
0.1823616687698202	0.1950150652463653	0.000160108
0.7	0.7	0
0.8133333333333332	0.8800000000000001	0.00444444
0.7674786324786325	0.8567460317460318	0.00796867
0.7058767507002801	0.6883080808080808	0.000308658
0.5301654966066709	0.5421803581354696	0.000144357
0.4647916403036968	0.4815715719719213	0.000281566
0.39834638525786337	0.4222512134233698	0.000571441
0.3416775598128247	0.37573818464465425	0.00116013
0.3005275042497267	0.3346544743354926	0.00116465
0.2843215575785383	0.3185954143652986	0.0011747
0.274768872353139	0.30730037382760106	0.0010583
0.25977949635147113	0.3017099269923428	0.00175816
0.2560850641761508	0.28941289083532684	0.00111074
0.2536468657466256	0.27931871445749124	0.000659044
0.24087659245568513	0.2747672565574558	0.00114858
0.20173775615062609	0.2289263205203979	0.000739218
0.1960795107817559	0.21387244641807213	0.000316589
0.1901574384472373	0.20723516933411318	0.000291649
0.18427576940373472	0.2016105631460589	0.000300495
0.18521021450046016	0.200357869189697	0.000229451
0.18411008828351308	0.19766169407564296	0.000183646
0.18255201830671294	0.1944404554809277	0.000141335
0.18170038970214203	0.19316450067722118	0.000131426
0.1815384971027565	0.19187939870577397	0.000106934
0.7	0.7	0
0.8800000000000001	0.8857142857142858	3.26531e-05
0.8793040293040294	0.9015262515262515	0.000493827
0.8028104575163397	0.832542735042735	0.000884008
0.6324506559183934	0.7046486608704104	0.00521255
0.5782370648585949	0.6180634901074638	0.00158614
0.9	0.8800000000000001	0.0004
0.8697546897546896	0.8646031746031747	2.65381e-05
0.7924847374847375	0.7272510822510823	0.00425543
0.7571450479345216	0.6743387314439946	0.00685689
0.6290198165891016	0.5897720263687641	0.00154039
0.573449889058465	0.554460802543767	0.000360585
0.5435542268715527	0.5380045610169308	3.07988e-05
0.4830677052341084	0.4968311318335286	0.000189432
0.43230682099012235	0.4404059602154041	6.55961e-05
0.4182845031288239	0.42834498892458106	0.000101213
0.39878035470823986	0.4117836714579551	0.000169086
0.3867722267886262	0.3961850507767348	8.86013e-05
0.38249787701399124	0.391573640724122	8.23695e-05
0.3729913717522234	0.3848709513835939	0.000141124
0.36592919337389096	0.3773011181850047	0.000129321
0.3474923234874174	0.357694576010308	0.000104086
0.34219012119740927	0.3496847780225045	5.61699e-05
0.33842053230194413	0.34497449122295654	4.29544e-05
0.33524696172492696	0.33970903054836565	1.99101e-05
0.33482508975046105	0.3375567114938169	7.46176e-06
0.33311203409306944	0.33532307100340275	4.88868e-06
0.33313825709807177	0.3346197506336586	2.19482e-06
0.33297800291208485	0.33424530020321896	1.60604e-06
0.3333516316293978	0.334160771986277	6.54708e-07
0.9	0.9	0
0.9176698301698302	0.9176698301698302	0
0.7914609899904017	0.8016080488139311	0.000102963
0.7397542599647863	0.749226024193766	8.97143e-05
0.6096219568324174	0.6164104019296929	4.6083e-05
0.561874592113738	0.5684632985765452	4.34111e-05
0.528444098925751	0.5289325527681596	2.38587e-07
0.4659826427047774	0.48742318422503966	0.000459697
0.4306560608124469	0.44527443729562677	0.000213697
0.4098219204132484	0.4292117689660425	0.000375966
0.3919424226423428	0.40713599140218937	0.000230845
0.3786749514622698	0.3940870471018795	0.000237533
0.37147498696047926	0.38767698576466253	0.000262505
0.3731046385243032	0.38374637689482244	0.000113247
0.36300032328690035	0.3756758635920111	0.000160669
0.34420259104467016	0.35554562927606825	0.000128665
0.3415120574050173	0.3486712548230204	5.12541e-05
0.33694903638486184	0.3431266241962603	3.81626e-05
0.33396297706409583	0.3380666801041765	1.68404e-05
0.33398024463868614	0.3366807518589883	7.29274e-06
0.3324415336144194	0.33459649133004377	4.64384e-06
0.33248987995703855	0.3336992220043254	1.46251e-06
0.3326399948998688	0.33376910555911066	1.27489e-06
0.3329545726245411	0.33370467485298316	5.62653e-07
0.9	0.9	0
0.9331709956709957	0.9331709956709957	0
0.866240440845704	0.8788778034830667	0.000159703
0.7866643356643356	0.8105930344165637	0.000572583
0.6701088935642711	0.6773761040065388	5.28123e-05
0.6188367463089901	0.6400601539982083	0.000450433
0.9464285714285715	0.9171428571428573	0.000857653
0.8833730158730161	0.7824245199245199	0.0101906
0.8314089144429703	0.7625621746674378	0.00473987
0.755921978499111	0.706674421365866	0.00242532
0.6645860905884278	0.6672415001059191	7.0512e-06
0.6053556631308818	0.6167141086467401	0.000129014
0.5885633517647159	0.5937138270630149	2.65274e-05
0.5429048433922217	0.5613016681924725	0.000338443
0.5300022151698692	0.5393602982622172	8.75737e-05
0.5134360364119044	0.5319098965483857	0.000341284
0.5086522997032897	0.522826126393227	0.000200897
0.49629495604769297	0.5107169090611215	0.000207993
0.493290264518921	0.5044549652859727	0.000124651
0.4906720389693809	0.5011353795895841	0.000109481
0.4867125464135566	0.4951479706414528	7.11564e-05
0.4683343360391282	0.47233167055277336	1.59787e-05
0.4636116615250895	0.4654815720387099	3.49657e-06
0.4612997755050274	0.462535396734721	1.52676e-06
0.4608711147667538	0.46162483954015876	5.68101e-07
0.4602794078405264	0.46080910336693365	2.80577e-07
0.45994092478582027	0.46022528641354643	8.08615e-08
0.4603453332975692	0.4604890353699099	2.06503e-08
0.4605621433173283	0.46039406955708645	2.82488e-08
0.46027279777818686	0.4602791003061518	3.97219e-11
0.9638888888888889	0.9638888888888889	0
0.908511586452763	0.885843160107866	0.000513858
0.827473835137569	0.8111390368504381	0.000266826
0.749236573167556	0.761290824505773	0.000145305
0.6513898811948188	0.6598404071122679	7.14114e-05
0.5991090723212807	0.624683535191733	0.000654053
0.5784552797971131	0.5952245882010501	0.00028121
0.5370536675148022	0.551209765304456	0.000200395
0.5210609942892603	0.5424257780868114	0.000456454
0.5101659626319751	0.522694153422728	0.000156956
0.5047552673019617	0.5172725560414263	0.000156683
0.4943979911707654	0.5098578991552517	0.000239009
0.4920704924749514	0.503963092568531	0.000141434
0.48808121409137434	0.5008416621449167	0.000162829
0.48581778443379714	0.4940054527168879	6.70379e-05
0.4675921083731125	0.472333210457384	2.2478e-05
0.46319462179355825	0.4653568468160236	4.67522e-06
0.46100674322361374	0.46223431949472904	1.50694e-06
0.460547461168498	0.46130225331581515	5.69711e-07
0.4599162024115876	0.4603999835318205	2.34044e-07
0.4596209949771134	0.45999583929837085	1.40508e-07
0.4599914312160158	0.46009413273371774	1.05476e-08
0.4601783614861007	0.46024267156285886	4.13579e-09
0.4599769106704071	0.46001547849468266	1.48748e-09
0.9638888888888889	0.9688888888888888	2.5e-05
0.9264253393665159	0.9319808949220715	3.08642e-05
0.8633423727302446	0.8706553521484872	5.34797e-05
0.806286919266167	0.8198323092749717	0.000183478
0.7294234302091037	0.7381597462465423	7.63232e-05
0.6708018187841549	0.6792400004504554	7.12029e-05
0.9521478521478521	0.9287290487290486	0.00054844
0.9050549557654822	0.9016315329550626	1.17198e-05
0.8830922147340191	0.8756063944773622	5.60375e-05
0.8375744170363559	0.8216543537613383	0.000253448
0.7680453677621263	0.7628008125173148	2.75054e-05
0.7351671815007745	0.7366736414748507	2.26942e-06
0.70846038991692	0.7082320504374616	5.21389e-08
0.6851449953781994	0.6864021798395399	1.58051e-06
0.6745900129219373	0.6746580662684509	4.63126e-09
0.6655228784358653	0.6675496647287582	4.10786e-06
0.6625007239965932	0.6643634586207888	3.46978e-06
0.6567911650335414	0.6581975479882529	1.97791e-06
0.658040110554505	0.6575349800137957	2.55157e-07
0.6602615956541091	0.6601157150914397	2.12811e-08
0.660524167358671	0.6610133362216036	2.39286e-07
0.6627905001701473	0.6629457500834273	2.41025e-08
0.6641594907196684	0.6642304770368889	5.03906e-09
0.6648118109999134	0.6647272153054132	7.15643e-09
0.6657496935952378	0.6657154217648691	1.17456e-09
0.6657714078279842	0.6657506052162727	4.32749e-10
0.6669138849811339	0.6668759063407118	1.44238e-09
0.6667308256760031	0.6666914586219723	1.54976e-09
0.6663586310997409	0.6663224212460784	1.31115e-09
0.6668353908121063	0.6667698542920718	4.29504e-09
0.9832167832167833	0.9832167832167833	0
0.9241324365012522	0.9236673087359216	2.16344e-07
0.9028001882365155	0.8933806637575683	8.87274e-05
0.8573969144272408	0.8509655192432717	4.13628e-05
0.7683075935091926	0.7667052051348063	2.56765e-06
0.7305746382646052	0.7328974741280894	5.39557e-06
0.7023513063613994	0.7044189016400458	4.27495e-06
0.6813122605312529	0.6865039855673046	2.6954e-05
0.6705199396831641	0.6725742025394266	4.22e-06
0.6640703254049296	0.6665625995512686	6.21143e-06
0.6617025455313124	0.6631334414724435	2.04746e-06
0.6564348559031339	0.6575859282133697	1.32497e-06
0.6569614619148415	0.6583804921043147	2.01365e-06
0.6594493379752794	0.6600394182380882	3.48195e-07
0.6601019995458047	0.6603313606228898	5.26065e-08
0.6624056793388335	0.6625859735979585	3.2506e-08
0.66400878104069	0.66400878104069	0
0.6647318878941482	0.6647318878941482	0
0.6655540507387505	0.6655540507387505	0
0.6656128849649404	0.6656128849649404	0
0.6666902478797295	0.6666902478797295	0
0.6666416147464154	0.6666416147464154	0
0.6662907016292939	0.6662907016292939	0
0.6667369556678173	0.6667369556678173	0
0.9832167832167833	0.9832167832167833	0
0.9407191845074376	0.9412686350568882	3.01896e-07
0.9067699588250878	0.9079261386256239	1.33675e-06
0.876107878570674	0.8777796516258555	2.79483e-06
0.7978014340914034	0.8008348861816966	9.20183e-06
0.7537063934173911	0.7585276402918095	2.32444e-05
