0.0	0.31691905413053534	0.100438
0.06666666666666667	0.3224401234830151	0.0654201
0.04	0.32141184128615763	0.0791926
0.015384615384615385	0.3112473107734236	0.0875347
0.0037037037037037034	0.2932255166176581	0.0838229
0.019711427183598758	0.28854812033046867	0.0722732
0.01900713933194248	0.28842713300684586	0.0725871
0.014374780793338532	0.28064209764032194	0.0708983
0.011996164633870088	0.27645642078643073	0.0699392
0.012005031090366915	0.2730366124037008	0.0681375
0.011162943547528668	0.27193664618823343	0.0680029
0.00995230265880549	0.2699392238970945	0.0675932
0.00891671501133202	0.2678225799654451	0.0670322
0.009633328842224745	0.26766970274361784	0.0665828
0.009768758018421676	0.26742639362918774	0.0663875
0.010146520033422368	0.2664184299556148	0.0656753
0.010944504697549524	0.2667054181790876	0.0654136
0.010422289892825924	0.26581671542363167	0.0652263
0.01020836702650464	0.26578521761017354	0.0653195
0.010004132575370124	0.26587830567626164	0.0654716
0.009891502634509233	0.2653945467119422	0.0652818
0.009747354336678348	0.2651345348104283	0.0652226
0.009515373111492751	0.26516188424718035	0.0653551
0.00935790725006524	0.265199338185174	0.0654548
0.0	0.3456028223532603	0.119441
0.03333333333333333	0.33616897666097867	0.0917094
0.02857142857142857	0.333059936166433	0.0927133
0.009523809523809523	0.3134463341475985	0.0923689
0.0035714285714285713	0.2927113656903495	0.0836019
0.014272021848216637	0.2865964529235621	0.0741606
0.013903665859734283	0.28518238229532283	0.0735921
0.01285787090610753	0.27973990082730926	0.071226
0.011325660644652435	0.27572151584978183	0.0699052
0.010294896843990126	0.27216903656075137	0.0685781
0.010377102997253928	0.27128448523468573	0.0680727
0.009140015969287287	0.269543444570879	0.0678099
0.008315180086453561	0.2676006556090487	0.067229
0.009395981239142556	0.2672770432809551	0.0665026
0.009353431889539712	0.26672751123598804	0.0662414
0.009917795672050984	0.2662588923390179	0.0657108
0.01074421040683059	0.2664696027603019	0.0653955
0.010246015690812741	0.2656385083546268	0.0652253
0.010051626888238543	0.2656398168166359	0.0653253
0.00988774167270152	0.26573685288474364	0.0654588
0.009728539149067536	0.26526692435803223	0.0652999
0.009626257388138455	0.2650120836279545	0.0652219
0.00942347228979944	0.2650531568492186	0.0653465
0.00928005259711518	0.2651247949101919	0.0654565
0.0	0.3456028223532603	0.119441
0.03333333333333333	0.34042309279502325	0.0943041
0.025	0.33997952969843187	0.0992121
0.0125	0.32560515295157977	0.0980348
0.0047619047619047615	0.30149693641851477	0.0880517
0.026001750700280112	0.29866647778652505	0.0743461
0.0	0.30255998278410046	0.0915425
0.16666666666666666	0.3413771898615653	0.0305238
0.09523809523809523	0.3232347478351742	0.0519825
0.09689655172413794	0.32229539990864253	0.0508046
0.07485028138558267	0.3141367583419541	0.057258
0.052024985969982285	0.3042110404890631	0.0635978
0.05126912603947855	0.2983998590123078	0.0610736
0.04011803703664446	0.290085886306338	0.0624839
0.03422106406087108	0.2854907101033758	0.0631364
0.030712705521692623	0.2809766943831927	0.0626321
0.03064751897900067	0.27965781067681145	0.0620061
0.028886453676475115	0.279692462741442	0.0629037
0.026849499029246986	0.2787888078030013	0.0634734
0.026171988582137616	0.2772060611739728	0.0630181
0.025346865098073473	0.2764290114902244	0.0630422
0.02405558824158075	0.27454938018591196	0.0627471
0.02275370379580771	0.2729924468214578	0.0626194
0.022067779080350198	0.2727896510970322	0.0628615
0.021318433204156575	0.2723779360013991	0.0630309
0.020939287099159577	0.27232318949345247	0.0631939
0.020482264572938773	0.2720344484438232	0.0632785
0.02067835285993217	0.2720693697467478	0.0631974
0.020291745907227134	0.2718567628969174	0.063285
0.019920247927626377	0.27152506875541066	0.063305
0.0	0.31175692346152467	0.0971924
0.06666666666666667	0.34759829964383393	0.0789226
0.043333333333333335	0.32708552764196036	0.0805153
0.09806818181818182	0.3383456777477121	0.0577333
0.0438619054698816	0.3107170987909533	0.0712117
0.041761492263921104	0.3019942505161418	0.0677211
0.04031493693923036	0.2953040144643434	0.0650194
0.03499204344055478	0.28926918008923586	0.0646569
0.030824954997356054	0.28529158381082714	0.0647533
0.029620603128254198	0.2808108114711214	0.0630965
0.027068588304645473	0.2786074170058846	0.0632718
0.026762557787646284	0.2788331650717978	0.0635396
0.025115896406550885	0.278219415433406	0.0640614
0.02389345024822832	0.27662501517762567	0.0638732
0.022740079105346343	0.2753801834299122	0.063827
0.023095328394061167	0.27429473253668907	0.0631011
0.022105652763300326	0.27279724075146555	0.0628463
0.021525626603674776	0.2726265286015191	0.0630517
0.021036186424148347	0.27219876605846083	0.0630826
0.020633072811545267	0.27222460462362275	0.0632983
0.020290728567100923	0.27196793716443907	0.0633414
0.020497605716984713	0.27197500062211866	0.0632409
0.02011757717878942	0.27179436274021473	0.0633412
0.01979184828929239	0.2714849335494551	0.0633494
0.0	0.32634543800046084	0.106501
0.1	0.36207407242202966	0.0686828
0.065	0.3408230256969151	0.0760783
0.09620915032679737	0.3458682147102686	0.0623296
0.06691827922673328	0.3230218870184018	0.0655891
0.054517968308882156	0.31275500921718213	0.0666864
0.3	0.40073600418311683	0.0101477
0.33999999999999997	0.36117799636025183	0.000448508
0.2319047619047619	0.3402367341711564	0.0117358
0.1764189405365876	0.34479629780819615	0.0283509
0.10862583743071548	0.32599907329991357	0.0472511
0.08346824741359796	0.31575343714655923	0.0539564
0.07690903171055398	0.30748072798779147	0.0531633
0.07613586806325617	0.30149561863827007	0.050787
0.07619924352198501	0.2993360308814924	0.04979
0.0647742663171775	0.29421812160070876	0.0526445
0.06599025174483988	0.29348794337802797	0.0517552
0.05649436837588821	0.2900523998191282	0.0545494
0.060385134073734525	0.29118552077037263	0.0532688
0.05963887499643231	0.2890586768120694	0.0526334
0.05670009927135259	0.28840636558910043	0.0536878
0.04673207754862461	0.2843164318705014	0.0564463
0.0416733458272093	0.2821553578356986	0.0578316
0.041224442658140584	0.28259697342258827	0.0582607
0.040020405107400056	0.2817693716881534	0.0584426
0.04047136688533976	0.2820533976991987	0.0583619
0.04064607612816793	0.28242822932876166	0.0584586
0.040754648958834724	0.2823922282586938	0.0583887
0.0405823716653698	0.2824225526550331	0.0584867
0.040718478535786015	0.2825274702026582	0.0584716
0.24	0.4028463889165015	0.0265189
0.18603174603174605	0.37543243763511586	0.0358726
0.1168131868131868	0.3479799733581147	0.0534381
0.11503383610800491	0.35416992472269204	0.0571861
0.07915186998180174	0.3236888560736112	0.0597983
0.0659793091591965	0.31356729245607845	0.0612998
0.06033483326682389	0.30413459145479893	0.0594383
0.06304158336173438	0.30078668034295797	0.0565227
0.06434817865404255	0.2983954495703089	0.0547781
0.057098979077326785	0.2928985970276222	0.0556015
0.05910892149686808	0.29195956347256424	0.0542194
0.05353640920640353	0.28927884827949735	0.0555745
0.057039281199108526	0.2901813280511182	0.0543552
0.0542920600425049	0.28846963343928017	0.0548391
0.051942217510600505	0.28750432593634867	0.0554895
0.04547697854923129	0.283959201637121	0.0568738
0.04081830953949534	0.28194217076964595	0.0581407
0.040840541327404466	0.28245991647291235	0.0583799
0.03955309819389099	0.2816306743731954	0.0586016
0.040036325859576345	0.2819687094045153	0.0585313
0.04031407914198528	0.2823394222024246	0.0585763
0.040467467960751895	0.2823098541546091	0.0584877
0.04033243962536663	0.282345414522859	0.0585703
0.04043282002024246	0.28245823453181157	0.0585763
0.3	0.41333148992196467	0.012844
0.20500000000000002	0.386352997020697	0.0328889
0.14109890109890108	0.3643016485839156	0.0498195
0.1397594476387046	0.3672278020198966	0.0517419
0.11389606749973498	0.33737071924027695	0.0499409
0.09255897843802471	0.32544718252996974	0.0542369
0.16666666666666666	0.3846325233063268	0.0475091
0.3071428571428571	0.39355149843457604	0.00746645
0.26676767676767676	0.3793907305059444	0.012684
0.3313717448701968	0.37628708320636944	0.00201739
0.18410720391683855	0.3402637636110587	0.0243849
0.15748208396662206	0.3382594568088768	0.0326805
0.1582009857992413	0.33197317501269025	0.0301968
0.14046561976847832	0.3206679791971453	0.0324729
0.12365364702174413	0.31490865707729576	0.0365785
0.10978843150569788	0.3117499292597599	0.0407884
0.10074152902641924	0.30697593788128014	0.0425326
0.09134907695098757	0.30402384594505955	0.0452306
0.08417815006760646	0.3020583017592086	0.0474718
0.08319750128609932	0.3012142662597283	0.0475313
0.0763062870458729	0.29992703630225603	0.0500062
0.06272664097464495	0.29442150902243147	0.0536825
0.060519006225441804	0.29379110795092656	0.0544159
0.06033828243002406	0.2934573117705351	0.0543445
0.059542363387508554	0.29279689573998874	0.0544077
0.05913324075429808	0.29234063265354393	0.0543857
0.05890884564398807	0.292009156078512	0.0543358
0.05879799097859699	0.29211051223160267	0.0544347
0.05896801389510516	0.2921406589749126	0.0543695
0.05814642643892796	0.29145399464521704	0.0544324
0.15	0.40070733989493973	0.0628542
0.17857142857142855	0.4081825469523047	0.0527213
0.16812409812409815	0.39415455031044094	0.0510898
0.20805257705257704	0.38781709368949546	0.0323153
0.103870428006321	0.33743479434472967	0.0545523
0.10902184386886846	0.3315475495049086	0.0495177
0.10856525717499874	0.3261368648215571	0.0473374
0.10186235798022332	0.31758450425837936	0.046536
0.09690763255055519	0.3119689798219958	0.0462514
0.09464488684356002	0.30963377844218176	0.0462202
0.08914960214589182	0.30622774279137704	0.0471229
0.08145397041042131	0.30333702333086177	0.0492321
0.07788865560696122	0.3014052702239378	0.0499597
0.07576092546300536	0.3004143902876555	0.0504692
0.07127330268789309	0.2991955585483417	0.0519486
0.061187810568569034	0.2939306701159631	0.0541692
0.05910513012037907	0.29344056680440883	0.0549131
0.05953482269308508	0.29325284319221984	0.0546241
0.0587839717894814	0.2925798276813388	0.0546605
0.058533992160328986	0.2921592910350671	0.0545808
0.058407208372318296	0.2918753911796818	0.0545074
0.05818635355668195	0.29198264347901287	0.0546607
0.05853051541794779	0.29205820612674854	0.0545352
0.05767814799602402	0.2913487025399156	0.0546019
0.15	0.4038949223877973	0.0644626
0.19	0.41240556014048985	0.0494642
0.1769119769119769	0.40242862690765335	0.0508578
0.25011715464804707	0.40600423978466554	0.0243008
0.1515378263681084	0.3550701391472749	0.0414254
0.15011977903333187	0.3470601087338811	0.0387855
0.2	0.3965282558077975	0.0386234
0.18	0.3604626630622406	0.0325668
0.2547619047619048	0.3850718323640966	0.0169807
0.3309155550332021	0.3646247145596527	0.00113631
0.17738871238646986	0.33904735619414195	0.0261335
0.1424644359237774	0.3293662367153263	0.0349323
0.1487846695193419	0.3286849816284846	0.0323641
0.12428323789915734	0.3216307777454073	0.0389461
0.1113885992807212	0.3153509216420007	0.0416006
0.11177628984105567	0.31245971203685885	0.0402738
0.10830232725688319	0.311437943883554	0.0412641
0.10675060610654308	0.31187712120215283	0.0420769
0.10421153294401024	0.3090138109693165	0.041944
0.09724219625201883	0.30802889669213357	0.044431
0.09218066896365977	0.3066642297983544	0.0460032
0.08112464722044466	0.3030550622799554	0.0492531
0.08046815253548019	0.30385832364369775	0.0499032
0.08017567461430077	0.3036052792591054	0.0499208
0.0794115523848798	0.3031280845899864	0.0500491
0.07857077941293014	0.30308260255131336	0.0504056
0.07723388226448942	0.30250789433483133	0.0507484
0.0772360487628532	0.30276913603429695	0.0508652
0.07743396900105559	0.3028522593120805	0.0508134
0.07780932898800288	0.30309870926370164	0.0507553
0.2	0.4113860837016589	0.0446841
0.2	0.3866875475018089	0.0348522
0.17776556776556776	0.3803948728817079	0.0410586
0.1753183155401576	0.37014519071054214	0.0379575
0.11462817558574079	0.33573346041034513	0.0488875
0.09558870526754784	0.325206539769826	0.0527243
0.11441506009881312	0.32520294515181297	0.0444315
0.09891465700207745	0.31690800010977394	0.0475211
0.09607117189854268	0.31287695307322083	0.0470047
0.09560504562737362	0.31026842059874166	0.0460804
0.10328954095946637	0.31117073817278557	0.0432146
0.10029577049064882	0.3105426762793285	0.0442038
0.09357515668527303	0.3073417828803278	0.0456962
0.09090671919716307	0.3067940365856863	0.0466073
0.08825236418364144	0.30594832165524677	0.0473915
0.079181354988583	0.30284193121880554	0.0500241
0.07967000964749778	0.303502680861338	0.0501011
0.07946478927537468	0.3034274965479232	0.0501593
0.07834645159445912	0.3029567788880646	0.0504498
0.07800375524259692	0.30293319498770244	0.0505933
0.07663597945947061	0.3023624474071065	0.0509524
0.07669884158897329	0.30260646134807295	0.0510343
0.07688824301691065	0.3027439335454745	0.0510108
0.07730124783768941	0.30300470370252575	0.050942
0.2	0.4122046461884657	0.0450308
0.2	0.39268421892386485	0.0371272
0.22389610389610395	0.3974623746745699	0.0301253
0.24482446144513714	0.3933129707174098	0.0220488
0.17338189375538696	0.35357843046497184	0.0324708
0.15038899872838168	0.3435804486017595	0.0373229
0.2	0.37139332336979825	0.0293757
0.35	0.38749318768123	0.00140574
0.39761904761904765	0.3961811327535984	2.0676e-06
0.4004390054390054	0.3950563255284033	2.89732e-05
0.3124291005501524	0.370139388690207	0.00333048
0.22675492815177667	0.35738640027865115	0.0170646
0.21417951213536685	0.3496451924561655	0.018351
0.16768734984981942	0.34148151481531847	0.0302044
0.16312327548476385	0.33552338713882357	0.0297218
0.1478917038443889	0.33007431923852953	0.0331905
0.13904540134035068	0.3273268465824396	0.0354499
0.13752591883045323	0.3258852087613056	0.0354792
0.1276809696057425	0.32234540794092986	0.0378942
0.12569780878677445	0.3209192953246637	0.0381114
0.12447050674723585	0.321700158605307	0.0388995
0.10479968905364619	0.315176016786868	0.0442582
0.10215187519913546	0.3134906401489498	0.0446641
0.09692391805265155	0.3112455711726294	0.0459338
0.09625278425430456	0.3114671067233508	0.0463172
0.09607556234693307	0.3114137333013429	0.0463705
0.09541305094823875	0.31125338474850694	0.046587
0.0956957028755924	0.3116775239090439	0.0466481
0.09596947314062103	0.3117907810974951	0.0465788
0.09567449914611935	0.311740621980156	0.0466846
0.13999999999999999	0.3689902590824957	0.0524365
0.2690476190476191	0.39663573570280625	0.0162787
0.2560667600373483	0.4116631879252992	0.0242102
0.2448122952363092	0.39848033681107664	0.0236139
0.2086522512383429	0.3700130449720582	0.0260373
0.15643040800019428	0.35085584279030096	0.0378012
0.16246461651987607	0.346261574730184	0.0337813
0.13541042988329086	0.3385447552141606	0.0412636
0.1433542171477455	0.33339975908921565	0.0361173
0.12924129864685027	0.32699450575838346	0.0391063
0.12362910607229646	0.3252467487132237	0.0406497
0.12537847873488425	0.3246398842464304	0.0397051
0.12024466404426208	0.3215338221055936	0.0405173
0.11659117143231298	0.31955913788536583	0.041196
0.11737697569329075	0.3206209968548416	0.0413081
0.10177989869888601	0.3145127166407624	0.0452553
0.0997828174503346	0.31324788313099294	0.0455673
0.09522085935481997	0.310869174498146	0.0465042
0.09518447565384226	0.3112060564055708	0.0466653
0.09491495617785622	0.31121782873355064	0.0467869
0.09471881807714086	0.3110693327030988	0.0468075
0.09493564317421185	0.31152407784227215	0.0469106
0.09525199071730683	0.3116749809355893	0.0468389
0.09519724601375568	0.31162476532340766	0.0468409
0.2	0.3733591368729642	0.0300534
0.2819047619047619	0.40134394492446734	0.0142657
0.27187154348919057	0.4148923611910427	0.020455
0.3235865800865801	0.4168019668668156	0.00868911
0.29320449143986804	0.39008386874932155	0.00938561
0.22456472045454348	0.36475562227245933	0.0196535
0.7	0.46794384332823047	0.0538501
0.7073809523809524	0.48905689525570384	0.0476654
0.6426373626373627	0.47170871157355015	0.0292166
0.6310427253905515	0.5056163647241457	0.0157318
0.5060453630438619	0.4710597054436887	0.001224
0.4492593355089469	0.4614265304434488	0.000148041
0.3929079669611966	0.44227710659629815	0.00243731
0.34383803529103873	0.41344433936631714	0.00484504
0.3011749533181702	0.4056484105339561	0.0109147
0.28133785218849516	0.3987408418007914	0.0137835
0.2638861156980187	0.39310446478237593	0.0166974
0.2503888611054858	0.38694003086851525	0.0186462
0.24460273917097944	0.38536021687791766	0.0198127
0.24028050565244147	0.38426570815752353	0.0207317
0.23115351035943812	0.38021064376949754	0.022218
0.19032391161144713	0.36317529647211344	0.0298776
0.1864891280157565	0.3619257377423685	0.030778
0.18312208171260672	0.36081714248241753	0.0315755
0.18178587254456668	0.36031197382062624	0.0318716
0.1819647256026016	0.3605103394720363	0.0318785
0.1821147981927089	0.36071774908813775	0.031899
0.1813887934417745	0.36031055175279697	0.032013
0.1807237707376626	0.35974487902211116	0.0320486
0.18074588393693655	0.35978893921597344	0.0320564
0.4966666666666667	0.4821824686982842	0.000209792
0.5076812076812077	0.49703113803875026	0.000113424
0.45933566433566436	0.4805597444855708	0.000450462
0.5238517455757327	0.5059234785078482	0.000321423
0.41542483786459405	0.47049910113519233	0.00303317
0.38503853390707693	0.4541824510122276	0.00478088
0.3454282470144273	0.43659409959405887	0.00831121
0.2968011272979658	0.40750404347564534	0.0122551
0.2786559277253641	0.4010169909537316	0.0149722
0.2598749490229573	0.39444200898456133	0.0181083
0.24912863589574222	0.39122108447759163	0.0201903
0.23640936686003675	0.38553944339468244	0.0222398
0.23871449701850342	0.38533479424093137	0.0214975
0.2297534908284558	0.38273109497932645	0.0234021
0.22432145405682852	0.3794751264078467	0.0240727
0.1882432887940156	0.3629253820830106	0.0305138
0.18379958841885252	0.3615451888554739	0.0315935
0.1812446767794873	0.360447470491157	0.0321136
0.1807290332921903	0.3599538910681091	0.0321215
0.18063898539778817	0.3601649794309701	0.0322296
0.18089719240878596	0.36043791253918583	0.0322349
0.1806621593113453	0.36011751771587763	0.0322042
0.18035408745054193	0.35961013112082896	0.0321327
0.1801916360337884	0.3596379596770244	0.032201
0.5233333333333333	0.4875334256835173	0.00128163
0.5507142857142857	0.5091215431932778	0.00172996
0.542142857142857	0.5004463886035924	0.0017386
0.6266758603715126	0.5296864064203464	0.00940695
0.49461828185812823	0.4877079222748938	4.77531e-05
0.4844490582472868	0.4764179274130539	6.44991e-05
0.85	0.6403604955047626	0.0439487
0.8789610389610389	0.6030719425691469	0.0761148
0.7094068676421619	0.5894794165830002	0.0143826
0.6998101557312084	0.5662709150304709	0.0178327
0.6043312821463391	0.5566488345838231	0.00227362
0.5461954432568907	0.5364169726169523	9.56185e-05
0.5167444292210622	0.526686372410003	9.88422e-05
0.46696845026319134	0.5044137109759663	0.00140215
0.41475621053148926	0.4812933529690535	0.00442719
0.39812882443114517	0.47187147801461754	0.00543798
0.3808173588184271	0.46428072855418645	0.00696613
0.3674537266194452	0.45881339845279745	0.00834659
0.3626310242728158	0.45698627748118464	0.00890291
0.36059486272921853	0.45661054920200506	0.00921901
0.35104149533620277	0.4538994071093846	0.0105798
0.3397788953790702	0.450824277523036	0.0123311
0.33940388213616324	0.4506327617066181	0.0123719
0.33629456849394407	0.45021640334012253	0.0129782
0.3348250864604586	0.4496830748193822	0.0131924
0.33442018389173245	0.4498076910673336	0.0133143
0.3327289472211557	0.4489493070778684	0.0135072
0.3328673741493803	0.4491855247063558	0.0135299
0.3329317248991089	0.4491482861065704	0.0135063
0.3331540280869411	0.4493023115040791	0.0134904
0.8400000000000001	0.6430936103531194	0.0387721
0.6969555444555444	0.6188513158625851	0.00610027
0.6856454819690113	0.6012820202322419	0.00711719
0.677732246352936	0.5868213946580874	0.00826478
0.5820601820158692	0.5551814041621576	0.000722469
0.534960519979723	0.5381768964248277	1.03451e-05
0.4895710656817845	0.5204789802377902	0.000955299
0.4429138011706112	0.49930186768350904	0.00317961
0.41110608469307586	0.4811111322738465	0.00490071
0.3913284403437867	0.47089507405217307	0.00633085
0.37425208348932637	0.46349007245204665	0.00796342
0.3588711046428027	0.45691777834277125	0.00961315
0.354472656842459	0.4559385073352432	0.0102953
0.35594294499498225	0.4562034927481462	0.0100522
0.3485432243245565	0.45322597946358406	0.0109585
0.3361438131363418	0.4500162605569401	0.0129669
0.3373217399401111	0.4502487407399312	0.0127525
0.33464190383030407	0.44983539744483253	0.0132695
0.3331526688380697	0.44926499159545125	0.0134821
0.33321961484701734	0.44964469020047415	0.0135548
0.33180638930739753	0.44877920200480437	0.0136826
0.3319509717132413	0.4489510354463063	0.013689
0.3321076308091049	0.44894596844389023	0.0136512
0.3324441727914166	0.4491374012975572	0.0136173
0.8400000000000001	0.6430936103531194	0.0387721
0.7998376623376624	0.6425878504911158	0.0247275
0.7528277424330054	0.608443649742127	0.0208468
0.6953932284052223	0.5984746317264793	0.00939321
0.6348760241326488	0.5709486276584949	0.00408671
0.5862221750439718	0.5546980691236523	0.000993769
0.9607142857142857	0.7219485971928054	0.0570091
0.9067016317016318	0.7022071343073514	0.041818
0.8504878618113914	0.6717629496125319	0.0319426
0.7517615682321563	0.6515571165991336	0.0100409
0.6616617193841741	0.6063127003798511	0.00306351
0.5835281996063877	0.5802215667840669	1.09338e-05
0.565844216219394	0.5694325624761569	1.28762e-05
0.5282726958896107	0.5547572678764896	0.000701433
0.5130466430806844	0.5514481306063076	0.00147467
0.5092041052107161	0.5492765688007355	0.0016058
0.4935958498042461	0.5457054242237364	0.00271541
0.4894885666212579	0.5422621822169831	0.00278505
0.49044188917323767	0.5430660951613355	0.00276931
0.4871093687879041	0.5419167887800553	0.00300385
0.4808997125157807	0.5389314799847034	0.00336769
0.4664598122166114	0.5312349181949665	0.00419581
0.46308651227170816	0.529383768801114	0.00439533
0.4612675319201392	0.5280818148303662	0.00446415
0.46075982043381475	0.5281952999650266	0.00454754
0.46019426880140857	0.5274872615254789	0.00452835
0.45986976851637235	0.5274011758865857	0.00456049
0.46025792143707067	0.5277124225803724	0.00455011
0.46044533072023786	0.5279126304628019	0.00455184
0.4601536737516212	0.5279302565403371	0.00459367
0.9638888888888889	0.7279737288333344	0.055656
0.9157843137254902	0.7070031685621955	0.0435896
0.8173794704379412	0.6757033763335172	0.0200721
0.7471766954530292	0.6598764080154685	0.00762134
0.6246978424254477	0.6018654271641954	0.000521319
0.5611752336881426	0.5751541207148807	0.000195409
0.5388469999878795	0.56476449060524	0.000671716
0.5183924080772464	0.553293721036085	0.0012181
0.5041643571158493	0.5497603584285057	0.002079
0.5018707098528192	0.5483856295776363	0.00216364
0.49205417940228174	0.5455994578618305	0.0028671
0.4873721361311765	0.5422998873301915	0.00301706
0.4878547145767148	0.5429540134451195	0.00303593
0.4867430535193499	0.5422507352644806	0.0030811
0.47986609507798833	0.539020884045814	0.00349929
0.46539938710166895	0.5311240591386014	0.00431973
0.4625123623334777	0.5293178775921767	0.00446298
0.46077380152835434	0.5279799195811699	0.00451666
0.46043406243406826	0.5281919583234992	0.00459113
0.4597860908083639	0.5274217479141237	0.00457458
0.45942290446207623	0.5272911691509223	0.0046061
0.4598094821818105	0.527606442660686	0.00459643
0.4600325275402774	0.5277802287804996	0.00458975
0.45983857032774533	0.5278500864280599	0.00462557
0.9638888888888889	0.7279737288333344	0.055656
0.9264253393665159	0.7112708138602365	0.0462915
0.8593019686898407	0.6865695127610476	0.0298365
0.7948867385976935	0.6730863059823685	0.0148353
0.7289671297528032	0.632276081626292	0.00934916
0.6462192948500461	0.5994839318245996	0.00218419
0.9521478521478521	0.8413392933765655	0.0122785
0.9134338719079509	0.8225118875456806	0.00826681
0.8936068325594702	0.8014263589585784	0.00849724
0.8467449413453998	0.7643251398867222	0.00679302
0.7696819117811888	0.7221211792837451	0.00226202
0.7286375953115226	0.699031011372667	0.00087655
0.7018135336322588	0.6849164571618227	0.000285511
0.6829726340024405	0.6717486109391381	0.000125979
0.6694014222043161	0.666646160654879	7.59147e-06
0.6651007702147551	0.6642622293908884	7.03151e-07
0.6620961748651565	0.6615615614127672	2.85812e-07
0.6572386187622015	0.6592278939131111	3.95722e-06
0.6566574219015557	0.6588237223625015	4.69286e-06
0.659951724548433	0.6610483191380726	1.20252e-06
0.660440963294856	0.6612897601350614	7.20456e-07
0.6627903102231281	0.6637455484820682	9.1248e-07
0.6641733480822498	0.6653673125417124	1.42555e-06
0.6648291553226129	0.6657935926688339	9.30139e-07
0.6657225530554545	0.6664447655038849	5.21591e-07
0.6658373478123137	0.6665020618280946	4.41845e-07
0.6668684813979571	0.667108556739717	5.76362e-08
0.6667861853616052	0.667035468717473	6.21422e-08
0.6663835398347058	0.6667341292000133	1.22913e-07
0.6668303144205866	0.6670902977870765	6.75914e-08
0.9832167832167833	0.8628022782036716	0.0144997
0.9241324365012522	0.8315777862002147	0.00856636
0.9018392272755547	0.8057042578820452	0.00924193
0.8556591606555886	0.774827892650628	0.00653369
0.7640444056236507	0.7230625904108737	0.00167951
0.7245563697998715	0.6984908700057273	0.00067941
0.6991404771320594	0.6847642843386798	0.000206675
0.6808847842568762	0.6718038777696121	8.24629e-05
0.6680196761928665	0.6665810294792147	2.0697e-06
0.6644443338092654	0.663989689507489	2.06701e-07
0.6605948133908303	0.6614891227897134	7.99789e-07
0.6556109731802247	0.6588712715877785	1.06295e-05
0.65636350145719	0.6592232525149979	8.17818e-06
0.6594001490865776	0.6614241299598334	4.0965e-06
0.6601019995458047	0.6617163033887772	2.60598e-06
0.6624056793388335	0.6636984010217416	1.67113e-06
0.66400878104069	0.6653284032345103	1.7414e-06
0.6647318878941482	0.6657848816396981	1.1088e-06
0.6655540507387505	0.666458635441977	8.18273e-07
0.6656128849649404	0.6664697231151397	7.34172e-07
0.6666902478797295	0.6670518510537757	1.30757e-07
0.6666416147464154	0.6670020085741567	1.29884e-07
0.6662907016292939	0.666732304365099	1.95013e-07
0.6667369556678173	0.6670719674122687	1.12233e-07
0.9832167832167833	0.8628022782036716	0.0144997
0.937675706246568	0.8395415103275715	0.00963032
0.9067699588250878	0.8094341897112413	0.00947425
0.871522005681203	0.7854106407417986	0.00741517
0.7937588032451275	0.7364688201580837	0.00328214
0.7507432819648967	0.7083262912329856	0.0017992
