0.0	0.0	0
0.1	0.1	0
0.1	0.1	0
0.1	0.1	0
0.1	0.1	0
0.5	0.5	0
0.2942857142857143	0.3942857142857143	0.01
0.27362859362859365	0.4838095238095238	0.044176
0.2750443181123541	0.36547619047619045	0.00817792
0.25483839689722043	0.4333333333333333	0.0318604
0.2053286192525791	0.4976190476190475	0.0854337
0.13144610418790967	0.4780952380952381	0.120166
0.1040642388067287	0.6744588744588744	0.32535
0.0778599891109952	0.49118266746173733	0.170836
0.08281345108687714	0.4852180186962796	0.161929
0.03851560694411943	0.316928042119858	0.0775135
0.03395979561288581	0.2485491506544138	0.0460486
0.026378181834867242	0.20925321292328966	0.0334433
0.02297416019484818	0.18342456208974564	0.0257443
0.019056793079013323	0.13928848065185967	0.0144557
0.018075696155157164	0.13933126325247258	0.0147029
0.016803482205027816	0.11567955469544411	0.00977648
0.01520193007798975	0.101558562057716	0.00745747
0.014876111690418798	0.09631079802493075	0.00663161
0.0	0.0	0
0.1	0.1	0
0.1	0.1	0
0.1	0.1	0
0.1	0.1	0
0.11011744686530314	0.5	0.152008
0.12342006033182504	0.38380952380952377	0.0678027
0.035456828101089355	0.4328205128205128	0.157898
0.033358134319113844	0.3448701298701299	0.0970397
0.026960146692301946	0.30826839826839825	0.0791343
0.02637573367413042	0.3369311551167968	0.0964447
0.024228346620334358	0.32113684498189515	0.0881547
0.020753361321062928	0.5122491619598659	0.241568
0.02094559789141769	0.30687771473125264	0.0817572
0.021054103336316833	0.27163377812311673	0.0627902
0.02251789405463296	0.055248861063973774	0.00107132
0.0240161656013849	0.04008934047756123	0.000258347
0.02029060112717044	0.03092075392174722	0.000113
0.018285449297816662	0.027726025594387436	8.91245e-05
0.016820586714787714	0.025215885331706128	7.0481e-05
0.015667920748644152	0.023255662728854678	5.75738e-05
0.01494159999160572	0.022731112951212752	6.06765e-05
0.014397353336974344	0.02078292242072642	4.07755e-05
0.013334153250854085	0.020089148102154668	4.563e-05
0.1	0.1	0
0.1	0.1	0
0.1	0.1	0
0.1	0.1	0
0.5	0.5	0
0.0	0.0	0
0.2	0.2	0
0.2	0.2	0
0.36666666666666664	0.36666666666666664	0
0.6466666666666667	0.6466666666666667	0
0.7321428571428571	0.7321428571428571	0
0.7578571428571428	0.8104761904761905	0.00276876
0.5428710178710178	0.6893650793650794	0.0214605
0.48190333476047764	0.6487301587301586	0.0278312
0.3951899039185567	0.56994227994228	0.0305384
0.28125477363978507	0.5075309485835803	0.0512009
0.25547268010154245	0.4458371040723982	0.0362386
0.24163734281211205	0.39902319902319905	0.0247703
0.1990048466926789	0.3894299852194589	0.0362617
0.20382040576204846	0.3643994601889339	0.0257856
0.10077800714441136	0.20021708232060947	0.00988813
0.06966865135193259	0.15190115031975499	0.00676218
0.05505765221092594	0.13772164540841514	0.00683334
0.041717118568220336	0.1155495886845824	0.00545123
0.037970296123135	0.10797613090271227	0.00490082
0.03335454204468099	0.09990407624492838	0.00442884
0.030937708595121273	0.10784468936302409	0.00591468
0.03055362987827715	0.09664020040169984	0.00436743
0.02905843674176637	0.09758987397455718	0.00469656
0.0	0.0	0
0.2	0.2	0
0.2	0.2	0
0.3888888888888889	0.3888888888888889	0
0.38076960076960076	0.6527272727272727	0.073961
0.32816565554432087	0.7126315789473684	0.147814
0.40836127592134275	0.7754528478057889	0.134756
0.1520578475311565	0.6264406857510305	0.225039
0.08174644798648398	0.39695004762943265	0.0993533
0.08436857305822444	0.2729577270734004	0.0355659
0.07206832174808754	0.2004597013279398	0.0164843
0.06750023255145568	0.1848959254809631	0.0137817
0.06265342602266129	0.175676581013648	0.0127742
0.0622426995749123	0.14912020344101107	0.0075477
0.060534924914646	0.1401751763207299	0.00634257
0.046538166938708256	0.0672491330737435	0.000428944
0.03751839485727561	0.05393036472674134	0.000269353
0.032426054959735794	0.04416661821404176	0.000137841
0.0310061828126402	0.04189758377569523	0.000118623
0.028554249387281478	0.03559729519977323	4.96045e-05
0.027444113268969866	0.03518975586363528	5.9995e-05
0.026386105254124492	0.03389306490270536	5.63544e-05
0.02605886958858043	0.032433121789009395	4.06311e-05
0.025175424054537154	0.03179460731331285	4.38136e-05
0.2	0.2	0
0.2	0.2	0
0.3888888888888889	0.3888888888888889	0
0.6727272727272727	0.6857142857142857	0.000168663
0.6792982456140351	0.755	0.00573076
0.3	0.3	0
0.5	0.5	0
0.5	0.5	0
0.9	0.9	0
0.7782539682539682	0.8115873015873015	0.00111111
0.7488311688311688	0.7187301587301587	0.000906071
0.6371428571428572	0.6122222222222222	0.000621038
0.49205397106595106	0.4968253968253967	2.27665e-05
0.46394781144781144	0.43183091418385533	0.0010315
0.36748052294907285	0.34514957264957263	0.000498671
0.30681132381862	0.33492615227909345	0.000790444
0.23987317725037527	0.3010575004630732	0.00374352
0.2616277182477337	0.2801278381788127	0.000342254
0.22551064187510517	0.24849184053112966	0.000528135
0.2026837996035173	0.23051852082946445	0.000774772
0.1309000102596398	0.19025051057963743	0.00352248
0.09351277138756228	0.15931387224463953	0.00432978
0.08090445241178647	0.1197588155328835	0.00150966
0.07324890570784856	0.12763694453102065	0.00295806
0.06917715597628918	0.11412214241205439	0.00202005
0.06450135506940927	0.11266135648464184	0.00231939
0.0591741510983191	0.10860594553558119	0.0024435
0.055980830545557456	0.10338173827482104	0.00224685
0.05542778602161984	0.09318127281600122	0.00142533
0.3	0.3	0
0.5	0.5	0
0.5	0.5	0
0.9	0.9	0
0.6105472013366751	0.8071428571428572	0.0386499
0.4114475777135624	0.6524369747899159	0.0580759
0.44530443756449956	0.5774603174603175	0.0174652
0.2157820282621922	0.3280955055609961	0.0126143
0.2006519934843931	0.268186853790353	0.00456096
0.1406528271770212	0.20810305341424123	0.00454953
0.1293899829865096	0.17646174896765782	0.00221575
0.10761409120485355	0.15111979171633927	0.00189275
0.11828834540947224	0.1440542263554393	0.000663881
0.10351528399450338	0.13827541175572833	0.00120827
0.09620996288700241	0.12110146536642448	0.000619587
0.06957374325020056	0.08835911388000195	0.00035289
0.06279139173315905	0.07769649718739847	0.000222162
0.060545281037931956	0.07336713702849186	0.0001644
0.05643204246971254	0.06523008473799238	7.74055e-05
0.05642675299593769	0.06542861803714664	8.10336e-05
0.0537790988571535	0.06448452111387241	0.000114606
0.05361745323317437	0.06230141118794813	7.54111e-05
0.0518586645261937	0.060830732283641734	8.0498e-05
0.05034630727032676	0.05883071306228434	7.19851e-05
0.3	0.3	0
0.5	0.5	0
0.5	0.5	0
0.9	0.9	0
0.8800000000000001	0.8895238095238096	9.07029e-05
0.7538095238095237	0.8400000000000001	0.0074288
0.2	0.2	0
0.4	0.4	0
0.58	0.58	0
0.715	0.7066666666666667	6.94444e-05
0.6254887218045113	0.6133333333333333	0.000147753
0.7512121212121212	0.7011327561327562	0.00250794
0.607025012025012	0.5562548562548563	0.00257761
0.5548812057507709	0.4710064935064935	0.00703497
0.45439128339507845	0.3729203043258771	0.00663752
0.35157362148830507	0.3112284816632642	0.00162773
0.33888633790421263	0.3088902812587023	0.000899763
0.3136231742767727	0.30021959402604564	0.000179656
0.27584611583373186	0.2731745468197373	7.13728e-06
0.2745202848684836	0.2355790778970211	0.00151642
0.230413089217748	0.22898027372787824	2.05296e-06
0.11721902840686967	0.1768664277546472	0.00355781
0.09928051357706566	0.16498895133453456	0.0043176
0.08933090090330202	0.14873347864729958	0.00352867
0.088222723044503	0.13356698961197833	0.0020561
0.08128703937796558	0.12113250407267731	0.00158766
0.0766296213578814	0.11440312415797008	0.00142684
0.07431563399546316	0.11289694549222433	0.00148852
0.07305597658803328	0.10928731872576825	0.00131271
0.07000547569642367	0.10213634198233863	0.00103239
0.2	0.2	0
0.4	0.4	0
0.6	0.6	0
0.7216666666666667	0.7216666666666667	0
0.525230179028133	0.6225332068311196	0.00946788
0.4413864093675408	0.6533237776716039	0.0449174
0.3773070579233929	0.4986656985487631	0.0147279
0.30117985623810795	0.33957499899787547	0.00147419
0.22253637741131777	0.2333185293154881	0.000116255
0.18193382751024154	0.20107766592281773	0.000366487
0.17935370217852878	0.19589217471645864	0.000273521
0.15035599306550657	0.1836298484888445	0.00110715
0.13193867506985618	0.16031401028338044	0.00080516
0.13220966470138878	0.16042890012858918	0.000796325
0.1270177730547196	0.14903606099518646	0.000484805
0.09391780609806732	0.11099574688871332	0.000291656
0.08105182178547253	0.09754544781490872	0.00027204
0.08006294342884665	0.09002325945217268	9.92079e-05
0.0763073130653303	0.08645700774143636	0.000103016
0.07334071815109787	0.08438198172427738	0.00012191
0.06946454365788211	0.08022766622438375	0.000115845
0.06891246478207018	0.07898709418447684	0.000101498
0.06791706436812875	0.0780479306773611	0.000102634
0.06680568314615494	0.07570986755870189	7.92845e-05
0.2	0.2	0
0.4	0.4	0
0.6	0.6	0
0.7216666666666667	0.735	0.000177778
0.6560457516339869	0.6883333333333332	0.00104249
0.695464303670186	0.814145299145299	0.0140852
0.2	0.2	0
0.16	0.16	0
0.45999999999999996	0.45999999999999996	0
0.8266666666666665	0.8266666666666665	0
0.7702380952380953	0.7116883116883118	0.00342808
0.7268253968253968	0.6797222222222222	0.00221871
0.6088235294117647	0.5555699855699856	0.00283594
0.47167042093277123	0.3959637576046245	0.0057315
0.37353121147078155	0.35251265240395674	0.00044178
0.3371158172060928	0.334258529028542	8.1641e-06
0.2746344011450393	0.26966066984545245	2.4738e-05
0.2446535625883286	0.25452154727589765	9.73771e-05
0.24820842507028376	0.2583111330368101	0.000102065
0.22207971437586407	0.24453943980815054	0.000504439
0.19784267859710672	0.23027111078073342	0.0010516
0.13742597642126037	0.19314142426366904	0.00310421
0.11764117803424105	0.15575367345358768	0.00145256
0.10620699512883425	0.1408990567030866	0.00120354
0.10179898338644369	0.137069276267427	0.00124399
0.09744204227982449	0.1273876712950801	0.000896741
0.09379570199497567	0.12439889272955296	0.000936555
0.09213169625251308	0.1109793952769749	0.000355236
0.08979098214392034	0.10867485816671299	0.000356601
0.08906927998601152	0.10699843262607145	0.000321455
0.2	0.2	0
0.18571428571428572	0.2	0.000204082
0.48571428571428577	0.48571428571428577	0
0.8496031746031747	0.8496031746031747	0
0.7013962013962014	0.7026083226083226	1.46924e-06
0.432762300019482	0.6910305250305251	0.0667025
0.3931493293707594	0.39531687675070026	4.69826e-06
0.2689742307552182	0.2821063372526494	0.000172452
0.20347461019057267	0.2120616658346262	7.37375e-05
0.18545213385628573	0.20318227914275216	0.000314358
0.17554946257255738	0.193159724753118	0.000310121
0.16849728456115348	0.18045321032517636	0.000142944
0.1521549693065103	0.1634820043126028	0.000128302
0.14417864695229865	0.15418476098331696	0.000100122
0.1360030349386684	0.15620148348635796	0.000407977
0.10889970618419416	0.12418384047715877	0.000233605
0.10039455642043879	0.11554716700440279	0.000229602
0.09665708874569998	0.10587837978303102	8.50322e-05
0.09148039014277871	0.10557202097468614	0.000198574
0.09212629462544408	0.09973943405613504	5.79599e-05
0.08821291966105668	0.09730578268467666	8.26802e-05
0.08757194233289309	0.09631304372230545	7.64069e-05
0.08618113858263747	0.09632112517739903	0.000102819
0.08587013244953859	0.09489031372168263	8.13637e-05
0.2	0.2	0
0.2	0.2	0
0.48571428571428577	0.48571428571428577	0
0.8496031746031747	0.8546031746031746	2.5e-05
0.7895238095238095	0.8035714285714286	0.000197336
0.7686796536796535	0.7987050630528891	0.000901525
0.2	0.2	0
0.5	0.48	0.0004
0.7457142857142858	0.74	3.26531e-05
0.6840476190476191	0.665	0.000362812
0.6297186147186146	0.5798412698412698	0.00248775
0.590370659841248	0.485585248085248	0.01098
0.5203907925579753	0.5473537491919844	0.000727001
0.3917171735269051	0.3434320017214754	0.00233146
0.3569651533766375	0.3286694053073363	0.000800649
0.3493540624929714	0.289015923362954	0.00364069
0.30430171030251824	0.29219808046299944	0.000146498
0.2913831479576864	0.2881529245991213	1.04343e-05
0.24956996640581108	0.2759322830234231	0.000694972
0.21090234681552317	0.24053354423282344	0.000878008
0.22933972149860277	0.2335372066970117	1.76189e-05
0.16039781465539865	0.19416242377084125	0.00114005
0.14224055775618138	0.18193379285678066	0.00157555
0.12683546973549553	0.16574492985119677	0.00151395
0.11944120767115654	0.13893295207426543	0.000379928
0.11766444365904996	0.1387711086021546	0.000445491
0.11250586904364815	0.13238483698965806	0.000395173
0.10904954808883052	0.13333887282384732	0.000589971
0.10941411685524596	0.12914616826757463	0.000389354
0.10733007875995529	0.12570643152448563	0.00033769
0.2	0.2	0
0.5	0.48	0.0004
0.7407142857142858	0.7207142857142858	0.0004
0.6783333333333333	0.6916666666666667	0.000177778
0.6065299863535157	0.607789726613256	1.58695e-06
0.4278505316319651	0.4288278962192006	9.55242e-07
0.3705687310911769	0.3731093782592573	6.45489e-06
0.2597040471613634	0.2851377450975975	0.000646873
0.24689126257476673	0.25365952749727916	4.58094e-05
0.223730625012342	0.22222694301740828	2.26106e-06
0.20099009523943442	0.22300495690905325	0.000484654
0.2017015672014594	0.21554472417830225	0.000191633
0.18326240838006919	0.1958044806915274	0.000157304
0.17394684459029933	0.1856569803263863	0.000137127
0.17658742572168445	0.1853292873728012	7.64201e-05
0.1362980086114669	0.14789685730211982	0.000134533
0.125685477836372	0.13815900191813935	0.000155589
0.11677450736257237	0.13051007518130228	0.000188666
0.11314762422140456	0.12526601244756236	0.000146855
0.11116403114383307	0.12295160274261652	0.000138947
0.11045714762737913	0.12047893211421483	0.000100436
0.10907799819730694	0.11952208369874509	0.000109079
0.10813297908697442	0.11780867237225312	9.3619e-05
0.10589375264837783	0.11607301356291513	0.000103617
0.2	0.2	0
0.5	0.5	0
0.755	0.76	2.5e-05
0.7466233766233765	0.7747186147186147	0.000789342
0.7304991740285858	0.7764468864468865	0.00211119
0.6934035409035408	0.7219165279165279	0.00081299
0.7	0.7	0
0.8066666666666666	0.8066666666666666	0
0.8263170163170163	0.8004761904761905	0.000667748
0.7196287046287047	0.6355844155844157	0.00706344
0.6107892850856238	0.5722669865394324	0.00148397
0.5261977706309688	0.4829885319359004	0.00186704
0.4860314211832889	0.470585634156582	0.000238572
0.4490042711418769	0.4157841042429732	0.00110358
0.3740292081345629	0.39090176237863933	0.000284683
0.3495505100048595	0.3609855296978889	0.00013076
0.3302137536908642	0.3480608257254246	0.000318518
0.31331511356694763	0.3241369449944605	0.000117112
0.3190868500299263	0.3206881605738985	2.5642e-06
0.29289395080662683	0.31735603923315103	0.000598394
0.2882144603948062	0.3057544387546277	0.000307651
0.23108152052355213	0.24325246234912123	0.000148132
0.2131432717806072	0.22795930949335808	0.000219515
0.20687972907754357	0.21433761357080933	5.562e-05
0.19861905185269596	0.20509427612232947	4.19285e-05
0.2010043749211461	0.2071445526849826	3.77018e-05
0.19223002622754495	0.20095234997769285	7.60789e-05
0.19086724747319678	0.1991357509225641	6.83681e-05
0.18927226652505874	0.19695975174131194	5.90974e-05
0.18855804161981823	0.1950150652463653	4.16932e-05
0.7	0.7	0
0.8800000000000001	0.8800000000000001	0
0.8765262515262515	0.8567460317460318	0.000391257
0.6976451489686785	0.6883080808080808	8.71808e-05
0.5498238786634488	0.5421803581354696	5.84234e-05
0.4780994443225052	0.4815715719719213	1.20557e-05
0.41719065726570587	0.4222512134233698	2.56092e-05
0.3636960936764311	0.37573818464465425	0.000145012
0.3197192123907963	0.3346544743354926	0.000223062
0.307941362643231	0.3185954143652986	0.000113509
0.2934402269842295	0.30730037382760106	0.000192104
0.28171033116909444	0.3017099269923428	0.000399984
0.2816143669579689	0.28941289083532684	6.0817e-05
0.27236981235516916	0.27931871445749124	4.82872e-05
0.26589690442427216	0.2747672565574558	7.86831e-05
0.22110954497955015	0.2289263205203979	6.1102e-05
0.20577515215647146	0.21387244641807213	6.55662e-05
0.19987252511824136	0.20723516933411318	5.42085e-05
0.19598625796607522	0.2016105631460589	3.16328e-05
0.1945672554940606	0.200357869189697	3.35312e-05
0.19131528592053096	0.19766169407564296	4.02769e-05
0.18999930784756486	0.1944404554809277	1.97238e-05
0.18767893725845458	0.19316450067722118	3.00914e-05
0.18628203683411518	0.19187939870577397	3.13305e-05
0.7	0.7	0
0.8857142857142858	0.8857142857142858	0
0.8848595848595849	0.9015262515262515	0.000277778
0.832542735042735	0.832542735042735	0
0.6921974066158411	0.7046486608704104	0.000155034
0.598343206541704	0.6180634901074638	0.00038889
0.8800000000000001	0.8800000000000001	0
0.8775324675324676	0.8646031746031747	0.000167167
0.7727838827838828	0.7272510822510823	0.00207324
0.7450147221199852	0.6743387314439946	0.0049951
0.610336758094601	0.5897720263687641	0.000422908
0.5756383761749009	0.554460802543767	0.00044849
0.5437102870656237	0.5380045610169308	3.25553e-05
0.49326161816801334	0.4968311318335286	1.27414e-05
0.4485340218654371	0.4404059602154041	6.60654e-05
0.42573644654153064	0.42834498892458106	6.80449e-06
0.4125400767304736	0.4117836714579551	5.72149e-07
0.3949831361599343	0.3961850507767348	1.4446e-06
0.3894482387203989	0.391573640724122	4.51733e-06
0.38152121620682367	0.3848709513835939	1.12207e-05
0.37350605178701807	0.3773011181850047	1.44025e-05
0.3532525049187364	0.357694576010308	1.9732e-05
0.34783433281080967	0.3496847780225045	3.42415e-06
0.3419288162064279	0.34497449122295654	9.27614e-06
0.33715656060311405	0.33970903054836565	6.5151e-06
0.33611129820717245	0.3375567114938169	2.08922e-06
0.33398021697749114	0.33532307100340275	1.80326e-06
0.33399664604991053	0.3346197506336586	3.88259e-07
0.33393193901422596	0.33424530020321896	9.81952e-08
0.3337561978500783	0.334160771986277	1.6368e-07
0.9	0.9	0
0.9240800865800866	0.9176698301698302	4.10914e-05
0.7882747154805978	0.8016080488139311	0.000177778
0.7417469339574603	0.749226024193766	5.59368e-05
0.6206896149390594	0.6164104019296929	1.83117e-05
0.5663101672157069	0.5684632985765452	4.63597e-06
0.527170454621692	0.5289325527681596	3.10499e-06
0.48340035485306937	0.48742318422503966	1.61832e-05
0.43752290051013515	0.44527443729562677	6.00863e-05
0.42159625746667084	0.4292117689660425	5.7996e-05
0.40609288294765455	0.40713599140218937	1.08808e-06
0.3848021844908698	0.3940870471018795	8.62087e-05
0.3840211793471734	0.38767698576466253	1.33649e-05
0.3810369986929659	0.38374637689482244	7.34073e-06
0.36985722642286645	0.3756758635920111	3.38565e-05
0.3515731613536752	0.35554562927606825	1.57805e-05
0.34757975175226885	0.3486712548230204	1.19138e-06
0.3409955082168727	0.3431266241962603	4.54166e-06
0.3360266242389152	0.3380666801041765	4.16183e-06
0.33485302217606994	0.3366807518589883	3.3406e-06
0.33315221532168615	0.33459649133004377	2.08593e-06
0.33267279537072203	0.3336992220043254	1.05355e-06
0.3332639127584646	0.33376910555911066	2.5522e-07
0.333236080009176	0.33370467485298316	2.19581e-07
0.9	0.9	0
0.9331709956709957	0.9331709956709957	0
0.866240440845704	0.8788778034830667	0.000159703
0.801849444672974	0.8105930344165637	7.64504e-05
0.6790541415715831	0.6773761040065388	2.81581e-06
0.6342261421617149	0.6400601539982083	3.40357e-05
0.902857142857143	0.9171428571428573	0.000204082
0.8331709956709957	0.7824245199245199	0.0025752
0.7984210526315789	0.7625621746674378	0.00128586
0.73578284229103	0.706674421365866	0.0008473
0.6792374357429682	0.6672415001059191	0.000143902
0.6165449834421421	0.6167141086467401	2.86033e-08
0.5934270579415509	0.5937138270630149	8.22365e-08
0.5612675181768129	0.5613016681924725	1.16622e-09
0.5444191359624828	0.5393602982622172	2.55918e-05
0.5321985425561672	0.5319098965483857	8.33165e-08
0.5203847976256808	0.522826126393227	5.96009e-06
0.5048718083972581	0.5107169090611215	3.41652e-05
0.500560642296401	0.5044549652859727	1.51658e-05
0.49619846834298204	0.5011353795895841	2.43731e-05
0.49180453425341025	0.4951479706414528	1.11786e-05
0.47121348463004364	0.47233167055277336	1.25034e-06
0.46459654275476064	0.4654815720387099	7.83277e-07
0.46194637002369604	0.462535396734721	3.46952e-07
0.46096180204476217	0.46162483954015876	4.39619e-07
0.46061620502957146	0.46080910336693365	3.72098e-08
0.46011725039763024	0.46022528641354643	1.16718e-08
0.4604511409882104	0.4604890353699099	1.43598e-09
0.46048702102939887	0.46039406955708645	8.63998e-09
0.46022128255638045	0.4602791003061518	3.34289e-09
0.9638888888888889	0.9638888888888889	0
0.8974004753416519	0.885843160107866	0.000133572
0.8199738351375692	0.8111390368504381	7.80537e-05
0.752664717712931	0.761290824505773	7.44097e-05
0.6682992494219195	0.6598404071122679	7.1552e-05
0.6268189171281189	0.624683535191733	4.55986e-06
0.5835122128243043	0.5952245882010501	0.00013718
0.5436873416732126	0.551209765304456	5.65869e-05
0.5322865674788267	0.5424257780868114	0.000102804
0.5212127757914876	0.522694153422728	2.19448e-06
0.512264202610744	0.5172725560414263	2.50836e-05
0.4995737124059085	0.5098578991552517	0.000105764
0.5001831638988021	0.503963092568531	1.42879e-05
0.4950436174625873	0.5008416621449167	3.36173e-05
0.49181026407251105	0.4940054527168879	4.81885e-06
0.47011589666059983	0.472333210457384	4.91648e-06
0.4636819740683847	0.4653568468160236	2.8052e-06
0.46135807862370537	0.46223431949472904	7.67798e-07
0.4607149757871219	0.46130225331581515	3.44895e-07
0.46009799704315213	0.4603999835318205	9.11958e-08
0.4596922851453873	0.45999583929837085	9.21451e-08
0.4600181277413986	0.46009413273371774	5.77676e-09
0.4601783614861007	0.46024267156285886	4.13579e-09
0.4599769106704071	0.46001547849468266	1.48748e-09
0.9688888888888888	0.9688888888888888	0
0.9319808949220715	0.9319808949220715	0
0.8706553521484872	0.8706553521484872	0
0.8175800570227194	0.8198323092749717	5.07264e-06
0.7348367509642036	0.7381597462465423	1.10423e-05
0.6768857292686248	0.6792400004504554	5.54259e-06
0.9396381396381395	0.9287290487290486	0.000119008
0.907108165713429	0.9016315329550626	2.99935e-05
0.8787201390062995	0.8756063944773622	9.6954e-06
0.8379054311624363	0.8216543537613383	0.000264098
0.7624759130310115	0.7628008125173148	1.0556e-07
0.73509856796416	0.7366736414748507	2.48086e-06
0.7095900461588875	0.7082320504374616	1.84415e-06
0.6844626565833508	0.6864021798395399	3.76175e-06
0.6746732634491033	0.6746580662684509	2.30954e-10
0.6665500512335772	0.6675496647287582	9.99227e-07
0.6632352012994834	0.6643634586207888	1.27296e-06
0.6575272001696414	0.6581975479882529	4.49366e-07
0.6578114077796073	0.6575349800137957	7.64123e-08
0.6606123859623525	0.6601157150914397	2.46682e-07
0.6606966823890645	0.6610133362216036	1.0027e-07
0.662765753920333	0.6629457500834273	3.23986e-08
0.6642537011241314	0.6642304770368889	5.39358e-10
0.664841487773494	0.6647272153054132	1.30582e-08
0.6657849052385222	0.6657154217648691	4.82795e-09
0.6657740813869722	0.6657506052162727	5.51131e-10
0.6669022384103173	0.6668759063407118	6.93378e-10
0.6666918681288878	0.6666914586219723	1.67696e-13
0.6663190975078206	0.6663224212460784	1.10472e-11
0.6667993913287278	0.6667698542920718	8.72437e-10
0.9832167832167833	0.9832167832167833	0
0.9246818870507028	0.9236673087359216	1.02937e-06
0.9028001882365155	0.8933806637575683	8.87274e-05
0.8558504637819306	0.8509655192432717	2.38627e-05
0.7669113216539565	0.7667052051348063	4.2484e-08
0.7309132279400805	0.7328974741280894	3.93723e-06
0.7076275848705107	0.7044189016400458	1.02956e-05
0.68410651750154	0.6865039855673046	5.74785e-06
0.6707080852184418	0.6725742025394266	3.48239e-06
0.664479668536522	0.6665625995512686	4.3386e-06
0.6623812505304894	0.6631334414724435	5.65791e-07
0.657338366699808	0.6575859282133697	6.12867e-08
0.6581601923892303	0.6583804921043147	4.8532e-08
0.6598668233854024	0.6600394182380882	2.9789e-08
0.6601019995458047	0.6603313606228898	5.26065e-08
0.6625127407936267	0.6625859735979585	5.36304e-09
0.66400878104069	0.66400878104069	0
0.6647318878941482	0.6647318878941482	0
0.6655540507387505	0.6655540507387505	0
0.6656128849649404	0.6656128849649404	0
0.6666902478797295	0.6666902478797295	0
0.6666416147464154	0.6666416147464154	0
0.6662907016292939	0.6662907016292939	0
0.6667369556678173	0.6667369556678173	0
0.9832167832167833	0.9832167832167833	0
0.9412686350568882	0.9412686350568882	0
0.9079261386256239	0.9079261386256239	0
0.8777796516258555	0.8777796516258555	0
0.7994768686451095	0.8008348861816966	1.84421e-06
0.7572043807310277	0.7585276402918095	1.75102e-06
