0.0	0.13234146617789985	0.0175143
0.1	0.181286940927102	0.00660757
0.1	0.1765055940061896	0.00585311
0.1	0.1534705731919437	0.0028591
0.1	0.1323725578896215	0.00104798
0.5	0.18629132483959238	0.0984131
0.2942857142857143	0.16265795288453394	0.0173259
0.27362859362859365	0.14913786161898074	0.0154979
0.2750443181123541	0.14821111734327158	0.0160867
0.25483839689722043	0.1402829046400023	0.013123
0.2053286192525791	0.13138302776801913	0.00546795
0.13144610418790967	0.12602228943763116	2.94178e-05
0.1040642388067287	0.1242346609718598	0.000406846
0.0778599891109952	0.12248873066143366	0.00199172
0.08281345108687714	0.12192853521377904	0.00152999
0.03851560694411943	0.11502893254723401	0.00585429
0.03395979561288581	0.11273551761892493	0.00620561
0.026378181834867242	0.10981199351248536	0.0069612
0.02297416019484818	0.1087623479745519	0.00735961
0.019056793079013323	0.1069768098819146	0.00772993
0.018075696155157164	0.1062696180230887	0.00777817
0.016803482205027816	0.1054107794711695	0.00785125
0.01520193007798975	0.10494486424761962	0.00805379
0.014876111690418798	0.10452893951753958	0.00803763
0.0	0.14386528488678965	0.0206972
0.1	0.1869677664130054	0.00756339
0.1	0.1798297007992783	0.00637278
0.1	0.16075431337135676	0.00369109
0.1	0.13530478643034322	0.00124643
0.11011744686530314	0.14772045635332293	0.00141399
0.12342006033182504	0.15663467468871992	0.00110321
0.035456828101089355	0.12605152085015112	0.0082074
0.033358134319113844	0.12372590860699655	0.00816633
0.026960146692301946	0.11841759651902836	0.00836447
0.02637573367413042	0.11758267083435289	0.00831871
0.024228346620334358	0.11518819530188593	0.00827369
0.020753361321062928	0.11292733043978406	0.00849604
0.02094559789141769	0.1128201391389635	0.00844093
0.021054103336316833	0.11201979370729938	0.00827476
0.02251789405463296	0.11060806253089413	0.00775988
0.0240161656013849	0.11084091543982022	0.00753854
0.02029060112717044	0.10819641198995586	0.00772743
0.018285449297816662	0.10725367545877676	0.00791535
0.016820586714787714	0.10644118092720038	0.00803185
0.015667920748644152	0.10568736688427197	0.0081035
0.01494159999160572	0.10501464486645748	0.00811315
0.014397353336974344	0.1045552547476037	0.00812845
0.013334153250854085	0.10413697950956069	0.00824515
0.0	0.14453643951176795	0.0208908
0.1	0.1922469950997222	0.00850951
0.1	0.18559148377207166	0.0073259
0.1	0.1679911785346982	0.0046228
0.1	0.14517020120202867	0.00204035
0.5	0.190653989263969	0.095695
0.0	0.1298521673396573	0.0168616
0.2	0.23726014340453228	0.00138832
0.2	0.21924794874541798	0.000370484
0.36666666666666664	0.2493486749558076	0.0137635
0.6466666666666667	0.261824498072818	0.148103
0.7321428571428571	0.23680706762952974	0.245358
0.7578571428571428	0.22966366380583367	0.278988
0.5428710178710178	0.2115865874921409	0.109749
0.48190333476047764	0.18911941075626304	0.0857224
0.3951899039185567	0.19246794894269292	0.0410962
0.28125477363978507	0.17614983196255452	0.011047
0.25547268010154245	0.17102369269448342	0.00713163
0.24163734281211205	0.1657744303785642	0.00575518
0.1990048466926789	0.16176933389296674	0.00138648
0.20382040576204846	0.15906271695354054	0.00200325
0.10077800714441136	0.1400082047909889	0.00153901
0.06966865135193259	0.12991824779135502	0.00363001
0.05505765221092594	0.12430432929299909	0.0047951
0.041717118568220336	0.12046807470538294	0.00620171
0.037970296123135	0.1187107196765814	0.00651902
0.03335454204468099	0.11714720204785008	0.00702121
0.030937708595121273	0.115932609938814	0.00722413
0.03055362987827715	0.11552072440315964	0.00721941
0.02905843674176637	0.11468659186539454	0.00733218
0.0	0.13147583181441216	0.0172859
0.2	0.24731745127792676	0.00223894
0.2	0.2264865564470017	0.000701538
0.3888888888888889	0.27723883117633263	0.0124657
0.38076960076960076	0.24559263829225975	0.0182728
0.32816565554432087	0.2215899871477577	0.0113584
0.40836127592134275	0.23597681664100878	0.0297164
0.1520578475311565	0.1812512414886613	0.000852254
0.08174644798648398	0.15112536947153082	0.00481343
0.08436857305822444	0.15114116166711716	0.00445858
0.07206832174808754	0.14362525791624536	0.0051204
0.06750023255145568	0.1421247364055857	0.00556882
0.06265342602266129	0.138954620647584	0.00582187
0.0622426995749123	0.13702589908274374	0.00559253
0.060534924914646	0.1354643978267536	0.00561443
0.046538166938708256	0.1268560160968657	0.00645096
0.03751839485727561	0.12144802827076813	0.00704418
0.032426054959735794	0.11862563617593362	0.00743037
0.0310061828126402	0.11745716408492313	0.00747377
0.028554249387281478	0.11612223647015352	0.00766815
0.027444113268969866	0.11523431229934282	0.00770712
0.026386105254124492	0.11478099463638389	0.00781366
0.02605886958858043	0.11421524528108562	0.00777155
0.025175424054537154	0.11371982466860794	0.00784011
0.0	0.1379980322269513	0.0190435
0.2	0.2509907212534018	0.00260005
0.2	0.23219440107652586	0.00103648
0.3888888888888889	0.28095171711366895	0.0116504
0.6727272727272727	0.2840145850875778	0.151098
0.6792982456140351	0.24829537208346036	0.185763
0.3	0.33406549519925866	0.00116046
0.5	0.39808532067288893	0.0103866
0.5	0.3585291870997869	0.020014
0.9	0.4459892337126461	0.206126
0.7782539682539682	0.32497549355672406	0.205461
0.7488311688311688	0.2910708725336234	0.209544
0.6371428571428572	0.2834532346867512	0.125096
0.49205397106595106	0.2556970940339288	0.0558646
0.46394781144781144	0.23062919955496883	0.0544376
0.36748052294907285	0.2083184309628144	0.0253326
0.30681132381862	0.21363428378957647	0.00868196
0.23987317725037527	0.19626498326620384	0.00190167
0.2616277182477337	0.1997172768082172	0.0038329
0.22551064187510517	0.19668063900927332	0.000831169
0.2026837996035173	0.18726671278416837	0.000237687
0.1309000102596398	0.16052812853707898	0.000877825
0.09351277138756228	0.15067347904587192	0.00326735
0.08090445241178647	0.14612133497419472	0.00425324
0.07324890570784856	0.14127718201178183	0.00462785
0.06917715597628918	0.1389752396394382	0.00487177
0.06450135506940927	0.13752639523718774	0.00533266
0.0591741510983191	0.13584006705807752	0.00587766
0.055980830545557456	0.13485879170214532	0.00622173
0.05542778602161984	0.13439826590719622	0.00623634
0.3	0.34295749585915647	0.00184535
0.5	0.40574790365240176	0.00888346
0.5	0.360557118011294	0.0194443
0.9	0.4464307266042681	0.205725
0.6105472013366751	0.3402498233492294	0.0730607
0.4114475777135624	0.2855963533633398	0.0158385
0.44530443756449956	0.2727323176281806	0.0297811
0.2157820282621922	0.2223335092455081	4.29219e-05
0.2006519934843931	0.21756844932330677	0.000286166
0.1406528271770212	0.18900599900809076	0.00233803
0.1293899829865096	0.18247409333605508	0.00281792
0.10761409120485355	0.1705959566062307	0.00396672
0.11828834540947224	0.1766998556421135	0.0034119
0.10351528399450338	0.16828600504267233	0.00419525
0.09620996288700241	0.1640008723234494	0.00459561
0.06957374325020056	0.14733846257381644	0.00604735
0.06279139173315905	0.14161460381009128	0.0062131
0.060545281037931956	0.13981866849779626	0.00628427
0.05643204246971254	0.1366571608147968	0.00643607
0.05642675299593769	0.13676320441381545	0.00645395
0.0537790988571535	0.13545191272201898	0.00667045
0.05361745323317437	0.1350396101683659	0.00662957
0.0518586645261937	0.13392162840034824	0.00673433
0.05034630727032676	0.1331597159812649	0.00685806
0.3	0.34451011902284645	0.00198115
0.5	0.40758886303028363	0.00853982
0.5	0.3651589535696671	0.0181821
0.9	0.44817164740898796	0.204149
0.8800000000000001	0.37836826165215887	0.251634
0.7538095238095237	0.3421140253991185	0.169493
0.2	0.2714433198029764	0.00510415
0.4	0.37252007438236207	0.000755146
0.58	0.40842803704792274	0.0294369
0.715	0.4643291957590465	0.0628359
0.6254887218045113	0.33551179015747035	0.0840866
0.7512121212121212	0.3212412467317354	0.184875
0.607025012025012	0.33467313691359996	0.0741755
0.5548812057507709	0.2984515614782636	0.0657562
0.45439128339507845	0.2863579046977401	0.0282352
0.35157362148830507	0.2536823053839926	0.00958271
0.33888633790421263	0.2517507054407543	0.00759262
0.3136231742767727	0.23419907145460214	0.00630819
0.27584611583373186	0.2242847757460094	0.00265857
0.2745202848684836	0.22292184998602424	0.0026624
0.230413089217748	0.21604381581367377	0.000206476
0.11721902840686967	0.17264284520053202	0.0030718
0.09928051357706566	0.16208923856758947	0.00394494
0.08933090090330202	0.15822858177982907	0.00474689
0.088222723044503	0.1555997205609122	0.00453966
0.08128703937796558	0.15259834429684135	0.0050853
0.0766296213578814	0.15043333136879472	0.00544699
0.07431563399546316	0.14958316780187367	0.0056652
0.07305597658803328	0.14867924738634594	0.00571888
0.07000547569642367	0.1470678098898896	0.0059386
0.2	0.2803716668393291	0.0064596
0.4	0.37708873210734484	0.000524926
0.6	0.4304629304850153	0.0287428
0.7216666666666667	0.48780931713185216	0.0546893
0.525230179028133	0.35745001833711687	0.0281502
0.4413864093675408	0.32326235438238987	0.0139533
0.3773070579233929	0.31678255377948095	0.00366322
0.30117985623810795	0.2830256090633584	0.000329577
0.22253637741131777	0.24608854388470114	0.000554705
0.18193382751024154	0.22188227080477252	0.00159588
0.17935370217852878	0.21853147550964044	0.0015349
0.15035599306550657	0.20307476008662526	0.00277927
0.13193867506985618	0.19154419688690089	0.00355282
0.13220966470138878	0.19105372586777505	0.00346262
0.1270177730547196	0.18752173543447573	0.00366073
0.09391780609806732	0.16497371911637299	0.00504894
0.08105182178547253	0.1570636366621618	0.0057778
0.08006294342884665	0.15580589100785597	0.00573699
0.0763073130653303	0.15300701971730685	0.00588285
0.07334071815109787	0.15064972592303158	0.00597668
0.06946454365788211	0.14870447054965552	0.00627897
0.06891246478207018	0.1481218812768322	0.00627413
0.06791706436812875	0.1475424486020148	0.0063402
0.06680568314615494	0.14619188261925775	0.00630217
0.2	0.2803716668393291	0.0064596
0.4	0.3779322708589332	0.000486985
0.6	0.4320325969476884	0.028213
0.7216666666666667	0.4894583039708391	0.0539207
0.6560457516339869	0.3816083893712142	0.0753159
0.695464303670186	0.3691027767999809	0.106512
0.2	0.2794963307803615	0.00631967
0.16	0.23777016596002082	0.0060482
0.45999999999999996	0.35609323634507967	0.0107966
0.8266666666666665	0.48074712546272413	0.11966
0.7702380952380953	0.3909455340581963	0.143863
0.7268253968253968	0.3503174534240605	0.141758
0.6088235294117647	0.3295143302642687	0.0780136
0.47167042093277123	0.2811336639664058	0.0363043
0.37353121147078155	0.25856188786765627	0.0132179
0.3371158172060928	0.2411374498906346	0.00921185
0.2746344011450393	0.24195048588547344	0.00106824
0.2446535625883286	0.2396173971784013	2.5363e-05
0.24820842507028376	0.2374259493841922	0.000116262
0.22207971437586407	0.22652735658116868	1.97815e-05
0.19784267859710672	0.21952560430288579	0.000470149
0.13742597642126037	0.18759667921786455	0.0025171
0.11764117803424105	0.17833359510203597	0.00368357
0.10620699512883425	0.17303090442926267	0.00446543
0.10179898338644369	0.170092522603599	0.00466401
0.09744204227982449	0.16795423387167546	0.00497197
0.09379570199497567	0.16610553559249	0.00522871
0.09213169625251308	0.16495567668690234	0.00530333
0.08979098214392034	0.1640503812037412	0.00551446
0.08906927998601152	0.16400812915586196	0.00561583
0.2	0.2880580183206997	0.00775421
0.18571428571428572	0.2654605095288785	0.00635946
0.48571428571428577	0.38505528410424467	0.0101322
0.8496031746031747	0.5172440082627872	0.110463
0.7013962013962014	0.3875462603724916	0.0985018
0.432762300019482	0.32587315296331376	0.0114253
0.3931493293707594	0.32601768645569174	0.00450666
0.2689742307552182	0.2711495273698017	4.73192e-06
0.20347461019057267	0.23561741725271848	0.00103316
0.18545213385628573	0.22690545090521574	0.00171838
0.17554946257255738	0.22214785150923225	0.00217141
0.16849728456115348	0.21833571517113545	0.00248387
0.1521549693065103	0.20807778270281824	0.00312736
0.14417864695229865	0.20316747631662743	0.00347968
0.1360030349386684	0.19733047890714703	0.00376106
0.10889970618419416	0.17817349642827268	0.00479886
0.10039455642043879	0.17251299259694863	0.00520107
0.09665708874569998	0.16991466660419946	0.00536667
0.09148039014277871	0.16643825410986843	0.00561868
0.09212629462544408	0.16647576288493013	0.00552784
0.08821291966105668	0.16400678628946147	0.00574471
0.08757194233289309	0.16362236402192026	0.00578367
0.08618113858263747	0.16305882229192536	0.00591018
0.08587013244953859	0.16325392209855544	0.00598825
0.2	0.28841504308826926	0.00781722
0.2	0.2846565128883916	0.00716673
0.48571428571428577	0.39156038596044923	0.00886496
0.8496031746031747	0.5181210606586601	0.10988
0.7895238095238095	0.41124963850577034	0.143091
0.7686796536796535	0.37624280429458173	0.154007
0.2	0.26441367300802854	0.00414912
0.5	0.41939779460486076	0.00649672
0.7457142857142858	0.5102923657169848	0.0554235
0.6840476190476191	0.48662434468294957	0.0389759
0.6297186147186146	0.39475259258982676	0.055209
0.590370659841248	0.35674345447020545	0.0545817
0.5203907925579753	0.3458167771023503	0.0304761
0.3917171735269051	0.30856094452616445	0.00691496
0.3569651533766375	0.30104369428867883	0.00312721
0.3493540624929714	0.27676579758842834	0.00526906
0.30430171030251824	0.26370333507128296	0.00164823
0.2913831479576864	0.25703712477644347	0.00117965
0.24956996640581108	0.2509943219365519	2.02879e-06
0.21090234681552317	0.23422487686856047	0.00054394
0.22933972149860277	0.2382712839249473	7.97728e-05
0.16039781465539865	0.20513361701323457	0.00200129
0.14224055775618138	0.19526438006074034	0.00281153
0.12683546973549553	0.18725815909939977	0.0036509
0.11944120767115654	0.1836922503511703	0.0041282
0.11766444365904996	0.18325904520975875	0.00430265
0.11250586904364815	0.18064296990582063	0.00464266
0.10904954808883052	0.1790981033395514	0.0049068
0.10941411685524596	0.17929814967295535	0.00488378
0.10733007875995529	0.17834535579694286	0.00504317
0.2	0.2685596821618676	0.00470043
0.5	0.42536172938630906	0.00557087
0.7407142857142858	0.5101260603221598	0.0531709
0.6783333333333333	0.5122371956249009	0.0275879
0.6065299863535157	0.46574898799378744	0.0198193
0.4278505316319651	0.36723217822333387	0.00367458
0.3705687310911769	0.33413959966400614	0.00132708
0.2597040471613634	0.27994849093018004	0.000409838
0.24689126257476673	0.2716073395395252	0.000610884
0.223730625012342	0.2575556103789887	0.00114413
0.20099009523943442	0.24477336518714526	0.00191697
0.2017015672014594	0.2448161014247127	0.00185886
0.18326240838006919	0.23267387848478394	0.00244149
0.17394684459029933	0.22562733515131056	0.00267087
0.17658742572168445	0.22681494973532873	0.0025228
0.1362980086114669	0.19937267888975047	0.00397841
0.125685477836372	0.1916657744153918	0.0043534
0.11677450736257237	0.1842511540793514	0.0045531
0.11314762422140456	0.18214585518735657	0.00476076
0.11116403114383307	0.18124955007969307	0.00491198
0.11045714762737913	0.18030587570495574	0.00487884
0.10907799819730694	0.17936664793146334	0.00494049
0.10813297908697442	0.17891532754945053	0.00501014
0.10589375264837783	0.17786830780433052	0.00518034
0.2	0.27050143405713767	0.00497045
0.5	0.4266822951493281	0.00537549
0.755	0.521409794605763	0.0545644
0.7466233766233765	0.5429775240523803	0.0414716
0.7304991740285858	0.4983350382134681	0.0539002
0.6934035409035408	0.4470060324675068	0.0607117
0.7	0.5955538733098787	0.010909
0.8066666666666666	0.6120807886567557	0.0378637
0.8263170163170163	0.6224784006909584	0.0415502
0.7196287046287047	0.5600786733623958	0.0254562
0.6107892850856238	0.4956790534127024	0.0132504
0.5261977706309688	0.4638801110270271	0.00388349
0.4860314211832889	0.431573330447412	0.00296568
0.4490042711418769	0.411721942610482	0.00138997
0.3740292081345629	0.3715317852131017	6.23712e-06
0.3495505100048595	0.35129358963770685	3.03833e-06
0.3302137536908642	0.3422313161336426	0.000144422
0.31331511356694763	0.3331858096909442	0.000394845
0.3190868500299263	0.3300777429982874	0.0001208
0.29289395080662683	0.31766608416028363	0.000613659
0.2882144603948062	0.31297920764417014	0.000613293
0.23108152052355213	0.27248070775608857	0.00171389
0.2131432717806072	0.2626828600107303	0.00245417
0.20687972907754357	0.2575867804956049	0.00257121
0.19861905185269596	0.2529669951336059	0.0029537
0.2010043749211461	0.2536136252008067	0.00276773
0.19223002622754495	0.25049764247381573	0.00339512
0.19086724747319678	0.24938027924371778	0.00342377
0.18927226652505874	0.2480375216046958	0.00345336
0.18855804161981823	0.247449880953104	0.00346825
0.7	0.5979426713535944	0.0104157
0.8800000000000001	0.6856909682319721	0.037756
0.8765262515262515	0.6777088549585955	0.0395284
0.6976451489686785	0.6120521202268575	0.00732617
0.5498238786634488	0.5182397717912642	0.000997556
0.4780994443225052	0.46821468730381	9.77084e-05
0.41719065726570587	0.42635163237545326	8.39235e-05
0.3636960936764311	0.38025640684043055	0.000274244
0.3197192123907963	0.34918705234399167	0.000868354
0.307941362643231	0.33970414384841396	0.00100887
0.2934402269842295	0.3277959831550602	0.00118032
0.28171033116909444	0.31820346915769027	0.00133175
0.2816143669579689	0.31722890666270087	0.0012684
0.27236981235516916	0.3109173840630068	0.00148592
0.26589690442427216	0.3057227781459945	0.0015861
0.22110954497955015	0.2697237614239219	0.00236334
0.20577515215647146	0.2597714259350734	0.0029156
0.19987252511824136	0.25556922913724256	0.00310212
0.19598625796607522	0.25207551555812924	0.003146
0.1945672554940606	0.25158915798994747	0.0032515
0.19131528592053096	0.2500603486825109	0.00345098
0.18999930784756486	0.2489849128582046	0.0034793
0.18767893725845458	0.24751124114246173	0.0035799
0.18628203683411518	0.24690447451455344	0.00367508
0.7	0.5979426713535944	0.0104157
0.8857142857142858	0.6887478136247276	0.0387958
0.8848595848595849	0.6833486675460789	0.0406066
0.832542735042735	0.6832832350035676	0.0222784
0.6921974066158411	0.5836623159365637	0.0117799
0.598343206541704	0.5379627872201106	0.0036458
0.8800000000000001	0.7727119663352198	0.0115107
0.8775324675324676	0.7389457229925771	0.0192063
0.7727838827838828	0.6624160719502153	0.0121811
0.7450147221199852	0.646315050653385	0.00974163
0.610336758094601	0.5712536571851405	0.00152749
0.5756383761749009	0.5496899509391109	0.000673321
0.5437102870656237	0.5230148106207768	0.000428303
0.49326161816801334	0.4910207193026842	5.02163e-06
0.4485340218654371	0.45668942708603383	6.65106e-05
0.42573644654153064	0.4366464212643879	0.000119028
0.4125400767304736	0.4261726959436559	0.000185848
0.3949831361599343	0.41294539238372463	0.000322643
0.3894482387203989	0.4095262966512319	0.000403128
0.38152121620682367	0.40561807607040096	0.000580659
0.37350605178701807	0.3973326979982572	0.000567709
0.3532525049187364	0.3851955457301547	0.00102036
0.34783433281080967	0.3822424402406512	0.00118392
0.3419288162064279	0.37891205056797383	0.00136776
0.33715656060311405	0.375700660623767	0.00148565
0.33611129820717245	0.3752092278793404	0.00152865
0.33398021697749114	0.37368735278772214	0.00157666
0.33399664604991053	0.3737805279237486	0.00158276
0.33393193901422596	0.37375268780416854	0.00158569
0.3337561978500783	0.37395642592823597	0.00161606
0.9	0.7917974966994507	0.0117078
0.9240800865800866	0.7968345031680176	0.0161914
0.7882747154805978	0.7134087653626188	0.00560491
0.7417469339574603	0.6799891944816561	0.00381402
0.6206896149390594	0.5966167411930705	0.000579503
0.5663101672157069	0.5566037958226067	9.42136e-05
0.527170454621692	0.5253732894627413	3.2298e-06
0.48340035485306937	0.4887689427332644	2.88217e-05
0.43752290051013515	0.4518666827061016	0.000205744
0.42159625746667084	0.4382662260695545	0.000277888
0.40609288294765455	0.424750055191477	0.00034809
0.3848021844908698	0.40846381041506097	0.000559873
0.3840211793471734	0.40844261822018824	0.000596407
0.3810369986929659	0.4054591963317308	0.000596444
0.36985722642286645	0.3975379922907464	0.000766225
0.3515731613536752	0.3846028814760843	0.00109096
0.34757975175226885	0.3821507046990211	0.00119515
0.3409955082168727	0.37834217681659776	0.00139477
0.3360266242389152	0.37506003925070747	0.00152361
0.33485302217606994	0.37475190755869964	0.00159192
0.33315221532168615	0.3734076264119461	0.0016205
0.33267279537072203	0.3733472105013652	0.00165441
0.3332639127584646	0.3736287326860118	0.00162932
0.333236080009176	0.3737260186579271	0.00163944
0.9	0.7936260596337623	0.0113154
0.9331709956709957	0.8045404426889936	0.0165458
0.866240440845704	0.7578155899721108	0.0117559
0.801849444672974	0.7168543904240753	0.00722416
0.6790541415715831	0.6338032494314234	0.00204764
0.6342261421617149	0.5979306996789371	0.00131736
0.902857142857143	0.8099789887632683	0.00862635
0.8331709956709957	0.7587006970225941	0.00554583
0.7984210526315789	0.731521200361235	0.00447559
0.73578284229103	0.6915141215082461	0.00195972
0.6792374357429682	0.6488521448723507	0.000923266
0.6165449834421421	0.5955050531840302	0.000442679
0.5934270579415509	0.5788079758844459	0.000213718
0.5612675181768129	0.5567814352181709	2.01249e-05
0.5444191359624828	0.5423443377841769	4.30479e-06
0.5321985425561672	0.5353010850275944	9.62577e-06
0.5203847976256808	0.5258882300855838	3.02878e-05
0.5048718083972581	0.5150593124005397	0.000103785
0.500560642296401	0.5135005658835038	0.000167442
0.49619846834298204	0.510112115887209	0.00019359
0.49180453425341025	0.5062155245812012	0.000207677
0.47121348463004364	0.49077786271200746	0.000382765
0.46459654275476064	0.48647578516237966	0.000478701
0.46194637002369604	0.4844271678354376	0.000505386
0.46096180204476217	0.48387915711802076	0.000525205
0.46061620502957146	0.4834014834066071	0.000519169
0.46011725039763024	0.48314885662626306	0.000530455
0.4604511409882104	0.4834419003659348	0.000528575
0.46048702102939887	0.4835533884404083	0.000532057
0.46022128255638045	0.4833806836208191	0.000536358
0.9638888888888889	0.8745057985133489	0.00798934
0.8974004753416519	0.8222280422442619	0.00565089
0.8199738351375692	0.7658088302449797	0.00293385
0.752664717712931	0.7203684050588366	0.00104305
0.6682992494219195	0.6490313825639245	0.000371251
0.6268189171281189	0.613306442045521	0.000182587
0.5835122128243043	0.5788707090431859	2.15436e-05
0.5436873416732126	0.5469657297417239	1.07478e-05
0.5322865674788267	0.5374640217983361	2.6806e-05
0.5212127757914876	0.5289080556096617	5.92173e-05
0.512264202610744	0.5220177070728056	9.51308e-05
0.4995737124059085	0.5133018251783856	0.000188461
0.5001831638988021	0.5136625565818911	0.000181694
0.4950436174625873	0.5100604249983972	0.000225505
0.49181026407251105	0.5067033883428339	0.000221805
0.47011589666059983	0.4904878378242071	0.000415016
0.4636819740683847	0.48617351611098486	0.000505869
0.46135807862370537	0.48413511238212054	0.000518793
0.4607149757871219	0.4838547460239009	0.000535449
0.46009799704315213	0.48317896330986826	0.000532731
0.4596922851453873	0.48292489930337723	0.000539754
0.4600181277413986	0.4832377538219845	0.000539151
0.4601783614861007	0.4834140655104884	0.000539898
0.4599769106704071	0.48330492745002224	0.000544196
0.9688888888888888	0.8752626883582388	0.00876587
0.9319808949220715	0.8492833423570799	0.00683889
0.8706553521484872	0.8000889317675645	0.00497962
0.8175800570227194	0.762052400314343	0.00308332
0.7348367509642036	0.6972601510412503	0.001412
0.6768857292686248	0.6460274091609772	0.000952236
0.9396381396381395	0.9026132924164842	0.00137084
0.907108165713429	0.8763775480600122	0.000944371
0.8787201390062995	0.847895996793306	0.000950128
0.8379054311624363	0.8102892308984749	0.000762655
0.7624759130310115	0.7454851207700852	0.000288687
0.73509856796416	0.7214001295121492	0.000187647
0.7095900461588875	0.7003460345107901	8.54518e-05
0.6844626565833508	0.6790324502543377	2.94871e-05
0.6746732634491033	0.6713935370540817	1.07566e-05
0.6665500512335772	0.6652379342371353	1.72165e-06
0.6632352012994834	0.6625175715076924	5.14993e-07
0.6575272001696414	0.6576289077457231	1.03444e-08
0.6578114077796073	0.6576694325314664	2.0157e-08
0.6606123859623525	0.6605414517381026	5.03166e-09
0.6606966823890645	0.6607964174842722	9.94709e-09
0.662765753920333	0.6629408519902291	3.06593e-08
0.6642537011241314	0.6646039994907194	1.22709e-07
0.664841487773494	0.6651169587826381	7.58843e-08
0.6657849052385222	0.6659747647521074	3.60466e-08
0.6657740813869722	0.6659724112826575	3.93347e-08
0.6669022384103173	0.6669332357794293	9.60837e-10
0.6666918681288878	0.6667608548186463	4.75916e-09
0.6663190975078206	0.6664377959686629	1.40893e-08
0.6667993913287278	0.6668621645962804	3.94048e-09
0.9832167832167833	0.9435094455957742	0.00157667
0.9246818870507028	0.8938804750686404	0.000948727
0.9028001882365155	0.8708542482310154	0.00102054
0.8558504637819306	0.827893174331282	0.00078161
0.7669113216539565	0.7518853980186923	0.000225778
0.7309132279400805	0.7195292849258913	0.000129594
0.7076275848705107	0.7001411219591699	5.60471e-05
0.68410651750154	0.6793996927123747	2.21542e-05
0.6707080852184418	0.6689478822490053	3.09831e-06
0.664479668536522	0.6641377316977558	1.16921e-07
0.6623812505304894	0.6619251453887346	2.08032e-07
0.657338366699808	0.6575782146536984	5.7527e-08
0.6581601923892303	0.658194734494628	1.19316e-09
0.6598668233854024	0.6603532720081076	2.36632e-07
0.6601019995458047	0.6606434611016475	2.93181e-07
0.6625127407936267	0.6629026503188076	1.52029e-07
0.66400878104069	0.6644509280588906	1.95494e-07
0.6647318878941482	0.665084453084235	1.24302e-07
0.6655540507387505	0.6658567503867644	9.16271e-08
0.6656128849649404	0.6658994222110659	8.21036e-08
0.6666902478797295	0.6668113513313482	1.4666e-08
0.6666416147464154	0.6667622769226723	1.45594e-08
0.6662907016292939	0.666438292082377	2.17829e-08
0.6667369556678173	0.666849011807298	1.25566e-08
0.9832167832167833	0.9435094455957742	0.00157667
0.9412686350568882	0.9070960468468627	0.00116777
0.9079261386256239	0.874853703960178	0.00109379
0.8777796516258555	0.8459559940018879	0.00101275
0.7994768686451095	0.7775948875912487	0.000478821
0.7572043807310277	0.7395908829538019	0.000310235
