0.0	0.41041970897510627	0.168444
0.05	0.3874394978411161	0.113865
0.016666666666666666	0.3952498270282245	0.143325
0.00909090909090909	0.38140243261120454	0.138616
0.004081632653061224	0.36451795235027784	0.129914
0.014154220862113116	0.35775760506744586	0.118063
0.015222466772073071	0.3573001021734857	0.117017
0.011676528567022629	0.3497123861926422	0.114268
0.010845967351892647	0.3459040675363393	0.112264
0.010136258872804456	0.3425721799098495	0.110514
0.009854672952533252	0.34137705840633087	0.109907
0.0088864979018595	0.34063655995347986	0.110058
0.008166000528393502	0.3385189906921853	0.109133
0.008619705716368204	0.33828389168956813	0.108678
0.009128993514724255	0.33773743145744345	0.107984
0.009575628715403956	0.33738250913747614	0.107457
0.010622788609485366	0.33769473781022014	0.106976
0.01030810944144018	0.3368595039057477	0.106636
0.010071532447374085	0.3368369849527346	0.106776
0.009900762651541998	0.3370747674474746	0.107043
0.00979903272324097	0.33655181024856107	0.106767
0.009674449145763162	0.3362506004039045	0.106652
0.009457966229578696	0.3363230478440133	0.106841
0.009327539810671904	0.3364251008324951	0.106993
0.0	0.4233239999004006	0.179203
0.02222222222222222	0.40934122297267994	0.149861
0.011764705882352941	0.40481251248333433	0.154487
0.007142857142857143	0.3871925505275796	0.144438
0.0035714285714285713	0.36588370195267506	0.13127
0.0123261068030578	0.3563703333392493	0.118366
0.01266478528787963	0.3546972643372717	0.116986
0.011083100833796867	0.3489016407950135	0.114121
0.009764686458562362	0.3449242033741416	0.112332
0.009184743809502344	0.3420180126613366	0.110778
0.008875774199328414	0.34086692119386197	0.110218
0.008389359055767109	0.33988541269760425	0.10989
0.007826731779969813	0.3380739015132483	0.109063
0.008430377410628454	0.33771602231934006	0.108429
0.00874546622037084	0.33724520643252365	0.107912
0.009523552788652648	0.3372417382388542	0.107399
0.010565148831169055	0.33755375233898316	0.106922
0.010206628020945907	0.3367589316808387	0.106636
0.009997066908993052	0.33673821964630446	0.10676
0.0098238661717273	0.3369743582656545	0.107027
0.009728186352209438	0.33645834340514097	0.106753
0.009607047349333323	0.33616042050495176	0.106637
0.009403534759429531	0.33624848362068793	0.106828
0.009279826162206099	0.336387460765543	0.106999
0.0	0.4252708085393394	0.180855
0.02222222222222222	0.4133940160211669	0.153015
0.01818181818181818	0.4133427097150998	0.156152
0.00909090909090909	0.39585864510835533	0.149589
0.0036363636363636364	0.37283606262182295	0.136308
0.016420302643797114	0.36593187988347997	0.122158
0.0	0.37038750313114727	0.137187
0.05333333333333333	0.4040390807835399	0.122995
0.037606837606837605	0.39304139807688815	0.126334
0.07864459535936616	0.39981117251433484	0.103148
0.04676823906102882	0.3793476627978822	0.110609
0.035978743991906606	0.3689030942740143	0.110839
0.03795911276578069	0.36395373552590343	0.106272
0.031096941811406452	0.35546241972897086	0.105213
0.026312579670873342	0.3522988366888008	0.106267
0.0265715880410759	0.34821327830939947	0.103453
0.02529880592835352	0.3475526144697273	0.103848
0.025140972306402172	0.34821357237338113	0.104376
0.022851787459823057	0.34760246114125865	0.105463
0.022608469651678682	0.34643690206362066	0.104865
0.022242110818013573	0.3454493348283895	0.104463
0.023205669067462933	0.3442053164687152	0.103041
0.022218284113731033	0.34294489911413134	0.102866
0.0217490926211704	0.3428112069055601	0.103081
0.021146569460539666	0.3423891480033493	0.103197
0.020741955920098552	0.34255509260350814	0.103564
0.02035572198796536	0.34225902312657597	0.103622
0.020554751742608	0.3422289002615788	0.103474
0.0201759693590845	0.3420771445196805	0.10362
0.019855701785924922	0.3417665955117756	0.103627
0.0	0.38760831146479685	0.15024
0.04395604395604395	0.4138932488130104	0.136854
0.021666666666666667	0.3939509485207081	0.138596
0.046739432703003334	0.3923984012147507	0.11948
0.03751555827572878	0.3761386693540416	0.114666
0.03465152402952611	0.3674734667744054	0.11077
0.0328228585161108	0.3616865285938668	0.108151
0.029281233176501144	0.35512583009279797	0.106175
0.025385389356046017	0.3518892913797643	0.106605
0.02514638710676541	0.3478717898225074	0.104152
0.02372216736146331	0.3469693282751387	0.104489
0.024058580563269847	0.34735853121364396	0.104523
0.022526986124682086	0.34696969578222053	0.105263
0.021941088754936597	0.34583744631981295	0.104909
0.021572332880453255	0.3449055278477463	0.104544
0.022671935695148106	0.3441178089652118	0.103327
0.021932406773543817	0.34280559001239397	0.10296
0.021541828754299105	0.34269675283703505	0.10314
0.021033779991896494	0.3423047279986378	0.103215
0.020632407510654076	0.34244594529303035	0.103564
0.02029045582952032	0.3422138877492563	0.103635
0.020497360248192865	0.34217516991736685	0.103477
0.020116628600066792	0.3420409777153864	0.103635
0.019791451910699247	0.34173885527409875	0.10365
0.0	0.4006177346578016	0.160495
0.05357142857142857	0.42320363921803983	0.136628
0.038181818181818185	0.4072411266266169	0.136205
0.07089605734767025	0.40795825957758297	0.113611
0.04954131478721643	0.3859065804164974	0.113142
0.04190522365305495	0.37595366007633163	0.111588
0.2	0.44326715527844457	0.0591789
0.20818181818181816	0.40736456848036157	0.0396738
0.13016917293233082	0.40278982308768574	0.074322
0.11106194182397847	0.41531014904699426	0.092567
0.07129396875078205	0.38659164918339683	0.0994126
0.061638134310287605	0.37713890916056114	0.0995407
0.0585290385742722	0.3689990576867635	0.0963916
0.05401194041646419	0.362891620576959	0.0954067
0.05429091413531748	0.3610146838183487	0.0940795
0.0492221138346743	0.35635024073153	0.0943277
0.04880587600488856	0.3552604633688233	0.0939144
0.04411318740250503	0.3530681299030505	0.0954532
0.048903520181755464	0.35430544790487517	0.0932703
0.04717245359191162	0.35277872734632415	0.0933952
0.04564781119740447	0.35241308671042004	0.0941049
0.04242897756919882	0.35089329248224055	0.0951502
0.03958088446890272	0.34976336654692425	0.0962132
0.04044598975097857	0.35038706379124596	0.0960635
0.03956605603143232	0.34959528918962723	0.0961181
0.03981877925436303	0.3499253649639037	0.0961661
0.04046857208464806	0.3503081849295231	0.0960006
0.0406075891826073	0.35021990198894254	0.0958598
0.04048840744323959	0.3502748359003952	0.0959676
0.0405645615837759	0.35039505327653203	0.0959949
0.13523809523809524	0.4588006994866215	0.104693
0.12047119547119545	0.4251923457301423	0.092855
0.07747899159663865	0.40809176180334833	0.109305
0.09065062348372306	0.4135411405922696	0.104258
0.058961891746681504	0.3832099756336123	0.105137
0.05626433149281122	0.37564844129270203	0.102006
0.052586422144277264	0.36699530861109453	0.0988529
0.05220482120615426	0.3623407694603242	0.0961843
0.049649938010847744	0.3592013257097659	0.0958221
0.04692976266063416	0.3555865708720575	0.095269
0.047517550995843705	0.35467197541197587	0.0943438
0.044349226546422656	0.35301235696786276	0.0952729
0.04784912772072839	0.3537070608130833	0.0935491
0.04792952605921121	0.3523748681096983	0.092687
0.04515207763425866	0.3520519950183049	0.0941876
0.04186222822688897	0.35073523038094984	0.0954025
0.039136077300464714	0.34962538585513053	0.0964036
0.040162261212484875	0.35027043797707663	0.0961671
0.0393652821041595	0.3495551502664601	0.0962178
0.03969510144379792	0.349907174615468	0.0962315
0.04031407914198528	0.3502503089294225	0.0960605
0.040467467960751895	0.3501779933688609	0.0959206
0.04033243962536663	0.350253497918632	0.0960511
0.04043085750456134	0.3503691008093548	0.0960617
0.15666666666666668	0.4626109148462126	0.0936019
0.13214285714285712	0.43405366251646244	0.0911501
0.08257759784075573	0.4223238145139397	0.115427
0.10460542661000324	0.42485641296589305	0.102561
0.07513265183066675	0.39524998758187263	0.102475
0.06717958514105948	0.384688144642538	0.100812
0.09714285714285714	0.4558785101009256	0.128691
0.1638095238095238	0.4530009615530359	0.0836317
0.16561771561771563	0.43563809407571086	0.072911
0.21252094142416725	0.4323147827384163	0.0483093
0.10979974450411048	0.3982231349228168	0.0831881
0.10630600889250988	0.3924395829868903	0.0818724
0.09758169254554434	0.3843821065758074	0.0822545
0.08966499888235054	0.37450022591514176	0.0811311
0.0834692478714141	0.37038486513860114	0.0823206
0.08152820581055094	0.36849898593623415	0.0823522
0.07279040911475168	0.36505875898384554	0.0854208
0.0698039465604306	0.36378834915849484	0.0864268
0.06839490803721851	0.36375460556318395	0.0872374
0.06598353104674658	0.3630995012315513	0.0882779
0.06566920797615884	0.36263014928748943	0.0881858
0.059872277257497206	0.35987632697984545	0.0900024
0.058889984516738235	0.3596629056337627	0.0904644
0.05977992410937912	0.35925410263030116	0.0896848
0.058834373667621856	0.35852650173900324	0.0898154
0.05865595784955931	0.3580388250877738	0.0896301
0.05848148320359207	0.3577359779985311	0.0895533
0.05834796059714355	0.35791331874884524	0.0897394
0.058629660923519435	0.35792898064431855	0.0895801
0.05778801372440705	0.35726481824036205	0.0896864
0.09714285714285714	0.4690801480230059	0.138337
0.11261904761904762	0.46461204216803614	0.123899
0.11721988795518205	0.4481783133321785	0.109533
0.1346873221701597	0.43178295726478233	0.0882658
0.08317795010946075	0.3973384887209924	0.0986968
0.08826037571492296	0.3911030379405559	0.0917137
0.08627142866394852	0.3839611575613096	0.0886192
0.08295662229379899	0.375747582411874	0.0857265
0.0786107189311353	0.36986202446809296	0.0848273
0.0781099746719722	0.3685796082750477	0.0843726
0.06922780138532081	0.3646316791457568	0.0872635
0.06810864951056265	0.36392049418876266	0.0875046
0.06631451882106797	0.3636656630929228	0.0884177
0.0653053849392615	0.36290334647230377	0.0885645
0.06504577442491405	0.36246429414912706	0.0884578
0.058889491967431665	0.35945118202943604	0.0903373
0.05821536352852286	0.3594593980445157	0.090748
0.05917424797587824	0.35909934973144464	0.0899551
0.058499614976324554	0.3584200549946749	0.0899523
0.05837334588531612	0.3579830356397658	0.089766
0.058276088530327175	0.3577102286053349	0.0896608
0.058180611158258275	0.3578790116994311	0.0898191
0.05847873341797692	0.35790111795812474	0.0896538
0.05762610990674292	0.357221279859119	0.0897573
0.09714285714285714	0.4721796453424113	0.140653
0.1231818181818182	0.4755831440931352	0.124187
0.13377289377289378	0.4592173049222142	0.105914
0.16761803388576843	0.4504342333413186	0.079985
0.10326788497267599	0.40883461802467275	0.093371
0.10523946781509808	0.40010894881054054	0.086948
0.2	0.45320745446165017	0.064114
0.13015873015873017	0.4223731000608728	0.0853892
0.19457070707070706	0.4283680613183292	0.0546612
0.1927496414833876	0.4244051534997597	0.0536643
0.10801264230558874	0.3911863394524763	0.0801873
0.09235343183090279	0.3837717441082559	0.0849246
0.10170879011227829	0.38227401628181706	0.0787168
0.09406046944113085	0.37583472228353126	0.0793967
0.08636777440974415	0.37185300061582005	0.0815018
0.0840045143307692	0.36931122485373635	0.0813999
0.08618058730490853	0.3689594685297267	0.0799639
0.08715041018932522	0.3697382237381258	0.0798559
0.08231741224198179	0.36734894505198373	0.081243
0.08148957041216935	0.36775066394861405	0.0819454
0.0806309900449266	0.36705523422095826	0.0820388
0.07616748750860383	0.36612955229011435	0.084078
0.07838992804795226	0.36723444251279985	0.0834312
0.07871762979717464	0.3670980768258251	0.0831633
0.07824808215289354	0.3667523132474368	0.0832347
0.07829681113021178	0.36674142729273973	0.0832003
0.07690900842795326	0.3663334320172839	0.0837665
0.076948357320773	0.36662973817709055	0.0839153
0.07715285635880889	0.3667324033937727	0.0838563
0.07753832548532066	0.3669553423256871	0.0837622
0.12000000000000002	0.452001791103286	0.110225
0.14571428571428574	0.4350757228706179	0.08373
0.145522533022533	0.43188373021744253	0.0820027
0.1377130798510109	0.42789524214878777	0.0842057
0.095214787586644	0.39271866092091473	0.0885086
0.08221048482756176	0.38322527187589606	0.0906099
0.08929151949743518	0.3801362765421875	0.0845907
0.08267045264340302	0.37469313821787115	0.0852772
0.08164925200642989	0.37130683658621366	0.0839015
0.07976255790011111	0.369007904676118	0.0836629
0.08158340736340741	0.36829965040771906	0.0822062
0.0844157924697978	0.3690774617320674	0.0810323
0.08125058556361284	0.3669852779262657	0.0816443
0.07760468352645476	0.3672564421431288	0.0838981
0.07825641026249332	0.36676929090832633	0.0832397
0.07558119690799643	0.36598361001260715	0.0843336
0.07757818058206764	0.36705722483747705	0.0837981
0.07826910811770924	0.3670209825110515	0.0833776
0.07769231206409839	0.3666459186843252	0.0834942
0.07795464842350922	0.36662111127459995	0.0833283
0.07662232033038194	0.36626146231826195	0.0838908
0.07669053882287381	0.36654795486079605	0.0840173
0.07684133325225971	0.36667308151899203	0.0840024
0.07729599050013064	0.3669010120763643	0.0838711
0.14666666666666667	0.462856619789335	0.0999761
0.14571428571428574	0.43959813472580134	0.0863677
0.16533113944878652	0.44426103933969	0.0778019
0.15391657609277748	0.43931224604666513	0.0814507
0.11672676497096231	0.40324569266522836	0.0820931
0.10212537161930797	0.39429642150255945	0.0853639
0.10666666666666666	0.4278318898127632	0.103147
0.2019047619047619	0.4258007123261576	0.0501294
0.2126381659276396	0.4375323522189323	0.0505774
0.26797237904654786	0.434802029418333	0.0278321
0.2184850533734915	0.41440863372655556	0.038386
0.14917736314056143	0.4041187115918281	0.0649951
0.13637950161055534	0.39615006637503425	0.0674807
0.1262657945489536	0.3934001717325428	0.0713608
0.12702470446372416	0.3870722210930798	0.0676247
0.11916399943423843	0.3841888521355402	0.0702382
0.11475678158229123	0.3829186011027374	0.0719108
0.1088132474205937	0.3808370400196973	0.0739969
0.1047658851595987	0.37859838021632053	0.0749842
0.10369520669022429	0.37742614643555883	0.0749286
0.10393820359497738	0.3782667832355617	0.0752562
0.0987193449023969	0.37528179374851467	0.0764868
0.0983430990069704	0.3742675819496756	0.0761343
0.09533790270488132	0.37248482831499496	0.0768104
0.0951529185622632	0.3729128716727025	0.0771506
0.0954256184379692	0.3728818982026134	0.076982
0.09493949410332767	0.37273952071044614	0.0771729
0.09530933142155934	0.37323152022083306	0.0772407
0.09549693338439111	0.3733000541897334	0.0771746
0.09541448044802654	0.3732625772466549	0.0771996
0.065	0.43156653399644734	0.134371
0.15071428571428572	0.4444188475673963	0.0862624
0.1760992275698158	0.4553281820501528	0.0779688
0.17914262616349902	0.44561340506673475	0.0710067
0.14957004133888926	0.41448520781199666	0.07018
0.13110988997538614	0.4038387356674004	0.074381
0.12731168379243282	0.3966617645029419	0.0725495
0.11907649193190373	0.39304312302775923	0.0750577
0.11769470456828972	0.38655906075500324	0.072288
0.10944859320724112	0.38234894686637716	0.0744746
0.10595608338901716	0.38140490030792684	0.0758721
0.10723357045829766	0.38050358005296125	0.0746765
0.10278731380664341	0.37825845270988234	0.0758843
0.10183620437972381	0.37705245396345805	0.075744
0.10355031063217593	0.37773440764585786	0.0751769
0.09621968440344403	0.3748702177908558	0.0776461
0.09733577653447656	0.3740244339757859	0.0765566
0.09424636930923849	0.37233459910714467	0.0773331
0.09451940701981118	0.37280630386859226	0.0774436
0.09489839446990031	0.37278063723498833	0.0772185
0.09449038990231376	0.3726739463187175	0.0773861
0.09492119927834901	0.37316274907258024	0.0774184
0.09523902803553655	0.37327403573264595	0.0773035
0.09518622362028295	0.3732289214357002	0.0773077
0.065	0.43156653399644734	0.134371
0.16071428571428573	0.4466523167019599	0.0817606
0.17685402832461655	0.4622628244537756	0.0814582
0.20253176453176452	0.4530926689443667	0.0627808
0.1904711548011772	0.42627025186547884	0.0556012
0.14233619988325544	0.4118624663522518	0.0726444
0.37	0.4993529039665917	0.0167322
0.41837606837606833	0.4969759884019342	0.00617795
0.37353511985090937	0.4916973616235348	0.0139623
0.46533555625254336	0.509526412770798	0.00195283
0.3836905131777628	0.4914636909838288	0.0116151
0.3608032523186454	0.4824677277596929	0.0148022
0.3163688305840679	0.4663055531138701	0.022481
0.27788510986477394	0.44373310548688216	0.0275056
0.2525887641521755	0.439665111344122	0.0349976
0.24187004062082526	0.4355470592940584	0.0375108
0.2360322943658631	0.4330174019789065	0.0388031
0.21946718570960524	0.4291391285588889	0.0439623
0.2215395375247144	0.429417700893871	0.0432133
0.21414323261473975	0.4279518812352195	0.0457141
0.2088347700140265	0.4252968923267261	0.0468559
0.18370432906851042	0.41404579246625356	0.0530572
0.1819474227305859	0.41356895385039766	0.0536485
0.1817987426228426	0.41270588695507016	0.0533181
0.18095460754018516	0.41226242772953736	0.0535033
0.18088936377936032	0.4124935873610083	0.0536405
0.18134531515156843	0.41276883477532794	0.0535568
0.18082780205781274	0.41241603688971207	0.0536331
0.18049870346262603	0.4118689012887577	0.0535322
0.18055417281217967	0.4118920825425265	0.0535172
0.2866666666666666	0.5120307245740658	0.050789
0.33567765567765573	0.5087360238427381	0.0299492
0.32169636113874905	0.4969204247249964	0.0307035
0.4021221276612102	0.5104221273606732	0.0117289
0.34889231614339156	0.48977274517548886	0.0198473
0.32744962413046075	0.47828534646108495	0.0227514
0.29371563920757937	0.46401496044607715	0.0290019
0.260601202896351	0.44188340971694134	0.0328632
0.2448038108195457	0.43935549929069123	0.0378504
0.2379203291191677	0.43559938949967825	0.039077
0.2306434202708135	0.4324557870788045	0.0407282
0.21369780663013174	0.4284183718159172	0.0461049
0.21479042948316032	0.42869443468214186	0.0457549
0.21174616662698137	0.42769098623406754	0.0466322
0.20483146476039066	0.4250161188545795	0.0484813
0.18222791684524473	0.4138375669838247	0.053643
0.18065267247102007	0.4133433684858579	0.054145
0.1808302520419898	0.4125532245193394	0.0536955
0.17999834335195183	0.41214125999911594	0.0538903
0.18031325328267706	0.4123677088506542	0.0538493
0.18061247136471076	0.4126877298290948	0.0538589
0.1803830985258049	0.41233407670885247	0.0538013
0.18011143724563	0.4118074034773668	0.053683
0.18018168367646445	0.4118358108623812	0.0536636
0.2866666666666666	0.5143198966710246	0.051826
0.3623826173826174	0.519730406221165	0.0247583
0.37441485329256224	0.5088733080518872	0.0180791
0.4458336284923933	0.5229569923145151	0.00594801
0.3910191770895051	0.5017570302348515	0.0122629
0.36459100783028303	0.4886260427595368	0.0153847
0.7385714285714285	0.6034534085145027	0.0182569
0.6385631035631036	0.6058452908733359	0.00107046
0.5976485802751114	0.5781329588436724	0.000380859
0.5733872436631057	0.569442700977357	1.55594e-05
0.5380780262899152	0.558101827378727	0.000400953
0.5131093240488228	0.5460136455619891	0.00108269
0.47489364661467154	0.5347455763930485	0.00358225
0.4399327856113658	0.5177285210703666	0.00605218
0.40085644676725146	0.5036489831861255	0.0105663
0.3720626973918987	0.49611271469103607	0.0153884
0.363454487014314	0.4909001982399596	0.0162424
0.35130163735457015	0.48756083379260595	0.0185666
0.3465885442311454	0.487439675826231	0.019839
0.34524277095537365	0.48717471020019454	0.0201447
0.3415448035590938	0.48613424946036055	0.0209061
0.3367482466734173	0.48498615126372036	0.0219745
0.3371163584559788	0.48472670443051713	0.0217888
0.33582589968788834	0.48499166957531614	0.0222504
0.33421506528011724	0.4846343929626592	0.022626
0.33389287920814337	0.4849830328434588	0.0228282
0.3322024625814767	0.48424975585104485	0.0231184
0.3324931635265188	0.4844798910883849	0.0231
0.33248773336341386	0.48443533299481967	0.0230881
0.3328295967090055	0.48458721345923106	0.0230304
0.6288095238095238	0.6123870535672173	0.000269698
0.5807438639791581	0.6063545956003435	0.00065591
0.5196842318926044	0.5840536511440059	0.00414342
0.5402753524128353	0.5775935804879329	0.00139265
0.5177043631750247	0.5562905937933182	0.0014889
0.49495274886986723	0.5434688598834484	0.00235381
0.45511080301486634	0.5300155205280209	0.00561072
0.4215980391267614	0.5146539257728485	0.0086594
0.38562180295269555	0.5019872892568183	0.0135409
0.3632066861915372	0.49453160223687676	0.0172462
0.35218277006250365	0.49004919944383574	0.0190072
0.3437191475941107	0.4868835700926305	0.0204961
0.342600981674319	0.48690573575045065	0.0208239
0.34115467144969475	0.48678083272252237	0.021207
0.3374603406299283	0.4854276089985069	0.0218943
0.33407239970593566	0.48441284600585827	0.0226022
0.33520971968028423	0.48440259478139935	0.0222585
0.3342514731538496	0.4846252886909375	0.0226123
0.3328634717435932	0.4843459504652201	0.0229469
0.3329425367226474	0.48480909559499635	0.0230635
0.33154958628627584	0.4840920957371223	0.0232692
0.33178478394167216	0.48432887332805363	0.0232697
0.33194763355811796	0.48428809105729087	0.0232076
0.3322919688484277	0.4844457084448039	0.0231508
0.6516666666666666	0.6142048511867524	0.00140339
0.6542415917415918	0.6208574431404247	0.0011145
0.5745263627953088	0.5927322405591188	0.000331454
0.5732302376982513	0.587586762275372	0.00020611
0.5504261694609733	0.5654851057478524	0.000226772
0.5314313033943657	0.5529633919708054	0.000463631
0.807936507936508	0.6719413273686535	0.0184947
0.7572747007034933	0.6567580363696398	0.0101036
0.7172877219249544	0.6411137641796647	0.00580247
0.6740931996338237	0.6246815460710702	0.00244151
0.5988072278388058	0.5961597171008436	7.00931e-06
0.5533131235120311	0.5834974518067687	0.000911094
0.5295778912691054	0.5737844117510731	0.00195422
0.5008331263021366	0.5648570308184452	0.00409906
0.49936399976867174	0.564630502608132	0.00425972
0.4909014199946922	0.5633262253557678	0.00524535
0.4869428913376902	0.5623258862939916	0.0056826
0.4827693485752733	0.5591687699556478	0.00583687
0.4831917997503513	0.5608633367743644	0.00603287
0.47979510625594973	0.5598841107650856	0.00641425
0.4758447594283178	0.5580676474799897	0.0067606
0.46570618230891475	0.5518410878005862	0.00741922
0.46285611878779126	0.5502914562506153	0.00764494
0.4611031553154544	0.5491620773856338	0.00775437
0.46062778988246816	0.5494724127875606	0.00789337
0.4600386344028169	0.5486783581297386	0.007857
0.45970219120923905	0.5486487374445252	0.00791149
0.4601884556806084	0.5489582188933924	0.00788007
0.460373956604057	0.5491305802257929	0.00787774
0.46003046802151737	0.5492418713523122	0.00795867
0.7377777777777778	0.6784516068980817	0.00351959
0.7104706713994638	0.6578973506212363	0.00276395
0.6751981047175557	0.6457220089681818	0.00086884
0.6615450679452346	0.637636874382769	0.000571602
0.5816989074942628	0.5971514687780843	0.000238782
0.5441656237272073	0.5794896582408577	0.00124779
0.5164183411153661	0.5719116804186228	0.00307951
0.4929534818697336	0.5642691372105573	0.00508592
0.4915341852340136	0.564295309052333	0.00529418
0.48809825739467216	0.563374298316111	0.00566648
0.48546958626835507	0.5625853162528769	0.00594684
0.48014974265288873	0.559301509645542	0.006265
0.48175023836556086	0.5607078702809581	0.00623431
0.47814819727462093	0.5599692122427343	0.00669468
0.4739330230070521	0.5578688579661347	0.00704522
0.4644198196567729	0.5516386542768978	0.00760713
0.4619789768517329	0.5501617072039615	0.00777619
0.4604275854804582	0.5490115505044557	0.00784712
0.46010896393095413	0.5493942963689669	0.00797187
0.4595327162895001	0.5486165103388638	0.00793592
0.45924580672973514	0.5485786942320707	0.00798036
0.4596491145684588	0.5488711379699766	0.00796057
0.4599065161690959	0.5490441664697122	0.00794552
0.4597287409035352	0.5491882271463849	0.008003
0.7544444444444445	0.6831491469835079	0.00508302
0.7344202512313966	0.666294989893965	0.00464105
0.7146846602751005	0.6545295602902267	0.00361864
0.7083307603878192	0.6474587802911487	0.0037054
0.6425737004554141	0.612810036145234	0.000885876
0.5946422381627356	0.5932448649523504	1.95265e-06
0.9521478521478521	0.8035536863646989	0.0220802
0.9201663894763816	0.7984149001720169	0.0148234
0.8906400432495893	0.7730350835847469	0.0138309
0.8340500320597133	0.7404515232023288	0.00876068
0.7611958791607357	0.7067239185236379	0.00296719
0.7195140893066634	0.6895922119873177	0.000895319
0.6983151209297965	0.6802959341704148	0.000324691
0.678143402014541	0.6694936216435098	7.48187e-05
0.6662250068554953	0.6662428907075789	3.19832e-10
0.6639426657204057	0.6641719749892852	5.25827e-08
0.6597559654364116	0.6617085776306115	3.81269e-06
0.6567159000349655	0.66015104813839	1.18002e-05
0.6563918289209639	0.6596350716122343	1.05186e-05
0.6596154210858167	0.661738560092959	4.50772e-06
0.6602065397584375	0.6621433919241624	3.7514e-06
0.6627859430545315	0.6642332967853473	2.09483e-06
0.6641735894103558	0.6657864551348975	2.60134e-06
0.6647530622248526	0.666118466017629	1.86433e-06
0.6655626782047992	0.6667588623281797	1.43086e-06
0.6657698672513116	0.6667536724371856	9.67873e-07
0.6667602256819729	0.6671693158273879	1.67355e-07
0.6667304098328859	0.6671304085355804	1.59999e-07
0.6663395473780743	0.6668718284641175	2.83323e-07
0.6667818667553775	0.6671845016025995	1.62115e-07
0.9721056721056722	0.822389481707303	0.0224149
0.9300235323335245	0.8043918141776647	0.0157833
0.893870002687865	0.7752517203177	0.0140703
0.8387458945410007	0.7474391374120317	0.00833692
0.7549456011845804	0.7095887868974533	0.00205724
0.7149612592176563	0.6897610372882853	0.000635051
0.6945157540362286	0.6796446511847536	0.00022115
0.6724273443858443	0.6686782352199485	1.40558e-05
0.6644677629182911	0.6658675195471119	1.95932e-06
0.6618962395655876	0.6639798029683541	4.34124e-06
0.6589816850454681	0.6617852753385529	7.86012e-06
0.6542668533732765	0.659747338841391	3.00357e-05
0.655027508338287	0.6598328292102053	2.30911e-05
0.658208802601502	0.6617890426229377	1.28181e-05
0.6591218196863939	0.662035681835782	8.49059e-06
0.6619619050078297	0.6640518237195648	4.36776e-06
0.6637429027705335	0.6657198563954434	3.90835e-06
0.6645323051554888	0.6661087803624836	2.48527e-06
0.6654385822960571	0.6667439719212421	1.70404e-06
0.6655315494893885	0.6667411376345289	1.4631e-06
0.6666458276816175	0.667164477341466	2.68997e-07
0.6665581928203375	0.6671081846915843	3.02491e-07
0.6662067636613419	0.6668681580687055	4.37443e-07
0.6666702536786299	0.6671760633260782	2.55843e-07
0.9721056721056722	0.822389481707303	0.0224149
0.9329326232426155	0.8062227729593255	0.0160554
0.893545478982143	0.7773558997543331	0.0135
0.8548271023283869	0.7576843988809867	0.0094367
0.7794931749617322	0.7187916251110587	0.00368468
0.7345818923059707	0.6966550623824839	0.00143844
