0.0	0.0	0
0.06666666666666667	0.1	0.00111111
0.04	0.1	0.0036
0.015384615384615385	0.1	0.00715976
0.0037037037037037034	0.1	0.00927298
0.019711427183598758	0.5	0.230677
0.01900713933194248	0.3942857142857143	0.140834
0.014374780793338532	0.4838095238095238	0.220369
0.011996164633870088	0.36547619047619045	0.124948
0.012005031090366915	0.4333333333333333	0.177518
0.011162943547528668	0.4976190476190475	0.23664
0.00995230265880549	0.4780952380952381	0.219158
0.00891671501133202	0.6744588744588744	0.442946
0.009633328842224745	0.49118266746173733	0.23189
0.009768758018421676	0.4852180186962796	0.226052
0.010146520033422368	0.316928042119858	0.0941149
0.010944504697549524	0.2485491506544138	0.056456
0.010422289892825924	0.20925321292328966	0.0395337
0.01020836702650464	0.18342456208974564	0.0300039
0.010004132575370124	0.13928848065185967	0.0167144
0.009891502634509233	0.13933126325247258	0.0167547
0.009747354336678348	0.11567955469544411	0.0112216
0.009515373111492751	0.101558562057716	0.00847195
0.00935790725006524	0.09631079802493075	0.00756081
0.0	0.0	0
0.03333333333333333	0.1	0.00444444
0.02857142857142857	0.1	0.00510204
0.009523809523809523	0.1	0.00818594
0.0035714285714285713	0.1	0.00929847
0.014272021848216637	0.5	0.235932
0.013903665859734283	0.38380952380952377	0.13683
0.01285787090610753	0.4328205128205128	0.176369
0.011325660644652435	0.3448701298701299	0.111252
0.010294896843990126	0.30826839826839825	0.0887882
0.010377102997253928	0.3369311551167968	0.106638
0.009140015969287287	0.32113684498189515	0.097342
0.008315180086453561	0.5122491619598659	0.253949
0.009395981239142556	0.30687771473125264	0.0884954
0.009353431889539712	0.27163377812311673	0.068791
0.009917795672050984	0.055248861063973774	0.00205491
0.01074421040683059	0.04008934047756123	0.000861137
0.010246015690812741	0.03092075392174722	0.000427445
0.010051626888238543	0.027726025594387436	0.000312384
0.00988774167270152	0.025215885331706128	0.000234952
0.009728539149067536	0.023255662728854678	0.000182983
0.009626257388138455	0.022731112951212752	0.000171737
0.00942347228979944	0.02078292242072642	0.000129037
0.00928005259711518	0.020089148102154668	0.000116837
0.03333333333333333	0.1	0.00444444
0.025	0.1	0.005625
0.0125	0.1	0.00765625
0.0047619047619047615	0.1	0.00907029
0.026001750700280112	0.5	0.224674
0.0	0.0	0
0.16666666666666666	0.2	0.00111111
0.09523809523809523	0.2	0.0109751
0.09689655172413794	0.36666666666666664	0.0727759
0.07485028138558267	0.6466666666666667	0.326974
0.052024985969982285	0.7321428571428571	0.46256
0.05126912603947855	0.8104761904761905	0.576395
0.04011803703664446	0.6893650793650794	0.421522
0.03422106406087108	0.6487301587301586	0.377621
0.030712705521692623	0.56994227994228	0.290769
0.03064751897900067	0.5075309485835803	0.227418
0.028886453676475115	0.4458371040723982	0.173848
0.026849499029246986	0.39902319902319905	0.138513
0.026171988582137616	0.3894299852194589	0.131956
0.025346865098073473	0.3643994601889339	0.114957
0.02405558824158075	0.20021708232060947	0.0310329
0.02275370379580771	0.15190115031975499	0.0166791
0.022067779080350198	0.13772164540841514	0.0133758
0.021318433204156575	0.1155495886845824	0.00887951
0.020939287099159577	0.10797613090271227	0.00757541
0.020482264572938773	0.09990407624492838	0.00630782
0.02067835285993217	0.10784468936302409	0.00759797
0.020291745907227134	0.09664020040169984	0.00582909
0.019920247927626377	0.09758987397455718	0.00603257
0.0	0.0	0
0.06666666666666667	0.2	0.0177778
0.043333333333333335	0.2	0.0245444
0.09806818181818182	0.3888888888888889	0.0845767
0.0438619054698816	0.6527272727272727	0.370717
0.041761492263921104	0.7126315789473684	0.450067
0.04031493693923036	0.7754528478057889	0.540428
0.03499204344055478	0.6264406857510305	0.349811
0.030824954997356054	0.39695004762943265	0.134048
0.029620603128254198	0.2729577270734004	0.059213
0.027068588304645473	0.2004597013279398	0.0300645
0.026762557787646284	0.1848959254809631	0.0250062
0.025115896406550885	0.175676581013648	0.0226685
0.02389345024822832	0.14912020344101107	0.0156817
0.022740079105346343	0.1401751763207299	0.013791
0.023095328394061167	0.0672491330737435	0.00194956
0.022105652763300326	0.05393036472674134	0.00101281
0.021525626603674776	0.04416661821404176	0.000512615
0.021036186424148347	0.04189758377569523	0.000435198
0.020633072811545267	0.03559729519977323	0.000223928
0.020290728567100923	0.03518975586363528	0.000221981
0.020497605716984713	0.03389306490270536	0.000179438
0.02011757717878942	0.032433121789009395	0.000151673
0.01979184828929239	0.03179460731331285	0.000144066
0.1	0.2	0.01
0.065	0.2	0.018225
0.09620915032679737	0.3888888888888889	0.0856614
0.06691827922673328	0.6857142857142857	0.382908
0.054517968308882156	0.755	0.490675
0.3	0.3	0
0.33999999999999997	0.5	0.0256
0.2319047619047619	0.5	0.0718751
0.1764189405365876	0.9	0.52357
0.10862583743071548	0.8115873015873015	0.494155
0.08346824741359796	0.7187301587301587	0.403558
0.07690903171055398	0.6122222222222222	0.28656
0.07613586806325617	0.4968253968253967	0.17698
0.07619924352198501	0.43183091418385533	0.126474
0.0647742663171775	0.34514957264957263	0.0786103
0.06599025174483988	0.33492615227909345	0.0723265
0.05649436837588821	0.3010575004630732	0.0598111
0.060385134073734525	0.2801278381788127	0.0482869
0.05963887499643231	0.24849184053112966	0.0356654
0.05670009927135259	0.23051852082946445	0.0302128
0.04673207754862461	0.19025051057963743	0.0205975
0.0416733458272093	0.15931387224463953	0.0138393
0.041224442658140584	0.1197588155328835	0.00616765
0.040020405107400056	0.12763694453102065	0.00767666
0.04047136688533976	0.11412214241205439	0.00542444
0.04064607612816793	0.11266135648464184	0.0051862
0.040754648958834724	0.10860594553558119	0.0046038
0.0405823716653698	0.10338173827482104	0.00394376
0.040718478535786015	0.09318127281600122	0.00275234
0.24	0.3	0.0036
0.18603174603174605	0.5	0.0985761
0.1168131868131868	0.5	0.146832
0.11503383610800491	0.9	0.616172
0.07915186998180174	0.8071428571428572	0.529971
0.0659793091591965	0.6524369747899159	0.343933
0.06033483326682389	0.5774603174603175	0.267419
0.06304158336173438	0.3280955055609961	0.0702536
0.06434817865404255	0.268186853790353	0.0415502
0.057098979077326785	0.20810305341424123	0.0228022
0.05910892149686808	0.17646174896765782	0.0137717
0.05353640920640353	0.15111979171633927	0.00952252
0.057039281199108526	0.1440542263554393	0.0075716
0.0542920600425049	0.13827541175572833	0.0070532
0.051942217510600505	0.12110146536642448	0.004783
0.04547697854923129	0.08835911388000195	0.00183888
0.04081830953949534	0.07769649718739847	0.00136
0.040840541327404466	0.07336713702849186	0.00105798
0.03955309819389099	0.06523008473799238	0.000659308
0.040036325859576345	0.06542861803714664	0.000644769
0.04031407914198528	0.06448452111387241	0.00058421
0.040467467960751895	0.06230141118794813	0.000476721
0.04033243962536663	0.060830732283641734	0.00042018
0.04043282002024246	0.05883071306228434	0.000338482
0.3	0.3	0
0.20500000000000002	0.5	0.087025
0.14109890109890108	0.5	0.12881
0.1397594476387046	0.9	0.577966
0.11389606749973498	0.8895238095238096	0.601598
0.09255897843802471	0.8400000000000001	0.558668
0.16666666666666666	0.2	0.00111111
0.3071428571428571	0.4	0.00862245
0.26676767676767676	0.58	0.0981145
0.3313717448701968	0.7066666666666667	0.140846
0.18410720391683855	0.6133333333333333	0.184235
0.15748208396662206	0.7011327561327562	0.295556
0.1582009857992413	0.5562548562548563	0.158447
0.14046561976847832	0.4710064935064935	0.109257
0.12365364702174413	0.3729203043258771	0.0621339
0.10978843150569788	0.3112284816632642	0.0405781
0.10074152902641924	0.3088902812587023	0.0433259
0.09134907695098757	0.30021959402604564	0.0436269
0.08417815006760646	0.2731745468197373	0.0357196
0.08319750128609932	0.2355790778970211	0.0232201
0.0763062870458729	0.22898027372787824	0.0233093
0.06272664097464495	0.1768664277546472	0.0130279
0.060519006225441804	0.16498895133453456	0.010914
0.06033828243002406	0.14873347864729958	0.00781371
0.059542363387508554	0.13356698961197833	0.00547965
0.05913324075429808	0.12113250407267731	0.00384391
0.05890884564398807	0.11440312415797008	0.00307961
0.05879799097859699	0.11289694549222433	0.0029267
0.05896801389510516	0.10928731872576825	0.00253203
0.05814642643892796	0.10213634198233863	0.00193511
0.15	0.2	0.0025
0.17857142857142855	0.4	0.0490306
0.16812409812409815	0.6	0.186517
0.20805257705257704	0.7216666666666667	0.263799
0.103870428006321	0.6225332068311196	0.269011
0.10902184386886846	0.6533237776716039	0.296265
0.10856525717499874	0.4986656985487631	0.152178
0.10186235798022332	0.33957499899787547	0.0565073
0.09690763255055519	0.2333185293154881	0.0186079
0.09464488684356002	0.20107766592281773	0.0113279
0.08914960214589182	0.19589217471645864	0.011394
0.08145397041042131	0.1836298484888445	0.0104399
0.07788865560696122	0.16031401028338044	0.00679394
0.07576092546300536	0.16042890012858918	0.00716867
0.07127330268789309	0.14903606099518646	0.00604705
0.061187810568569034	0.11099574688871332	0.00248083
0.05910513012037907	0.09754544781490872	0.00147766
0.05953482269308508	0.09002325945217268	0.000929545
0.0587839717894814	0.08645700774143636	0.000765797
0.058533992160328986	0.08438198172427738	0.000668119
0.058407208372318296	0.08022766622438375	0.000476132
0.05818635355668195	0.07898709418447684	0.000432671
0.05853051541794779	0.0780479306773611	0.000380929
0.05767814799602402	0.07570986755870189	0.000325143
0.15	0.2	0.0025
0.19	0.4	0.0441
0.1769119769119769	0.6	0.179003
0.25011715464804707	0.735	0.235111
0.1515378263681084	0.6883333333333332	0.288149
0.15011977903333187	0.814145299145299	0.44093
0.2	0.2	0
0.18	0.16	0.0004
0.2547619047619048	0.45999999999999996	0.0421227
0.3309155550332021	0.8266666666666665	0.245769
0.17738871238646986	0.7116883116883118	0.285476
0.1424644359237774	0.6797222222222222	0.288646
0.1487846695193419	0.5555699855699856	0.165474
0.12428323789915734	0.3959637576046245	0.0738103
0.1113885992807212	0.35251265240395674	0.0581408
0.11177628984105567	0.334258529028542	0.0494983
0.10830232725688319	0.26966066984545245	0.0260365
0.10675060610654308	0.25452154727589765	0.0218363
0.10421153294401024	0.2583111330368101	0.0237467
0.09724219625201883	0.24453943980815054	0.0216965
0.09218066896365977	0.23027111078073342	0.019069
0.08112464722044466	0.19314142426366904	0.0125478
0.08046815253548019	0.15575367345358768	0.00566791
0.08017567461430077	0.1408990567030866	0.00368733
0.0794115523848798	0.137069276267427	0.00332441
0.07857077941293014	0.1273876712950801	0.00238309
0.07723388226448942	0.12439889272955296	0.00222454
0.0772360487628532	0.1109793952769749	0.00113861
0.07743396900105559	0.10867485816671299	0.000975993
0.07780932898800288	0.10699843262607145	0.000852004
0.2	0.2	0
0.2	0.2	0
0.17776556776556776	0.48571428571428577	0.0948324
0.1753183155401576	0.8496031746031747	0.45466
0.11462817558574079	0.7026083226083226	0.345721
0.09558870526754784	0.6910305250305251	0.354551
0.11441506009881312	0.39531687675070026	0.0789058
0.09891465700207745	0.2821063372526494	0.0335592
0.09607117189854268	0.2120616658346262	0.0134538
0.09560504562737362	0.20318227914275216	0.0115729
0.10328954095946637	0.193159724753118	0.00807665
0.10029577049064882	0.18045321032517636	0.00642522
0.09357515668527303	0.1634820043126028	0.00488697
0.09090671919716307	0.15418476098331696	0.00400411
0.08825236418364144	0.15620148348635796	0.00461708
0.079181354988583	0.12418384047715877	0.00202522
0.07967000964749778	0.11554716700440279	0.00128717
0.07946478927537468	0.10587837978303102	0.000697678
0.07834645159445912	0.10557202097468614	0.000741232
0.07800375524259692	0.09973943405613504	0.00047244
0.07663597945947061	0.09730578268467666	0.000427241
0.07669884158897329	0.09631304372230545	0.000384717
0.07688824301691065	0.09632112517739903	0.000377637
0.07730124783768941	0.09489031372168263	0.000309375
0.2	0.2	0
0.2	0.2	0
0.22389610389610395	0.48571428571428577	0.0685488
0.24482446144513714	0.8546031746031746	0.37183
0.17338189375538696	0.8035714285714286	0.397139
0.15038899872838168	0.7987050630528891	0.420314
0.2	0.2	0
0.35	0.48	0.0169
0.39761904761904765	0.74	0.117225
0.4004390054390054	0.665	0.0699925
0.3124291005501524	0.5798412698412698	0.0715093
0.22675492815177667	0.485585248085248	0.0669931
0.21417951213536685	0.5473537491919844	0.111005
0.16768734984981942	0.3434320017214754	0.0308862
0.16312327548476385	0.3286694053073363	0.0274055
0.1478917038443889	0.289015923362954	0.019916
0.13904540134035068	0.29219808046299944	0.0234557
0.13752591883045323	0.2881529245991213	0.0226885
0.1276809696057425	0.2759322830234231	0.0219785
0.12569780878677445	0.24053354423282344	0.0131872
0.12447050674723585	0.2335372066970117	0.0118955
0.10479968905364619	0.19416242377084125	0.0079857
0.10215187519913546	0.18193379285678066	0.00636515
0.09692391805265155	0.16574492985119677	0.00473633
0.09625278425430456	0.13893295207426543	0.0018216
0.09607556234693307	0.1387711086021546	0.00182291
0.09541305094823875	0.13238483698965806	0.00136691
0.0956957028755924	0.13333887282384732	0.00141701
0.09596947314062103	0.12914616826757463	0.00110069
0.09567449914611935	0.12570643152448563	0.000901917
0.13999999999999999	0.2	0.0036
0.2690476190476191	0.48	0.0445009
0.2560667600373483	0.7207142857142858	0.215897
0.2448122952363092	0.6916666666666667	0.199679
0.2086522512383429	0.607789726613256	0.159311
0.15643040800019428	0.4288278962192006	0.0742004
0.16246461651987607	0.3731093782592573	0.0443712
0.13541042988329086	0.2851377450975975	0.0224183
0.1433542171477455	0.25365952749727916	0.0121673
0.12924129864685027	0.22222694301740828	0.00864633
0.12362910607229646	0.22300495690905325	0.00987556
0.12537847873488425	0.21554472417830225	0.00812995
0.12024466404426208	0.1958044806915274	0.00570929
0.11659117143231298	0.1856569803263863	0.00477009
0.11737697569329075	0.1853292873728012	0.00461752
0.10177989869888601	0.14789685730211982	0.00212677
0.0997828174503346	0.13815900191813935	0.00147273
0.09522085935481997	0.13051007518130228	0.00124533
0.09518447565384226	0.12526601244756236	0.000904899
0.09491495617785622	0.12295160274261652	0.000786054
0.09471881807714086	0.12047893211421483	0.000663583
0.09493564317421185	0.11952208369874509	0.000604493
0.09525199071730683	0.11780867237225312	0.000508804
0.09519724601375568	0.11607301356291513	0.000435798
0.2	0.2	0
0.2819047619047619	0.5	0.0475655
0.27187154348919057	0.76	0.238269
0.3235865800865801	0.7747186147186147	0.20352
0.29320449143986804	0.7764468864468865	0.233523
0.22456472045454348	0.7219165279165279	0.247359
0.7	0.7	0
0.7073809523809524	0.8066666666666666	0.00985765
0.6426373626373627	0.8004761904761905	0.0249131
0.6310427253905515	0.6355844155844157	2.06269e-05
0.5060453630438619	0.5722669865394324	0.0043853
0.4492593355089469	0.4829885319359004	0.00113766
0.3929079669611966	0.470585634156582	0.00603382
0.34383803529103873	0.4157841042429732	0.00517624
0.3011749533181702	0.39090176237863933	0.0080509
0.28133785218849516	0.3609855296978889	0.00634375
0.2638861156980187	0.3480608257254246	0.00708538
0.2503888611054858	0.3241369449944605	0.00543878
0.24460273917097944	0.3206881605738985	0.00578899
0.24028050565244147	0.31735603923315103	0.00594064
0.23115351035943812	0.3057544387546277	0.0055653
0.19032391161144713	0.24325246234912123	0.00280143
0.1864891280157565	0.22795930949335808	0.00171978
0.18312208171260672	0.21433761357080933	0.000974409
0.18178587254456668	0.20509427612232947	0.000543282
0.1819647256026016	0.2071445526849826	0.000634024
0.1821147981927089	0.20095234997769285	0.000354853
0.1813887934417745	0.1991357509225641	0.000314954
0.1807237707376626	0.19695975174131194	0.000263607
0.18074588393693655	0.1950150652463653	0.00020361
0.4966666666666667	0.7	0.0413444
0.5076812076812077	0.8800000000000001	0.138621
0.45933566433566436	0.8567460317460318	0.157935
0.5238517455757327	0.6883080808080808	0.0270459
0.41542483786459405	0.5421803581354696	0.016067
0.38503853390707693	0.4815715719719213	0.00931863
0.3454282470144273	0.4222512134233698	0.00590177
0.2968011272979658	0.37573818464465425	0.00623106
0.2786559277253641	0.3346544743354926	0.00313584
0.2598749490229573	0.3185954143652986	0.00344809
0.24912863589574222	0.30730037382760106	0.00338395
0.23640936686003675	0.3017099269923428	0.00426416
0.23871449701850342	0.28941289083532684	0.00257033
0.2297534908284558	0.27931871445749124	0.00245671
0.22432145405682852	0.2747672565574558	0.00254478
0.1882432887940156	0.2289263205203979	0.00165511
0.18379958841885252	0.21387244641807213	0.000904377
0.1812446767794873	0.20723516933411318	0.000675506
0.1807290332921903	0.2016105631460589	0.000436038
0.18063898539778817	0.200357869189697	0.000388834
0.18089719240878596	0.19766169407564296	0.000281049
0.1806621593113453	0.1944404554809277	0.000189841
0.18035408745054193	0.19316450067722118	0.000164107
0.1801916360337884	0.19187939870577397	0.000136604
0.5233333333333333	0.7	0.0312111
0.5507142857142857	0.8857142857142858	0.112225
0.542142857142857	0.9015262515262515	0.129156
0.6266758603715126	0.832542735042735	0.0423812
0.49461828185812823	0.7046486608704104	0.0441128
0.4844490582472868	0.6180634901074638	0.0178528
0.85	0.8800000000000001	0.0009
0.8789610389610389	0.8646031746031747	0.000206148
0.7094068676421619	0.7272510822510823	0.000318416
0.6998101557312084	0.6743387314439946	0.000648793
0.6043312821463391	0.5897720263687641	0.000211972
0.5461954432568907	0.554460802543767	6.83162e-05
0.5167444292210622	0.5380045610169308	0.000451993
0.46696845026319134	0.4968311318335286	0.00089178
0.41475621053148926	0.4404059602154041	0.00065791
0.39812882443114517	0.42834498892458106	0.000913017
0.3808173588184271	0.4117836714579551	0.000958913
0.3674537266194452	0.3961850507767348	0.000825489
0.3626310242728158	0.391573640724122	0.000837675
0.36059486272921853	0.3848709513835939	0.000589328
0.35104149533620277	0.3773011181850047	0.000689568
0.3397788953790702	0.357694576010308	0.000320972
0.33940388213616324	0.3496847780225045	0.000105697
0.33629456849394407	0.34497449122295654	7.53411e-05
0.3348250864604586	0.33970903054836565	2.38529e-05
0.33442018389173245	0.3375567114938169	9.83781e-06
0.3327289472211557	0.33532307100340275	6.72948e-06
0.3328673741493803	0.3346197506336586	3.07082e-06
0.3329317248991089	0.33424530020321896	1.72548e-06
0.3331540280869411	0.334160771986277	1.01353e-06
0.8400000000000001	0.9	0.0036
0.6969555444555444	0.9176698301698302	0.0487148
0.6856454819690113	0.8016080488139311	0.0134473
0.677732246352936	0.749226024193766	0.00511136
0.5820601820158692	0.6164104019296929	0.00117994
0.534960519979723	0.5684632985765452	0.00112244
0.4895710656817845	0.5289325527681596	0.00154933
0.4429138011706112	0.48742318422503966	0.00198109
0.41110608469307586	0.44527443729562677	0.00116748
0.3913284403437867	0.4292117689660425	0.00143515
0.37425208348932637	0.40713599140218937	0.00108135
0.3588711046428027	0.3940870471018795	0.00124016
0.354472656842459	0.38767698576466253	0.00110253
0.35594294499498225	0.38374637689482244	0.000773031
0.3485432243245565	0.3756758635920111	0.00073618
0.3361438131363418	0.35554562927606825	0.00037643
0.3373217399401111	0.3486712548230204	0.000128811
0.33464190383030407	0.3431266241962603	7.19905e-05
0.3331526688380697	0.3380666801041765	2.41475e-05
0.33321961484701734	0.3366807518589883	1.19795e-05
0.33180638930739753	0.33459649133004377	7.78467e-06
0.3319509717132413	0.3336992220043254	3.05638e-06
0.3321076308091049	0.33376910555911066	2.7605e-06
0.3324441727914166	0.33370467485298316	1.58887e-06
0.8400000000000001	0.9	0.0036
0.7998376623376624	0.9331709956709957	0.0177778
0.7528277424330054	0.8788778034830667	0.0158886
0.6953932284052223	0.8105930344165637	0.013271
0.6348760241326488	0.6773761040065388	0.00180626
0.5862221750439718	0.6400601539982083	0.00289853
0.9607142857142857	0.9171428571428573	0.00189847
0.9067016317016318	0.7824245199245199	0.0154448
0.8504878618113914	0.7625621746674378	0.00773093
0.7517615682321563	0.706674421365866	0.00203285
0.6616617193841741	0.6672415001059191	3.1134e-05
0.5835281996063877	0.6167141086467401	0.0011013
0.565844216219394	0.5937138270630149	0.000776715
0.5282726958896107	0.5613016681924725	0.00109091
0.5130466430806844	0.5393602982622172	0.000692408
0.5092041052107161	0.5319098965483857	0.000515553
0.4935958498042461	0.522826126393227	0.000854409
0.4894885666212579	0.5107169090611215	0.000450643
0.49044188917323767	0.5044549652859727	0.000196366
0.4871093687879041	0.5011353795895841	0.000196729
0.4808997125157807	0.4951479706414528	0.000203013
0.4664598122166114	0.47233167055277336	3.44787e-05
0.46308651227170816	0.4654815720387099	5.73631e-06
0.4612675319201392	0.462535396734721	1.60748e-06
0.46075982043381475	0.46162483954015876	7.48258e-07
0.46019426880140857	0.46080910336693365	3.78022e-07
0.45986976851637235	0.46022528641354643	1.26393e-07
0.46025792143707067	0.4604890353699099	5.34136e-08
0.46044533072023786	0.46039406955708645	2.62771e-09
0.4601536737516212	0.4602791003061518	1.57318e-08
0.9638888888888889	0.9638888888888889	0
0.9157843137254902	0.885843160107866	0.000896473
0.8173794704379412	0.8111390368504381	3.8943e-05
0.7471766954530292	0.761290824505773	0.000199209
0.6246978424254477	0.6598404071122679	0.001235
0.5611752336881426	0.624683535191733	0.0040333
0.5388469999878795	0.5952245882010501	0.00317843
0.5183924080772464	0.551209765304456	0.00107698
0.5041643571158493	0.5424257780868114	0.00146394
0.5018707098528192	0.522694153422728	0.000433616
0.49205417940228174	0.5172725560414263	0.000635967
0.4873721361311765	0.5098578991552517	0.00050561
0.4878547145767148	0.503963092568531	0.00025948
0.4867430535193499	0.5008416621449167	0.000198771
0.47986609507798833	0.4940054527168879	0.000199921
0.46539938710166895	0.472333210457384	4.80779e-05
0.4625123623334777	0.4653568468160236	8.09109e-06
0.46077380152835434	0.46223431949472904	2.13311e-06
0.46043406243406826	0.46130225331581515	7.53755e-07
0.4597860908083639	0.4603999835318205	3.76864e-07
0.45942290446207623	0.45999583929837085	3.28254e-07
0.4598094821818105	0.46009413273371774	8.10259e-08
0.4600325275402774	0.46024267156285886	4.41605e-08
0.45983857032774533	0.46001547849468266	3.12965e-08
0.9638888888888889	0.9688888888888888	2.5e-05
0.9264253393665159	0.9319808949220715	3.08642e-05
0.8593019686898407	0.8706553521484872	0.000128899
0.7948867385976935	0.8198323092749717	0.000622281
0.7289671297528032	0.7381597462465423	8.45042e-05
0.6462192948500461	0.6792400004504554	0.00109037
0.9521478521478521	0.9287290487290486	0.00054844
0.9134338719079509	0.9016315329550626	0.000139295
0.8936068325594702	0.8756063944773622	0.000324016
0.8467449413453998	0.8216543537613383	0.000629538
0.7696819117811888	0.7628008125173148	4.73495e-05
0.7286375953115226	0.7366736414748507	6.4578e-05
0.7018135336322588	0.7082320504374616	4.11974e-05
0.6829726340024405	0.6864021798395399	1.17618e-05
0.6694014222043161	0.6746580662684509	2.76323e-05
0.6651007702147551	0.6675496647287582	5.99708e-06
0.6620961748651565	0.6643634586207888	5.14058e-06
0.6572386187622015	0.6581975479882529	9.19545e-07
0.6566574219015557	0.6575349800137957	7.70108e-07
0.659951724548433	0.6601157150914397	2.68929e-08
0.660440963294856	0.6610133362216036	3.27611e-07
0.6627903102231281	0.6629457500834273	2.41616e-08
0.6641733480822498	0.6642304770368889	3.26372e-09
0.6648291553226129	0.6647272153054132	1.03918e-08
0.6657225530554545	0.6657154217648691	5.08553e-11
0.6658373478123137	0.6657506052162727	7.52428e-09
0.6668684813979571	0.6668759063407118	5.51298e-11
0.6667861853616052	0.6666914586219723	8.97316e-09
0.6663835398347058	0.6663224212460784	3.73548e-09
0.6668303144205866	0.6667698542920718	3.65543e-09
0.9832167832167833	0.9832167832167833	0
0.9241324365012522	0.9236673087359216	2.16344e-07
0.9018392272755547	0.8933806637575683	7.15473e-05
0.8556591606555886	0.8509655192432717	2.20303e-05
0.7640444056236507	0.7667052051348063	7.07985e-06
0.7245563697998715	0.7328974741280894	6.9574e-05
0.6991404771320594	0.7044189016400458	2.78618e-05
0.6808847842568762	0.6865039855673046	3.15754e-05
0.6680196761928665	0.6725742025394266	2.07437e-05
0.6644443338092654	0.6665625995512686	4.48705e-06
0.6605948133908303	0.6631334414724435	6.44463e-06
0.6556109731802247	0.6575859282133697	3.90045e-06
0.65636350145719	0.6583804921043147	4.06825e-06
0.6594001490865776	0.6600394182380882	4.08665e-07
0.6601019995458047	0.6603313606228898	5.26065e-08
0.6624056793388335	0.6625859735979585	3.2506e-08
0.66400878104069	0.66400878104069	0
0.6647318878941482	0.6647318878941482	0
0.6655540507387505	0.6655540507387505	0
0.6656128849649404	0.6656128849649404	0
0.6666902478797295	0.6666902478797295	0
0.6666416147464154	0.6666416147464154	0
0.6662907016292939	0.6662907016292939	0
0.6667369556678173	0.6667369556678173	0
0.9832167832167833	0.9832167832167833	0
0.937675706246568	0.9412686350568882	1.29091e-05
0.9067699588250878	0.9079261386256239	1.33675e-06
0.871522005681203	0.8777796516258555	3.91581e-05
0.7937588032451275	0.8008348861816966	5.00709e-05
0.7507432819648967	0.7585276402918095	6.05962e-05
