0.0	0.23933019868172067	0.0572789
0.1	0.25322830260425344	0.0234789
0.1	0.24802893125549436	0.0219126
0.06666666666666667	0.2312133712745017	0.0270756
0.0125	0.2106304752337118	0.0392557
0.05653265677855842	0.21565026906941265	0.0253184
0.056910016977928704	0.2183057813858516	0.0260486
0.024340765831423142	0.20658232561567408	0.033212
0.024390353081815575	0.20168631110937726	0.0314339
0.01854124299957343	0.19832660092253046	0.0323228
0.016978542628764838	0.19757031635965752	0.0326134
0.015324681036745688	0.19475381154106516	0.0321948
0.014571460597528405	0.19330152377254917	0.0319444
0.01432277557438288	0.19251157435543356	0.0317512
0.013072490098275564	0.19193076133024894	0.0319903
0.012417509949400132	0.19006515483052003	0.0315587
0.012162634906288983	0.18971385301737018	0.0315244
0.011452470600862704	0.188847856352427	0.0314691
0.01081639684571219	0.18854093436934144	0.031586
0.010351526912329649	0.18842592636896155	0.0317105
0.010152033746667517	0.18802054778294564	0.0316372
0.0099925014151397	0.18774783089678915	0.031597
0.009687381459078426	0.18766784552234594	0.031677
0.009530850198542721	0.18764866139041722	0.031726
0.0	0.2527487447127498	0.0638819
0.1	0.262175542137886	0.0263009
0.05	0.24888169676839317	0.0395539
0.05	0.23564173129563923	0.0344629
0.004166666666666667	0.21263357394359456	0.0434585
0.018548368270309624	0.21081883953233738	0.0369679
0.02289084713452822	0.21062649586417015	0.0352447
0.016902017755821737	0.2049015895583028	0.0353438
0.015721624898164577	0.20082073826319383	0.0342617
0.013882834515463344	0.19752433861210067	0.0337242
0.012982423333987475	0.19576321842631372	0.0334088
0.013062176848141588	0.19442444639283957	0.0328923
0.011131358625686196	0.1925469492779998	0.0329116
0.010760662430524832	0.19136390688013932	0.0326175
0.010869309009933503	0.1907764216215525	0.0323666
0.011033821389570295	0.18939233740740063	0.0318118
0.012016207047437801	0.18956199153335856	0.0315225
0.011141766875380427	0.1886744394574999	0.0315178
0.010630648623687598	0.18835519976387677	0.031586
0.0101309520801429	0.18822134154388487	0.0317162
0.00995491839620497	0.18787001202736947	0.0316538
0.009701385582483879	0.1875473990234044	0.0316292
0.009495435070148299	0.1875224603122427	0.0316936
0.009369578008094358	0.18753642709645607	0.0317434
0.0	0.25371671668512474	0.0643722
0.1	0.26634684210896203	0.0276713
0.1	0.26143013953035676	0.0260597
0.04	0.24392698555542003	0.0415862
0.007407407407407407	0.22329625558233315	0.046608
0.039949579406101145	0.2274356132096063	0.035151
0.0	0.2245678574492352	0.0504307
0.2	0.2888401619590098	0.00789257
0.2	0.263637290232258	0.0040497
0.20984848484848487	0.26077313113757694	0.00259332
0.1999654934437543	0.24791395418765233	0.00229905
0.15003046380966292	0.2405485839528671	0.00819353
0.13184363196990367	0.23579367469957288	0.0108056
0.09455113482207655	0.22685650082451728	0.0175047
0.07516348869348015	0.2208213196143422	0.0212162
0.06727351857037757	0.2158124931368901	0.0220638
0.052538253931775046	0.211369051473489	0.0252272
0.05534166610237802	0.21159036042712115	0.0244137
0.049440865088129816	0.20932532995191125	0.025563
0.04516105086192744	0.20713590651805314	0.0262359
0.04325839737440143	0.20501554988543763	0.0261654
0.03344471921227187	0.20078756337432763	0.0280036
0.02810688240395943	0.1981234339222261	0.0289056
0.02379034319246012	0.19721068082509036	0.0300746
0.02300392563862237	0.19643771602703736	0.0300793
0.021948894604131058	0.19622292713137937	0.0303714
0.021840946081105966	0.19587735141849938	0.0302887
0.021349473789573303	0.19585962103409876	0.0304538
0.020682330251254134	0.19553194194103557	0.0305724
0.020237241765014107	0.19515048792619402	0.0305946
0.0	0.2301861243838519	0.0529857
0.2	0.2953533759507593	0.00909227
0.1181818181818182	0.2638907065982087	0.0212311
0.1282663592446201	0.27888116697539356	0.0226848
0.07444969745879246	0.24398574900552128	0.0287425
0.06290336181376974	0.23403196229802808	0.029285
0.05813250527468673	0.22865386167230559	0.0290775
0.050268953350781145	0.22056167391126472	0.0289996
0.04106086578909103	0.214535767210777	0.0300935
0.041129855660612155	0.2110911526535709	0.0288868
0.03800656319671248	0.20849245994452542	0.0290654
0.03852625573807283	0.2080451072706122	0.0287366
0.03409551303317103	0.20645683337545884	0.0297084
0.03277126553523783	0.2047355344905574	0.0295717
0.0329196450956757	0.20349520834908788	0.029096
0.02726558580520256	0.19959597130166978	0.0296978
0.02585167015773333	0.19769631361875928	0.0295306
0.02339516684100901	0.19678581330342496	0.0300643
0.021991848884569787	0.19617615256067425	0.0303402
0.021433529425296704	0.19596627696394392	0.0304617
0.020776590561808188	0.19560389724225705	0.0305646
0.020910624040300755	0.19564385866329634	0.0305317
0.020307378243608856	0.19536003909084737	0.0306434
0.019851288212461852	0.19501756853168192	0.0306832
0.0	0.24064453955331078	0.0579098
0.2	0.3032379544846398	0.0106581
0.2	0.2808874304276142	0.00654278
0.15496031746031744	0.2890081113549437	0.0179688
0.1547536945812808	0.2656506298638524	0.0122981
0.11923981102997978	0.25357298612782747	0.0180454
0.3	0.3726387683214278	0.00527639
0.5	0.3637125774030365	0.0185743
0.5	0.3200055807016392	0.032398
0.6166666666666666	0.3135037698061147	0.0919077
0.3829348137242874	0.277449329552578	0.0111272
0.23677445498680302	0.26224817985538945	0.000648911
0.2719994208689861	0.2542968501046704	0.000313381
0.1665573290303494	0.24784331996928982	0.00660741
0.14306181694296594	0.2452472833562999	0.0104419
0.14160908090619145	0.2426537919082586	0.01021
0.13330698686494108	0.23884559646624876	0.0111384
0.11649197866492655	0.23159390239167346	0.0132485
0.10216415331007003	0.2318451285958431	0.0168172
0.10297680415184685	0.22864165064664563	0.0157917
0.09556795826778275	0.22648561537281459	0.0171394
0.06131781535284059	0.2160123349175953	0.0239304
0.05242436082455626	0.2113194445770737	0.0252476
0.05084761033079086	0.21110107010407306	0.0256812
0.04572532154750558	0.20950041962692106	0.0268223
0.044835973021919	0.2095310433775337	0.0271245
0.04428419960887575	0.2095374985632013	0.0273087
0.04376780103730095	0.2094385521806703	0.0274468
0.04284412597312816	0.2092056738463078	0.0276762
0.04213236779319126	0.20915356869605603	0.0278961
0.3	0.37913376187762876	0.00626215
0.5	0.36742957047029345	0.0175749
0.23888888888888885	0.31192067197356516	0.00533364
0.23879554655870447	0.30353252842836836	0.00419088
0.10698041977759565	0.26204211292189505	0.0240441
0.11148967910572789	0.256593893791145	0.0210552
0.09526434079780936	0.24525431506601705	0.022497
0.09160074387908132	0.24085443994623557	0.0222767
0.09488557912077177	0.23802470369488105	0.0204888
0.08527520738905633	0.23272847786783135	0.0217425
0.08521731757319621	0.23175705770149352	0.0214739
0.07704537915271885	0.22645853018574802	0.0223243
0.0813267904958977	0.22884181146527852	0.0217607
0.08012115117349326	0.22586196971234726	0.0212404
0.07599249702840957	0.2231390361313937	0.0216521
0.057633718729609026	0.21527430188720306	0.0248506
0.04820670858473897	0.21071790644045948	0.0264099
0.047220419262443226	0.21068716669562998	0.0267214
0.04482631871561374	0.20936172611789608	0.0270719
0.04361134003513791	0.20927866757302063	0.0274457
0.04374077323961272	0.20944883205910622	0.0274592
0.04377588245783846	0.20931374496558464	0.0274028
0.042534178132258585	0.20904906676881882	0.0277272
0.04207653530651922	0.2090420950263275	0.0278775
0.3	0.37934018466270936	0.00629486
0.5	0.3698481599670095	0.0169395
0.4	0.3288438227684083	0.0050632
0.437070707070707	0.32956727575282996	0.011557
0.24644485144485145	0.291928356293885	0.00206875
0.2222040894142249	0.2759555344962737	0.00288922
0.2	0.32838760950686197	0.0164834
0.4	0.3710583567789317	0.000837619
0.5466666666666666	0.34812089282526903	0.0394204
0.6166666666666667	0.3666222154884309	0.0625222
0.42335987026389504	0.30721713228416003	0.0134891
0.34426654705502735	0.2991309572683932	0.00203722
0.35661746873955785	0.29182381769094407	0.00419822
0.2865215865836428	0.28724138115649456	5.18104e-07
0.23947847224979904	0.2714206936416093	0.00102031
0.22214246422398495	0.2676011954688156	0.0020665
0.20163101222856344	0.26255368281476704	0.00371157
0.17880044067070716	0.25719654213765875	0.00614595
0.1547568505534405	0.2513769531473787	0.00933544
0.13235233855495657	0.2457687032430848	0.0128633
0.12982691932680962	0.24336733066981503	0.0128914
0.0818376439376823	0.22817008240501346	0.0214132
0.07189025495861132	0.22502531514432594	0.0234503
0.06895627983581744	0.22394833064467107	0.0240225
0.06616758632121009	0.22289417222312954	0.0245632
0.06386062860928705	0.22187319350383344	0.024968
0.06201934432110793	0.22140234316420374	0.0254029
0.0613106841766605	0.22124846399954726	0.0255801
0.06106139037186344	0.22121843038946637	0.0256503
0.05979193903887675	0.22042892620126248	0.0258042
0.2	0.3423906614141243	0.0202751
0.4	0.37924064426637605	0.000430951
0.36523809523809525	0.36222340605995357	9.08835e-06
0.5135714285714286	0.3791986630071792	0.018056
0.15861596020623941	0.2793566390637374	0.0145783
0.16732104881172574	0.27845575183523125	0.0123509
0.16633067386786327	0.27667842977061213	0.0121766
0.14516942920634157	0.2651517589941192	0.0143958
0.13229258541708025	0.2564863857821462	0.0154241
0.13496256961389347	0.2561393195396779	0.0146838
0.11902926757595964	0.2485395745307381	0.0167729
0.11273010102252676	0.2457892020125773	0.0177047
0.10703220969223963	0.24255343004452995	0.018366
0.10732511345241731	0.24159399907221468	0.0180281
0.10220781402973503	0.23983633748967614	0.0189416
0.0758290537764388	0.2271569309510158	0.0229001
0.06793826439163683	0.2244743983411123	0.0245036
0.06760240752843909	0.2239084489572706	0.0244316
0.06473202692460123	0.22258295183086801	0.0249169
0.0620483481567801	0.2216549743196527	0.0254743
0.06104502477351607	0.2210653589532512	0.0256065
0.05955836559776508	0.22090411209656796	0.0260324
0.05952417168112373	0.22086801881643442	0.0260318
0.05861216676489935	0.22010765104815905	0.0260808
0.2	0.3452687377149454	0.021103
0.4	0.3808800830109374	0.000365571
0.45666666666666667	0.37196657830672525	0.0071741
0.6003968253968253	0.3965198652852839	0.0415658
0.3574907880790234	0.3247428270834204	0.00107243
0.3286422045997851	0.3155704511703591	0.000170871
0.2	0.34604520983356263	0.0213292
0.18	0.30670265652305717	0.0160536
0.42666666666666664	0.3267476176651728	0.00998382
0.7296031746031746	0.3738613161030607	0.126552
0.46983305966064587	0.3070462805395702	0.0264995
0.35289722225359316	0.2921330058940829	0.00369229
0.3551384686512688	0.29945265024000306	0.00310091
0.2580037372287278	0.28294806490099916	0.000622219
0.2142948817994513	0.2740774764767295	0.00357396
0.1816218780779874	0.2663140600823329	0.00717277
0.179533175778448	0.2655178772651916	0.00739337
0.16054201727886455	0.2632162174217535	0.010542
0.15647453919490098	0.2593216782800659	0.0105775
0.15177598704625553	0.25776588823243796	0.0112339
0.13874957854244235	0.25268594462713345	0.0129815
0.09702252465125037	0.2394533930080574	0.0202866
0.0924585852314991	0.23850600462920551	0.0213298
0.08943955807869494	0.23713317226920685	0.0218134
0.08472311291093626	0.23574371014907075	0.0228072
0.08392325136754605	0.23532306480250326	0.0229219
0.07983276321585048	0.23403502283098887	0.0237783
0.07909984187824906	0.2340941972744644	0.0240233
0.07950009243783251	0.2342113590452713	0.0239356
0.07966287372280743	0.23439021163369617	0.0239405
0.2	0.3544879197793276	0.0238665
0.18571428571428572	0.326601195029501	0.0198491
0.2551587301587302	0.3512441301498059	0.0092324
0.3693722943722944	0.35738844211515	0.000143613
0.1893286795763576	0.28724638374269024	0.00958788
0.17276659068383152	0.28009682892403137	0.0115198
0.1713371943371125	0.2811982793921762	0.0120695
0.14697114693750699	0.2653261640020504	0.0140079
0.13790894866588016	0.2607289139429313	0.0150847
0.1399300114478873	0.2584500685871115	0.014047
0.13493613086639084	0.2575399376278505	0.0150317
0.1321083721036071	0.2560623940393313	0.0153646
0.12357917056373893	0.2517345494030111	0.0164238
0.1167481194774636	0.24957221423174852	0.0176422
0.11297785271544696	0.2474874169209193	0.0180928
0.09195341705702512	0.2385954833594599	0.0215039
0.0875258272335605	0.23716002249258356	0.0223904
0.0844457310102569	0.2363474953605959	0.0230741
0.08239604162800952	0.23526609559617045	0.0233693
0.08139150590625001	0.23492490925198287	0.0235725
0.08031445377408278	0.23390944079202272	0.0235914
0.07936170988814256	0.23395116301039548	0.0238979
0.07895495742742153	0.23394404144256004	0.0240216
0.07849520687034495	0.2341080996147465	0.0242154
0.2	0.35591874462335377	0.0243107
0.2	0.34355926901075334	0.0206093
0.33571428571428574	0.3664313663700913	0.000943539
0.643888888888889	0.39654804652029385	0.0611775
0.4105124507116701	0.32849563174531854	0.00672676
0.2789920351979175	0.31071307792265435	0.00100622
0.2	0.3132893104088519	0.0128345
0.5	0.3823215681240982	0.0138482
0.6807142857142858	0.4069692545035209	0.0749363
0.7036507936507936	0.4016572739902621	0.0912001
0.563502080994341	0.36718718018185503	0.0385395
0.43875923529823463	0.3254736745116386	0.0128336
0.3520920945057425	0.31752816332968264	0.00119467
0.28125923103952466	0.309009318935153	0.000770067
0.25958605440300514	0.3019433490777306	0.00179414
0.2159914624562041	0.28658685375235105	0.00498371
0.19746595187780164	0.28217335825978973	0.00717534
0.2031431838502235	0.28393355339925497	0.00652708
0.1700628959099013	0.2744834531251376	0.0109037
0.15359776512716367	0.2682364932595667	0.013142
0.1581311011791497	0.27049918924863203	0.0126266
0.12462343213101794	0.2555389385909307	0.0171389
0.11298107454985926	0.25097461866423154	0.0190422
0.10492859084894628	0.2469935433165657	0.0201825
0.10069081717123043	0.24634655954025578	0.0212156
0.1013542243887382	0.24636642535174488	0.0210285
0.09918642630329523	0.24571560466484738	0.0214708
0.09809249716307553	0.24589026260811625	0.0218442
0.09799507685432106	0.24599818315895755	0.0219049
0.09772150061203096	0.24576259567255887	0.0219162
0.2	0.3252853279581454	0.0156964
0.5	0.39028710195824706	0.0120369
0.47428071928071924	0.39404059762679006	0.00643848
0.46316399286987514	0.4037502299799767	0.00353
0.3495529631763984	0.35603054408505996	4.19591e-05
0.25166514662616574	0.3126257145229371	0.00371619
0.22689003289353504	0.3065003760506255	0.00633781
0.1944896904396785	0.29196182728799674	0.00950082
0.19362270347200752	0.2894551711041987	0.00918386
0.17211782915053558	0.2803277797189611	0.0117094
0.16195104989283773	0.2758327443424441	0.012969
0.16078476595906327	0.2754224350195431	0.0131418
0.14799550935598305	0.2690486615269496	0.0146539
0.13907880994170754	0.2647633496406489	0.0157966
0.1403222666651231	0.26569697865111186	0.0157188
0.11479483859040478	0.2535003085293281	0.0192392
0.10891691752956718	0.25027740007421423	0.0199828
0.10202968133465869	0.24645083909942717	0.0208575
0.09928332842069265	0.24591638730478857	0.0215013
0.09952057767840855	0.2459304711281026	0.0214359
0.09842107372220718	0.24531997851737836	0.0215793
0.09714378903477702	0.24553595097869732	0.0220202
0.09743069561135224	0.2457035960258652	0.0219849
0.0970420180903209	0.24550325259452607	0.0220407
0.2	0.3252853279581454	0.0156964
0.5	0.39383584294022334	0.0112708
0.595	0.41661013495332655	0.0318229
0.7066233766233766	0.432295294958002	0.0752559
0.5368280085927145	0.3975610304396987	0.0193953
0.46661487937349994	0.35362526937636685	0.0127667
0.7	0.5213359812552665	0.0319208
0.835	0.5217859631116603	0.098103
0.8363675213675213	0.5119435989975318	0.105251
0.7246264262053737	0.5144327330211655	0.0441814
0.6096225650910809	0.48056979031764835	0.0166546
0.4969153203451769	0.4568208228906638	0.00160757
0.44900899265100425	0.431597341530696	0.000303166
0.3849717596547724	0.4002030848639807	0.000231993
0.3301762108011615	0.37806637458049003	0.00229347
0.31413758163478334	0.37012553187236374	0.00313465
0.29790253194946564	0.3617083592433484	0.00407118
0.27864653193278716	0.3535907684367251	0.00561664
0.2795587884141469	0.35081742289067475	0.00507779
0.2747253301390081	0.34826421277834446	0.00540797
0.26097663269845356	0.34156485536165787	0.00649446
0.20668956556757942	0.31373159035327797	0.011458
0.19759532181267822	0.31031512333774064	0.0127058
0.19046459846694325	0.3073674274756707	0.0136663
0.18742073297429435	0.30601827703908513	0.0140654
0.18731436475167276	0.30597742959403695	0.0140809
0.1852497260763293	0.30572795237514405	0.014515
0.18375923493047489	0.30519120006508726	0.0147457
0.1828514304350493	0.30457447755061984	0.0148165
0.1823616687698202	0.304404482678145	0.0148944
0.7	0.5270046532246135	0.0299274
0.8133333333333332	0.5515431890144192	0.0685341
0.7674786324786325	0.5407256117846659	0.0514169
0.7058767507002801	0.5581856081215749	0.0218127
0.5301654966066709	0.48750343684709085	0.00182005
0.4647916403036968	0.4584698062886911	3.99656e-05
0.39834638525786337	0.42806902120978885	0.000883435
0.3416775598128247	0.3881901754641876	0.00216342
0.3005275042497267	0.3696107889308058	0.0047725
0.2843215575785383	0.3606557136198757	0.0058269
0.274768872353139	0.3568733075696084	0.00674114
0.25977949635147113	0.34687263226146514	0.00758521
0.2560850641761508	0.345860031063286	0.00805954
0.2536468657466256	0.3433222469512195	0.00804167
0.24087659245568513	0.33634138901425975	0.00911353
0.20173775615062609	0.3127800447148934	0.0123304
0.1960795107817559	0.3099669417308715	0.0129703
0.1901574384472373	0.30723233688875473	0.0137065
0.18427576940373472	0.3052298253621092	0.0146299
0.18521021450046016	0.30540220038199495	0.0144461
0.18411008828351308	0.30535405479367933	0.0147001
0.18255201830671294	0.30479620408892094	0.0149436
0.18170038970214203	0.30422189189207105	0.0150115
0.1815384971027565	0.30414705966145156	0.0150329
0.7	0.5287544605406878	0.029325
0.8800000000000001	0.5655855069721396	0.0988565
0.8793040293040294	0.5571285279819909	0.103797
0.8028104575163397	0.5814843957508786	0.0489852
0.6324506559183934	0.5138311892699365	0.0140706
0.5782370648585949	0.49513939469164914	0.00690522
0.9	0.7049133020671328	0.0380588
0.8697546897546896	0.6533211632771548	0.0468435
0.7924847374847375	0.6183981332555871	0.0303061
0.7571450479345216	0.6003455783198896	0.0245861
0.6290198165891016	0.5691130076771206	0.00358883
0.573449889058465	0.5459555496966997	0.000755939
0.5435542268715527	0.5282425632869676	0.000234447
0.4830677052341084	0.49377226712873384	0.000114588
0.43230682099012235	0.46433613157723397	0.00102588
0.4182845031288239	0.45372952823430834	0.00125635
0.39878035470823986	0.44172107773653996	0.00184391
0.3867722267886262	0.4333823067947685	0.0021725
0.38249787701399124	0.43184454584101306	0.00243509
0.3729913717522234	0.428881117331292	0.00312366
0.36592919337389096	0.42472194135701685	0.00345659
0.3474923234874174	0.4173430301411723	0.00487912
0.34219012119740927	0.41575896787989636	0.00541238
0.33842053230194413	0.4144910038074093	0.00578672
0.33524696172492696	0.4132041840396524	0.00607733
0.33482508975046105	0.4131754792679003	0.00613878
0.33311203409306944	0.4121237111289354	0.00624285
0.33313825709807177	0.4122400286313111	0.00625709
0.33297800291208485	0.4121469745072729	0.00626773
0.3333516316293978	0.4124153836619732	0.00625108
0.9	0.7074363347691615	0.0370808
0.9176698301698302	0.6990104645275397	0.0478119
0.7914609899904017	0.6503371010617565	0.019916
0.7397542599647863	0.6268046595354011	0.0127576
0.6096219568324174	0.5736453935516901	0.00129431
0.561874592113738	0.5468959091264363	0.000224361
0.528444098925751	0.5267009815885435	3.03846e-06
0.4659826427047774	0.4891867675658855	0.000538431
0.4306560608124469	0.46565812369731285	0.00122514
0.4098219204132484	0.4527683962146498	0.0018444
0.3919424226423428	0.4416111404063109	0.00246698
0.3786749514622698	0.43206422866897637	0.00285041
0.37147498696047926	0.4306947861494524	0.00350698
0.3731046385243032	0.4301035976273534	0.00324888
0.36300032328690035	0.42423852198054035	0.00375012
0.34420259104467016	0.41628635317053214	0.00519607
0.3415120574050173	0.41555564443863674	0.00548245
0.33694903638486184	0.41411363487745484	0.00595438
0.33396297706409583	0.41285732097287403	0.00622432
0.33398024463868614	0.41300769559751044	0.00624534
0.3324415336144194	0.411962577495261	0.0063236
0.33248987995703855	0.41212422340048366	0.00634163
0.3326399948998688	0.4121679318888166	0.00632469
0.3329545726245411	0.4123972539683173	0.00631114
0.9	0.7074363347691615	0.0370808
0.9331709956709957	0.7100716691221538	0.0497733
0.866240440845704	0.6738355867040092	0.0370196
0.7866643356643356	0.6479441414537809	0.0192433
0.6701088935642711	0.5974083003284968	0.00528538
0.6188367463089901	0.5703977352427857	0.00234634
0.9464285714285715	0.7771596329814611	0.028652
0.8833730158730161	0.7314452606328296	0.023082
0.8314089144429703	0.706529789377252	0.0155948
0.755921978499111	0.6746189974035701	0.00661017
0.6645860905884278	0.6174757357060928	0.00221939
0.6053556631308818	0.5853258207594298	0.000401195
0.5885633517647159	0.5748162266012653	0.000188983
0.5429048433922217	0.5499898526755428	5.01974e-05
0.5300022151698692	0.543101899131526	0.000171602
0.5134360364119044	0.5364989537845634	0.000531898
0.5086522997032897	0.532001158760069	0.000545169
0.49629495604769297	0.5265347746519592	0.000914447
0.493290264518921	0.5263144828009632	0.0010906
0.4906720389693809	0.5249912956290731	0.00117781
0.4867125464135566	0.5214736279368098	0.00120833
0.4683343360391282	0.5106776634703977	0.00179296
0.4636116615250895	0.5079106188124427	0.0019624
0.4612997755050274	0.5063764782895677	0.00203191
0.4608711147667538	0.5063631328341227	0.00206952
0.4602794078405264	0.5056898772169902	0.00206211
0.45994092478582027	0.5055333242589255	0.00207867
0.4603453332975692	0.5058557329288265	0.0020712
0.4605621433173283	0.5060531131551846	0.00206943
0.46027279777818686	0.5060136593769993	0.00209223
0.9638888888888889	0.7969771816398104	0.0278595
0.908511586452763	0.7652766790056827	0.0205162
0.827473835137569	0.722921922128801	0.0109311
0.749236573167556	0.6879480418574522	0.00375628
0.6513898811948188	0.6216647040583748	0.000883586
0.5991090723212807	0.5885259205943346	0.000112003
0.5784552797971131	0.5741509422064277	1.85273e-05
0.5370536675148022	0.5497554870025578	0.000161336
0.5210609942892603	0.5406184652345514	0.000382495
0.5101659626319751	0.5362402537355084	0.000679869
0.5047552673019617	0.5314499234284958	0.000712605
0.4943979911707654	0.5264956168251856	0.00103026
0.4920704924749514	0.5263425786863696	0.00117458
0.48808121409137434	0.524428112914356	0.0013211
0.48581778443379714	0.5214271878536837	0.00126803
0.4675921083731125	0.5105859419610448	0.00184847
0.46319462179355825	0.5079675015504863	0.00200461
0.46100674322361374	0.5063454977731858	0.0020556
0.460547461168498	0.5063332585823062	0.00209634
0.4599162024115876	0.5056178379345959	0.00208864
0.4596209949771134	0.5054572686797345	0.00210096
0.4599914312160158	0.5057830612785111	0.00209687
0.4601783614861007	0.5059558000177635	0.00209557
0.4599769106704071	0.505933842303862	0.00211204
0.9638888888888889	0.7969771816398104	0.0278595
0.9264253393665159	0.7766505653679083	0.0224325
0.8633423727302446	0.7389978637284244	0.0154616
0.806286919266167	0.7142737397065411	0.00846643
0.7294234302091037	0.6627007965911862	0.00445191
0.6708018187841549	0.6178651503391809	0.00280229
0.9521478521478521	0.8786781250448433	0.0053978
0.9050549557654822	0.8424995109417294	0.00391318
0.8830922147340191	0.8211848381350197	0.00383252
0.8375744170363559	0.783377018078505	0.00293736
0.7680453677621263	0.7348782959487712	0.00110005
0.7351671815007745	0.7110237168262936	0.000582907
0.70846038991692	0.6931982797979427	0.000232932
0.6851449953781994	0.6756925235294378	8.93492e-05
0.6745900129219373	0.668756267395685	3.40326e-05
0.6655228784358653	0.6645974028908928	8.56505e-07
0.6625007239965932	0.6617734524065262	5.28924e-07
0.6567911650335414	0.657814327764285	1.04686e-06
0.658040110554505	0.6582334032725674	3.73621e-08
0.6602615956541091	0.6606846089226629	1.7894e-07
0.660524167358671	0.660973888444966	2.02249e-07
0.6627905001701473	0.6633162625908271	2.76426e-07
0.6641594907196684	0.6649596981323959	6.40332e-07
0.6648118109999134	0.665424069239944	3.7486e-07
0.6657496935952378	0.6662026912693667	2.05207e-07
0.6657714078279842	0.666207201187486	1.89916e-07
0.6669138849811339	0.6670058392113185	8.45558e-09
0.6667308256760031	0.6668838303205165	2.34104e-08
0.6663586310997409	0.6665922868909793	5.4595e-08
0.6668353908121063	0.6669952711398885	2.55617e-08
0.9832167832167833	0.9033824419309578	0.00637352
0.9241324365012522	0.8627874227139047	0.00376321
0.9028001882365155	0.8387460554119203	0.00410293
0.8573969144272408	0.8021151099531976	0.00305608
0.7683075935091926	0.7384889149853995	0.000889154
0.7305746382646052	0.7099109949688824	0.000426986
0.7023513063613994	0.6910009457294892	0.000128831
0.6813122605312529	0.6749725760025524	4.01916e-05
0.6705199396831641	0.6678107296795461	7.33982e-06
0.6640703254049296	0.6640006221541146	4.85854e-09
0.6617025455313124	0.6613776118941931	1.05582e-07
0.6564348559031339	0.6579424461982771	2.27283e-06
0.6569614619148415	0.6583841723494129	2.0241e-06
0.6594493379752794	0.6607856311020583	1.78568e-06
0.6601019995458047	0.6611815562939439	1.16544e-06
0.6624056793388335	0.6632712351596324	7.49187e-07
0.66400878104069	0.6648908009708505	7.77959e-07
0.6647318878941482	0.6654354507170129	4.95001e-07
0.6655540507387505	0.6661582784146972	3.65091e-07
0.6656128849649404	0.6661850346762876	3.27355e-07
0.6666902478797295	0.6669318856166601	5.83888e-08
0.6666416147464154	0.666882408066204	5.79814e-08
0.6662907016292939	0.6665854928879589	8.69019e-08
0.6667369556678173	0.6669606823266419	5.00536e-08
0.9832167832167833	0.9033824419309578	0.00637352
0.9407191845074376	0.8726475036714726	0.00463375
0.9067699588250878	0.8420599470007867	0.00418739
0.876107878570674	0.8148865979063673	0.00374805
0.7978014340914034	0.7564258088286159	0.00171194
0.7537063934173911	0.7229563241214514	0.000945567
