10	74.2	54.3	59.2
20	52.7	66.3	134.7
30	87.8	127.4	342.5
50	166.0	218.6	1170.3
100	386.6	496.8	19513.6
150	606.6	746.9	265619.2
200	650.9	900.2	?
300	821.0	1060.2	?
400	930.4	1061.2	?
500	1209.1	1532.7	?
600	1098.1	1257.6	?
700	1219.0	1358.6	?
800	1406.8	1435.0	?
900	1361.7	1587.0	?
1000	1624.3	1622.0	?
2000	2370.4	2296.3	?
3000	3763.8	3450.7	?
4000	5217.0	4251.1	?
5000	6413.3	5368.3	?
6000	8332.4	7259.8	?
7000	10025.0	8193.7	?
8000	10752.4	8845.5	?
9000	12582.0	10540.5	?
10000	14505.7	12206.3	?
