10	30.1	27.8	39.0
20	34.0	57.0	111.5
30	53.4	83.5	429.6
50	116.4	199.1	1734.7
100	291.6	454.4	21996.9
150	481.6	774.6	352361.6
200	604.2	992.3	?
300	901.0	1221.6	?
400	1185.8	1767.3	?
500	1675.8	2040.7	?
600	1893.4	2203.1	?
700	2106.7	2958.8	?
800	2361.5	3085.4	?
900	2697.6	3258.8	?
1000	2567.3	3556.9	?
2000	4257.8	5247.8	?
3000	5320.0	6920.0	?
4000	6329.0	7953.4	?
5000	8100.2	9085.1	?
6000	9028.7	10449.3	?
7000	10157.0	12356.0	?
8000	10672.8	13094.5	?
9000	13754.9	13623.2	?
10000	14652.0	15251.0	?
