10	29.9	29.0	27.8
20	41.1	49.8	101.5
30	49.3	78.2	319.2
50	97.4	158.9	1123.3
100	302.9	482.4	9740.3
150	522.6	802.9	94653.9
200	618.7	1024.1	?
300	989.2	1494.7	?
400	1424.3	1998.4	?
500	1706.4	2465.9	?
600	2241.1	3070.0	?
700	2482.4	3277.0	?
800	2480.3	3867.2	?
900	2601.1	4154.1	?
1000	2623.8	4570.3	?
2000	4755.5	7470.2	?
3000	7257.1	11969.9	?
4000	7073.9	12732.8	?
5000	7976.2	10742.4	?
6000	9012.2	12866.3	?
7000	10061.9	13962.4	?
8000	10887.9	14976.9	?
9000	13153.0	19666.7	?
10000	14303.3	20323.0	?
