10	49.1	51.4	53.1
20	60.3	78.8	129.7
30	80.9	155.8	311.7
50	90.6	338.0	1111.2
100	239.9	732.6	7477.3
150	455.3	1310.7	54992.2
200	495.5	1520.3	?
300	1189.5	2326.7	?
400	2159.1	3417.6	?
500	2883.6	4134.7	?
600	3529.5	5159.1	?
700	4360.7	6298.3	?
800	5251.1	7731.2	?
900	4789.9	6812.5	?
1000	5576.0	7794.7	?
2000	8262.5	12111.8	?
3000	12079.8	15176.0	?
4000	15700.1	17031.6	?
5000	17444.5	22912.8	?
6000	20460.5	21628.0	?
7000	22482.6	24553.5	?
8000	25707.2	30517.6	?
9000	24699.0	26152.2	?
10000	29737.8	34372.6	?
