10	18.0	20.8	26.7
20	22.1	25.7	72.9
30	26.1	30.7	147.8
50	41.7	52.0	516.3
100	99.9	189.6	1984.2
150	154.0	558.6	4179.3
200	178.6	786.6	?
300	212.6	1829.6	?
400	282.9	3322.7	?
500	397.1	5598.2	?
600	416.4	6501.3	?
700	479.1	8420.1	?
800	656.3	10389.9	?
900	739.3	11943.8	?
1000	837.5	15146.9	?
2000	2362.7	41668.3	?
3000	4181.9	73197.2	?
4000	4905.6	97483.8	?
5000	9035.8	122060.2	?
6000	13323.0	165073.9	?
7000	14343.5	186440.9	?
8000	17023.8	228914.6	?
9000	23352.4	297049.2	?
10000	24487.8	349707.4	?
