10	15.1	14.9	24.9
20	18.4	27.9	74.4
30	26.6	36.9	207.8
50	40.8	105.1	966.0
100	127.2	334.1	3927.6
150	272.2	663.2	12668.6
200	279.8	841.9	?
300	597.3	1349.0	?
400	998.7	2042.6	?
500	1417.9	2986.0	?
600	1565.1	3241.0	?
700	2123.9	4165.0	?
800	2085.4	4898.1	?
900	2601.3	5363.4	?
1000	2919.5	6301.2	?
2000	6809.7	13170.5	?
3000	8581.6	18961.9	?
4000	10633.0	24922.3	?
5000	13109.4	31563.6	?
6000	17454.2	38923.1	?
7000	15523.7	43677.8	?
8000	18326.9	44968.0	?
9000	20124.0	41699.2	?
10000	22927.7	41075.0	?
