10	13.5	17.8	29.1
20	16.4	35.8	94.3
30	22.4	46.4	172.3
50	31.7	74.3	597.7
100	73.0	284.2	1691.5
150	123.4	561.1	2882.5
200	147.1	787.2	?
300	261.0	1584.5	?
400	516.7	2247.0	?
500	764.0	3148.6	?
600	1409.3	4287.9	?
700	2061.2	5074.5	?
800	2156.2	5650.2	?
900	2417.7	6554.5	?
1000	3032.3	7417.6	?
2000	5367.8	13630.7	?
3000	9372.1	21883.4	?
4000	11554.8	27816.0	?
5000	13252.9	31354.0	?
6000	16020.3	36430.7	?
7000	21081.9	36955.4	?
8000	23524.4	44688.5	?
9000	23918.1	48173.6	?
10000	25783.6	54444.5	?
