10	24.1	21.2	31.4
20	37.1	47.7	117.7
30	83.5	99.2	286.9
50	153.6	244.6	948.5
100	390.1	467.0	5262.0
150	592.0	752.3	44553.7
200	844.9	935.5	?
300	912.8	1131.7	?
400	1075.1	1477.0	?
500	1448.6	1843.7	?
600	1639.9	2008.3	?
700	1732.2	2083.3	?
800	1723.7	2125.5	?
900	1907.2	2407.3	?
1000	1747.6	2339.4	?
2000	2835.5	3046.2	?
3000	4344.4	4726.9	?
4000	5142.0	5511.9	?
5000	7034.2	7047.7	?
6000	7703.0	8130.3	?
7000	10088.9	10036.1	?
8000	11325.3	11010.0	?
9000	12268.2	12128.2	?
10000	13523.5	13994.8	?
