10	73.0	60.4	59.7
20	61.6	96.1	236.0
30	104.2	156.0	385.7
50	193.1	246.2	1445.1
100	413.3	544.6	55978.3
150	512.5	630.2	885497.9
200	655.5	752.9	?
300	901.2	922.2	?
400	987.5	1027.0	?
500	1121.5	1232.4	?
600	1113.0	1106.3	?
700	1162.1	1170.3	?
800	1221.8	1270.8	?
900	1308.2	1446.1	?
1000	1431.5	1552.7	?
2000	2400.5	2552.0	?
3000	4067.8	3575.7	?
4000	5428.8	4889.1	?
5000	6041.4	5888.9	?
6000	8377.0	8798.7	?
7000	9570.7	9610.0	?
8000	10884.3	10823.5	?
9000	12977.2	12526.0	?
10000	14918.2	13915.8	?
