10	13.8	14.1	17.5
20	17.5	21.3	50.6
30	23.2	36.4	193.2
50	38.6	92.5	1017.9
100	97.6	329.8	5118.8
150	178.9	635.9	16022.2
200	207.8	780.5	?
300	392.6	1483.5	?
400	570.1	2220.5	?
500	838.1	2866.4	?
600	1103.8	3585.2	?
700	1470.3	4708.5	?
800	1765.0	5509.4	?
900	1605.3	6215.5	?
1000	2074.4	7635.8	?
2000	6037.1	15644.9	?
3000	8644.4	25051.0	?
4000	12982.4	36982.1	?
5000	15274.7	47551.9	?
6000	19535.5	60203.2	?
7000	23108.4	72128.1	?
8000	25878.1	70990.1	?
9000	30095.9	74500.6	?
10000	36170.2	89737.8	?
