10	20.5	33.6	43.7
20	28.0	56.8	146.2
30	48.0	99.9	329.3
50	85.5	226.1	1230.6
100	209.4	618.7	9806.6
150	243.4	974.5	85458.5
200	344.9	1118.4	?
300	433.1	1628.9	?
400	724.9	2342.1	?
500	1140.4	3120.7	?
600	1395.1	3608.8	?
700	1602.1	4361.0	?
800	2255.8	5010.7	?
900	2872.0	6175.2	?
1000	3292.7	6970.4	?
2000	9496.9	16107.4	?
3000	15040.7	24431.1	?
4000	21259.1	31258.7	?
5000	28120.6	38309.9	?
6000	31753.3	42226.4	?
7000	36570.3	46623.0	?
8000	37711.5	46435.6	?
9000	45924.1	54933.8	?
10000	51510.3	58229.1	?
