10	16.5	19.1	26.8
20	22.2	25.0	72.0
30	28.0	32.0	186.3
50	53.0	74.3	668.5
100	134.1	315.8	2457.0
150	139.3	770.0	6033.2
200	200.6	976.6	?
300	251.1	1842.7	?
400	321.3	2537.6	?
500	435.6	3412.0	?
600	582.7	5017.4	?
700	802.5	6365.8	?
800	886.8	7116.2	?
900	1015.9	8234.5	?
1000	1038.8	10155.9	?
2000	3268.8	23632.3	?
3000	7051.0	45747.3	?
4000	8848.2	70761.4	?
5000	13199.0	84081.1	?
6000	20973.6	103166.2	?
7000	19076.9	138703.7	?
8000	22447.8	165771.1	?
9000	32673.4	187632.2	?
10000	40267.9	220018.9	?
