10	32.5	42.0	40.9
20	46.6	78.8	158.1
30	86.2	143.1	369.9
50	172.5	225.7	1379.4
100	361.1	536.2	49559.6
150	557.5	835.2	887225.4
200	657.3	820.2	?
300	819.6	1095.0	?
400	1100.8	1286.8	?
500	1245.4	1379.7	?
600	1326.9	1709.8	?
700	1494.8	1726.4	?
800	1620.4	1730.9	?
900	1696.0	2175.7	?
1000	1890.1	2253.2	?
2000	3097.6	3165.9	?
3000	4346.2	4092.2	?
4000	5520.0	5205.7	?
5000	7882.7	7203.9	?
6000	8809.2	9431.0	?
7000	11825.9	10895.9	?
8000	11617.6	11541.0	?
9000	14228.9	13345.6	?
10000	15108.3	13800.7	?
