10	24.7	20.7	30.5
20	36.0	45.9	111.8
30	58.9	67.2	430.4
50	140.5	188.4	1463.4
100	285.8	410.3	20830.0
150	491.0	707.5	267581.3
200	641.3	847.9	?
300	782.3	1124.8	?
400	1108.6	1281.5	?
500	1165.8	1557.6	?
600	1368.3	1695.8	?
700	1424.6	1814.0	?
800	1519.9	1860.9	?
900	1505.8	1812.5	?
1000	1758.9	2226.9	?
2000	2713.4	3278.7	?
3000	3781.1	4799.6	?
4000	4810.5	5845.6	?
5000	6104.6	6999.0	?
6000	7410.0	8658.0	?
7000	8671.1	10324.5	?
8000	10084.9	11658.6	?
9000	13040.5	12775.3	?
10000	14485.5	14431.4	?
