10	37.3	54.6	53.2
20	47.0	75.1	126.8
30	60.1	116.2	302.3
50	78.5	172.9	626.8
100	113.6	523.2	1551.5
150	184.0	1150.5	3779.7
200	236.4	1389.7	?
300	463.8	2271.1	?
400	578.9	3463.3	?
500	929.1	5037.8	?
600	1793.3	6658.3	?
700	2690.6	7520.1	?
800	2763.8	8237.6	?
900	3777.3	10766.9	?
1000	4136.4	10722.5	?
2000	7820.7	18611.3	?
3000	14871.4	29561.2	?
4000	21810.9	40066.6	?
5000	27542.7	49742.4	?
6000	30195.8	61047.4	?
7000	35882.2	67906.8	?
8000	42686.5	77097.1	?
9000	52938.6	80054.0	?
10000	59322.3	88884.4	?
