10	26.1	45.5	37.8
20	41.6	58.6	115.8
30	41.7	82.5	231.5
50	69.9	131.9	643.9
100	118.5	339.7	2889.2
150	170.7	775.6	3941.9
200	220.5	973.0	?
300	304.5	1511.2	?
400	616.4	2667.6	?
500	914.5	3784.0	?
600	1263.2	4802.9	?
700	1391.8	5391.9	?
800	1908.0	6045.8	?
900	2246.1	6665.8	?
1000	2847.2	7552.8	?
2000	6468.7	15652.1	?
3000	10520.5	20510.9	?
4000	16138.6	31406.4	?
5000	19110.4	36750.7	?
6000	23577.3	42353.1	?
7000	25671.0	45691.1	?
8000	33265.6	51743.1	?
9000	39107.9	61385.7	?
10000	41536.9	60786.0	?
