10	29.7	41.8	39.9
20	40.4	60.8	125.6
30	53.0	74.8	221.5
50	81.7	138.9	681.8
100	153.1	437.0	1999.7
150	234.7	887.5	4117.6
200	314.9	1041.5	?
300	704.1	1943.7	?
400	1073.3	2932.8	?
500	1266.6	4234.7	?
600	1658.5	5165.5	?
700	2417.6	7141.1	?
800	3046.8	8572.9	?
900	2982.2	9102.7	?
1000	3248.7	11053.3	?
2000	7122.1	22719.5	?
3000	11123.3	30485.8	?
4000	17307.0	42402.3	?
5000	23746.1	49787.8	?
6000	32842.5	60703.7	?
7000	30321.1	68327.8	?
8000	36564.2	74369.2	?
9000	44035.0	77144.7	?
10000	50306.2	86510.4	?
