10	15.2	24.1	31.5
20	19.7	40.3	77.9
30	28.9	71.6	259.3
50	43.7	132.1	786.0
100	98.6	352.5	2617.1
150	128.2	653.8	23768.3
200	107.6	835.2	?
300	239.4	1562.9	?
400	386.3	2466.3	?
500	629.4	3175.8	?
600	988.8	4293.1	?
700	1090.2	5217.5	?
800	1428.5	5563.6	?
900	2069.7	6515.6	?
1000	2124.8	7476.2	?
2000	6046.0	14291.4	?
3000	9858.1	19619.4	?
4000	11566.3	24045.3	?
5000	13897.9	28794.7	?
6000	14903.3	29141.8	?
7000	19831.2	33877.1	?
8000	23097.8	35843.1	?
9000	26305.9	44007.1	?
10000	27360.0	45764.7	?
