10	76.8	69.4	69.1
20	69.0	87.8	169.2
30	115.4	164.6	479.3
50	251.0	310.1	1821.5
100	534.9	592.3	21076.1
150	834.9	933.8	458787.5
200	955.2	1179.6	?
300	1305.5	1521.1	?
400	1331.4	1338.5	?
500	1535.3	1691.7	?
600	1595.0	1802.5	?
700	1463.3	1860.1	?
800	1888.9	2252.1	?
900	1926.4	2521.0	?
1000	2092.3	2368.7	?
2000	3233.3	3302.8	?
3000	4740.0	4598.3	?
4000	5914.4	6047.1	?
5000	8039.2	8298.7	?
6000	10515.7	10908.0	?
7000	12540.6	13355.3	?
8000	13381.6	14128.4	?
9000	19558.3	18521.5	?
10000	19356.5	19212.8	?
