10	20.1	24.5	40.1
20	30.6	47.2	106.0
30	41.3	84.7	258.1
50	74.2	214.4	709.6
100	194.4	496.2	5822.9
150	331.3	862.3	38670.8
200	324.0	1109.8	?
300	642.6	1524.9	?
400	1157.9	2155.5	?
500	1555.7	3159.7	?
600	2106.8	3404.8	?
700	2461.1	3930.5	?
800	3294.0	4608.0	?
900	3549.3	5227.4	?
1000	3879.7	5446.8	?
2000	6274.8	8020.7	?
3000	8079.1	10086.5	?
4000	9503.7	12796.8	?
5000	11509.0	14141.8	?
6000	13212.3	15156.3	?
7000	13641.7	17077.3	?
8000	15184.5	15352.5	?
9000	17370.5	15839.4	?
10000	19380.8	19152.8	?
