10	23.4	19.4	24.5
20	27.5	37.6	125.5
30	38.1	67.9	272.8
50	82.9	169.0	1206.9
100	217.3	488.8	9321.8
150	428.8	835.8	86270.1
200	483.2	916.7	?
300	862.0	1432.5	?
400	1089.7	2137.5	?
500	1550.7	2698.4	?
600	1751.6	3264.8	?
700	2215.5	3735.5	?
800	2362.1	3959.9	?
900	2475.8	4336.7	?
1000	3018.2	5105.6	?
2000	6468.9	10042.4	?
3000	8660.3	13621.2	?
4000	10973.0	17591.0	?
5000	13274.3	17874.8	?
6000	12301.4	19007.6	?
7000	14373.6	20505.9	?
8000	16197.5	21019.5	?
9000	16074.0	25711.2	?
10000	17850.7	27460.0	?
