10	27.6	27.8	41.2
20	43.5	63.2	129.5
30	43.7	84.4	293.5
50	77.3	198.8	700.1
100	261.0	614.0	2454.3
150	413.3	1073.7	8344.1
200	609.8	1315.8	?
300	986.1	2013.0	?
400	1694.3	2766.9	?
500	2162.2	3620.3	?
600	2729.9	4099.6	?
700	3189.1	4309.5	?
800	3431.3	4798.4	?
900	3700.7	5653.3	?
1000	4450.1	6087.5	?
2000	6446.0	9336.0	?
3000	9187.0	12162.5	?
4000	11157.8	14657.4	?
5000	10251.1	13212.1	?
6000	15085.8	19208.2	?
7000	15673.5	19856.4	?
8000	15877.1	19813.1	?
9000	17942.7	21652.9	?
10000	20769.2	23760.6	?
