10	30.3	31.5	45.5
20	38.4	62.5	140.9
30	60.3	118.5	485.8
50	194.3	334.1	1475.7
100	421.3	733.7	14512.8
150	784.6	1096.2	269519.1
200	846.3	1090.9	?
300	1316.5	1585.1	?
400	1774.0	2400.6	?
500	2207.0	2525.6	?
600	2516.2	2791.6	?
700	2691.4	3088.0	?
800	2988.4	3557.4	?
900	3075.9	3547.9	?
1000	3356.8	3733.8	?
2000	4846.3	5722.7	?
3000	6218.0	6831.8	?
4000	7306.3	7368.7	?
5000	8934.6	8757.3	?
6000	10703.5	11118.7	?
7000	12074.8	12641.0	?
8000	14680.0	13945.3	?
9000	16952.9	16597.5	?
10000	21689.0	21361.6	?
