10	34.2	35.9	35.3
20	52.3	80.1	125.5
30	82.9	133.6	323.8
50	146.8	239.0	1203.3
100	340.4	618.9	7950.6
150	603.1	853.2	68918.8
200	617.2	1020.7	?
300	926.9	1341.1	?
400	1388.9	1888.3	?
500	1655.7	2156.5	?
600	1938.2	2359.0	?
700	2508.9	3166.1	?
800	2635.3	3181.4	?
900	2870.0	3438.2	?
1000	3157.4	3931.4	?
2000	3771.5	4251.4	?
3000	5013.3	5777.5	?
4000	5569.3	6806.8	?
5000	8043.3	7946.4	?
6000	9570.0	9275.7	?
7000	11467.8	12113.6	?
8000	13362.0	12541.6	?
9000	14467.9	14093.1	?
10000	18120.7	16630.7	?
