10	97.4	66.3	64.8
20	78.4	122.1	198.9
30	126.5	158.5	376.3
50	174.7	250.9	1509.9
100	467.8	606.5	11626.6
150	619.5	793.2	139782.0
200	650.1	949.9	?
300	891.4	1193.3	?
400	1152.4	1370.1	?
500	1350.5	1478.6	?
600	1653.5	1853.9	?
700	1611.5	1952.6	?
800	1626.2	1862.8	?
900	1750.1	2228.7	?
1000	1876.2	2199.0	?
2000	2770.5	3114.9	?
3000	3906.0	4238.0	?
4000	5499.9	5697.7	?
5000	7954.1	7080.4	?
6000	9571.9	8727.6	?
7000	11157.6	10222.8	?
8000	12826.7	12390.6	?
9000	13972.4	12724.9	?
10000	17145.5	16257.1	?
