10	23.3	32.7	42.9
20	32.9	62.2	164.8
30	57.5	102.8	380.4
50	115.4	219.1	1397.8
100	313.6	624.7	32568.7
150	470.7	880.7	502262.5
200	593.3	886.7	?
300	817.5	1301.4	?
400	1153.9	1750.2	?
500	1494.6	2100.6	?
600	1595.8	2220.4	?
700	1964.7	2916.8	?
800	2411.9	3054.9	?
900	2535.6	3110.8	?
1000	2886.9	3183.6	?
2000	4993.5	5595.0	?
3000	5973.0	7514.6	?
4000	8627.3	8430.1	?
5000	9755.1	11093.4	?
6000	10547.5	10585.0	?
7000	11359.0	12646.3	?
8000	12529.2	12208.5	?
9000	16316.6	14422.7	?
10000	16961.3	16205.2	?
