10	22.9	26.1	31.7
20	34.2	45.5	97.8
30	50.2	66.9	415.5
50	125.5	177.2	1363.4
100	305.6	439.2	21864.2
150	517.6	790.8	387926.3
200	616.1	891.7	?
300	860.2	1188.5	?
400	1300.9	1531.8	?
500	1651.4	1980.9	?
600	1814.3	2107.7	?
700	1703.8	2198.6	?
800	1835.8	2543.6	?
900	1964.7	2438.6	?
1000	2165.0	2961.1	?
2000	3450.7	4139.9	?
3000	4224.2	4952.3	?
4000	5598.9	6392.6	?
5000	6103.4	7233.2	?
6000	7882.4	8817.6	?
7000	8954.9	10819.7	?
8000	10766.5	12138.4	?
9000	12946.1	12673.9	?
10000	13577.9	14432.2	?
