10	32.9	40.8	36.3
20	45.7	71.3	136.1
30	58.6	91.9	298.5
50	111.8	214.2	1065.6
100	285.0	496.1	10777.8
150	514.3	786.2	124187.9
200	657.4	983.1	?
300	940.1	1368.7	?
400	1270.3	1495.5	?
500	1520.5	1907.6	?
600	1788.7	2458.9	?
700	1925.4	2355.0	?
800	2065.2	2565.6	?
900	2288.3	2652.7	?
1000	2330.1	2590.5	?
2000	2916.8	3154.5	?
3000	4299.1	4038.0	?
4000	5670.6	5039.4	?
5000	6997.5	5801.2	?
6000	8448.9	8000.0	?
7000	10197.6	8705.3	?
8000	10866.7	9361.6	?
9000	12968.5	10436.8	?
10000	14367.6	11814.2	?
