-94.81758 49.38905
-94.63999999999987 48.84000000000012
-94.32914 48.67074000000011
-93.63087 48.60926
-92.61 48.45
-91.64 48.14
-90.83 48.27
-89.6 48.010000000000105
-89.27291744663668 48.01980825458284
-88.37811418328653 48.30291758889382
-87.43979262330024 47.94
-86.46199083122815 47.553338019392044
-85.65236324740323 47.22021881773051
-84.87607988151487 46.90008331968238
-84.77923824739983 46.63710195574913
-84.54374874544567 46.53868419044923
-84.6049 46.4396
-84.3367 46.40877000000012
-84.1421195136733 46.51222585711574
-84.09185126416148 46.27541860613826
-83.89076534700567 46.116926988299156
-83.6161309475905 46.116926988299156
-83.46955074739463 45.99468638771259
-83.59285071484308 45.81689362241255
-82.55092464875818 45.34751658790546
-82.33776312543108 44.44
-82.13764238150398 43.57108755144
-82.43 42.9800000000001
-82.89999999999989 42.43000000000015
-83.11999999999989 42.08
-83.14199968131257 41.975681057293
-83.02981014680694 41.83279572200601
-82.69008928092018 41.675105088867326
-82.43927771679162 41.675105088867326
-81.27774654816707 42.20902598730686
-80.24744767934786 42.36619985612268
-78.9393621487437 42.86361135514812
-78.92 42.965
-79.00999999999988 43.27
-79.17167355011188 43.46633942318431
-78.72027991404238 43.62508942318496
-77.73788509795762 43.62905558936339
-76.82003414580558 43.628784288093755
-76.5 44.018458893758606
-76.375 44.09631
-75.31821 44.816450000000174
-74.867 45.000480000000124
-73.34783 45.00738
-71.50505999999987 45.0082000000001
-71.405 45.25500000000014
-71.08482 45.30524000000017
-70.6599999999998 45.46
-70.305 45.915
-69.99997 46.69307
-69.23722 47.447781
-68.905 47.185
-68.23444 47.35486
-67.79046 47.06636
-67.79134 45.70281000000014
-67.13741 45.13753
-66.96466 44.80970000000016
-68.03252 44.3252
-69.05999999999989 43.98
-70.11617 43.684050000000155
-70.645475633411 43.09023834896405
-70.81489 42.8653
-70.825 42.335
-70.495 41.805
-70.08 41.78
-70.185 42.145
-69.88497 41.92283000000012
-69.96503 41.63717000000017
-70.64 41.475
-71.12039 41.49445000000017
-71.85999999999984 41.32
-72.295 41.27
-72.87643 41.22065
-73.71 40.93110235165449
-72.24126 41.11948000000015
-71.94499999999982 40.93
-73.345 40.63
-73.982 40.628
-73.95232 40.75075
-74.25671 40.47351
-73.96244 40.42763
-74.17838 39.70926
-74.90604 38.93954
-74.98041 39.1964
-75.20002 39.248450000000105
-75.52805 39.4985
-75.32 38.96
-75.0718347647898 38.78203223017928
-75.05673 38.40412000000012
-75.37747 38.01551
-75.94023 37.21689
-76.03127 37.2566
-75.7220499999998 37.93705000000011
-76.23287 38.319215
-76.35 39.15
-76.54272 38.71761500000011
-76.32933 38.08326
-76.98999793161354 38.23999176691339
-76.30162 37.91794
-76.25874 36.96640000000011
-75.9718 36.89726
-75.86803999999984 36.55125
-75.72749 35.55074000000013
-76.36318 34.808540000000136
-77.3976349999999 34.51201
-78.05496 33.92547
-78.55434999999983 33.86133000000012
-79.06067 33.49395
-79.20357 33.15839
-80.30132 32.509355
-80.86498 32.0333
-81.33629 31.44049
-81.49042 30.72999000000013
-81.31371 30.035520000000105
-80.98 29.18000000000012
-80.53558499999988 28.47213
-80.5299999999998 28.040000000000106
-80.05653928497756 26.880000000000138
-80.08801 26.205765
-80.13155999999987 25.816775
-80.38103 25.20616
-80.6799999999999 25.08
-81.17213 25.201260000000133
-81.33 25.64
-81.70999999999981 25.87
-82.24 26.730000000000132
-82.70515 27.49504
-82.85526 27.88624
-82.65 28.550000000000153
-82.9299999999999 29.100000000000136
-83.70959 29.93656
-84.1 30.090000000000117
-85.10882 29.63615
-85.28784 29.68612000000013
-85.7731 30.152610000000124
-86.39999999999989 30.40000000000012
-87.53036 30.27433
-88.41782 30.3849
-89.18049 30.31598
-89.59383117841978 30.159994004836847
-89.41373 29.89419
-89.43 29.48864
-89.21767 29.29108
-89.40823 29.15961
-89.77928 29.307140000000146
-90.15463 29.11743
-90.88022 29.148535000000123
-91.62678499999987 29.677000000000135
-92.49906 29.5523
-93.22637 29.78375
-93.84842 29.71363
-94.69 29.480000000000132
-95.60026 28.73863
-96.59404 28.30748
-97.13999999999982 27.83
-97.37 27.38
-97.37999999999988 26.69
-97.33 26.21000000000012
-97.13999999999982 25.87
-97.52999999999989 25.84
-98.24 26.060000000000116
-99.01999999999988 26.37
-99.3 26.84
-99.51999999999987 27.54
-100.11 28.110000000000127
-100.45584 28.69612000000012
-100.9576 29.380710000000136
-101.6624 29.77930000000012
-102.48 29.76
-103.11 28.97
-103.94 29.27
-104.45696999999984 29.57196
-104.70575 30.12173
-105.03737 30.64402
-105.63159 31.08383000000012
-106.1429 31.39995
-106.50758999999982 31.75452
-108.24 31.7548537181664
-108.24194 31.34222
-109.035 31.341940000000164
-111.02361 31.33472
-113.30498 32.03914
-114.815 32.52528
-114.72138999999987 32.72083
-115.99135 32.61239000000015
-117.1277599999998 32.53534
-117.29593769127389 33.0462246152039
-117.944 33.621236431201396
-118.4106022758975 33.740909223124504
-118.51989482279971 34.02778157757575
-119.081 34.078
-119.43884064201669 34.3484771782843
-120.36778 34.44711
-120.62286 34.60855
-120.74433 35.15686000000011
-121.71456999999988 36.16153
-122.54747 37.551760000000115
-122.51201 37.78339000000014
-122.95319 38.11371000000011
-123.7272 38.95166000000012
-123.86517 39.766990000000135
-124.39807 40.3132
-124.17886 41.142020000000116
-124.2137 41.99964000000014
-124.53284 42.7659900000001
-124.14214 43.70838
-124.020535 44.615895
-123.89893 45.52341
-124.079635 46.86475
-124.39567 47.72017000000011
-124.68721008300783 48.18443298339855
-124.56610107421876 48.3797149658204
-123.12 48.04
-122.58736 47.096
-122.34 47.36
-122.5 48.18
-122.84 49.000000000000114
-120 49.000000000000114
-117.03121 49.000000000000114
-116.04818 49.000000000000114
-113 49.000000000000114
-110.04999999999984 49.000000000000114
-107.05 49.000000000000114
-104.04826 48.99986
-100.65 49.000000000000114
-97.22872000000473 49.00070000000011
-95.15906950917196 49.000000000000114
-95.15609 49.38425
-94.81758 49.38905