0.5	0.0	0.0	0.0	0.0	0.0	0.0	0.0	0.0	0.0	0.0	0.0	0.0	0.0	0.0	0.0	0.0	0.0	0.0	0.0	0.0	0.0	0.0	0.0	0.0	0.0	0.0	0.0	0.0	0.0	0.0	0.0	0.0	0.0	0.0	0.0	0.0	0.0	0.0	0.0	0.0
1.0	0.01	0.021459216201902623	0.1	0.21459216201902623	0.01818181818181818	0.03901675673073204	0.01818181818181818	0.03901675673073204	0.1	0.21459216201902623	0.1	0.21459216201902623	0.1	0.21459216201902623	0.1	0.21459216201902623	0.1	0.21459216201902623	0.1	0.21459216201902623	0.1	0.21459216201902623	0.1	0.21459216201902623	0.1	0.21459216201902623	0.1	0.21459216201902623	0.1	0.21459216201902623	0.1	0.21459216201902623	0.03333333333333333	0.07153072067300874	0.1	0.21459216201902623	0.05	0.10729608100951311	0.05	0.10729608100951311
2.8	0.030000000000000006	0.032779494199880514	0.3	0.32779494199880516	0.05454545454545454	0.05959908036341911	0.05454545454545454	0.05959908036341911	0.3	0.32779494199880516	0.3	0.32779494199880516	0.3	0.32779494199880516	0.3	0.32779494199880516	0.3	0.32779494199880516	0.3	0.32779494199880516	0.3	0.32779494199880516	0.3	0.32779494199880516	0.3	0.32779494199880516	0.3	0.32779494199880516	0.3	0.32779494199880516	0.3	0.32779494199880516	0.05928571428571429	0.06701027694712665	0.3	0.32779494199880516	0.09833333333333333	0.11010078296724324	0.09833333333333334	0.11010078296724325
3.9	0.04	0.047448112291217655	0.3	0.32779494199880505	0.0696969696969697	0.08113303614261584	0.0696969696969697	0.08113303614261584	0.3	0.32779494199880505	0.3	0.32779494199880505	0.3	0.32779494199880505	0.3	0.32779494199880505	0.3	0.32779494199880505	0.3	0.32779494199880505	0.3	0.32779494199880505	0.3	0.32779494199880505	0.3	0.32779494199880505	0.3	0.32779494199880505	0.3	0.32779494199880505	0.3	0.32779494199880505	0.075	0.08617563605799494	0.25	0.288349553493672	0.10857142857142858	0.12049372765113253	0.10857142857142858	0.12049372765113253
4.0	0.04	0.03504275331648471	0.4	0.35042753316484704	0.07272727272727272	0.06371409693906312	0.07272727272727272	0.06371409693906312	0.4	0.35042753316484704	0.4	0.35042753316484704	0.4	0.35042753316484704	0.4	0.35042753316484704	0.4	0.35042753316484704	0.4	0.35042753316484704	0.4	0.35042753316484704	0.4	0.35042753316484704	0.4	0.35042753316484704	0.4	0.35042753316484704	0.4	0.35042753316484704	0.4	0.35042753316484704	0.08511904761904761	0.08378313393450829	0.4	0.35042753316484704	0.13722222222222222	0.1306455954481436	0.13722222222222222	0.1306455954481436
5.0	0.09	0.07468026486294756	0.5	0.3576536033650437	0.14918414918414918	0.11943629305689936	0.14918414918414918	0.11943629305689941	0.5	0.3576536033650437	0.5	0.3576536033650437	0.5	0.3576536033650437	0.5	0.3576536033650437	0.5	0.3576536033650437	0.5	0.3576536033650437	0.5	0.3576536033650437	0.5	0.3576536033650437	0.5	0.3576536033650437	0.5	0.3576536033650437	0.5	0.3576536033650437	0.5	0.3576536033650437	0.11801587301587302	0.09280045713110198	0.41666666666666663	0.3165453285076246	0.17666666666666664	0.1357409428286101	0.17666666666666667	0.1357409428286101
10.0	0.09	0.08124328132221148	0.5	0.3576536033650437	0.14685314685314685	0.12585150635925085	0.14685314685314685	0.12585150635925085	0.5	0.3576536033650437	0.4333333333333333	0.3207824745836343	0.45999999999999996	0.3327524247244488	0.45999999999999996	0.3327524247244488	0.5	0.3576536033650437	0.5	0.3576536033650437	0.5	0.3576536033650437	0.5	0.3576536033650437	0.5	0.3576536033650437	0.5	0.3576536033650437	0.5	0.3576536033650437	0.5	0.3576536033650437	0.1392857142857143	0.11231506532054897	0.5	0.3576536033650437	0.2126623376623377	0.16574785154818833	0.21266233766233764	0.1657478515481883
20.0	0.27999999999999997	0.07704094391945103	1.0	0.0	0.42574092574092576	0.10022888504754929	0.42574092574092576	0.1002288850475493	0.9600000000000002	0.057224576538406985	0.8666666666666668	0.11680917772161567	0.8977777777777778	0.06405795931116685	0.8977777777777778	0.06405795931116685	0.9600000000000002	0.057224576538406985	1.0	0.0	0.9777777777777779	0.031791431410226126	0.9777777777777779	0.03179143141022609	0.9600000000000002	0.057224576538406985	1.0	0.0	0.9777777777777779	0.031791431410226126	0.9777777777777779	0.03179143141022609	0.33444444444444443	0.06861330952033529	0.7500000000000001	0.13059663089069334	0.442921522921523	0.06968887481423558	0.4429215229215229	0.06968887481423557
30.0	0.26000000000000006	0.1021663044256765	1.0	0.0	0.3935064935064935	0.12152165377680783	0.3935064935064935	0.12152165377680788	0.9833333333333334	0.03576536033650436	1.0	0.0	0.990909090909091	0.019508378365366022	0.990909090909091	0.019508378365366022	0.9833333333333334	0.03576536033650436	1.0	0.0	0.990909090909091	0.019508378365366022	0.990909090909091	0.019508378365366022	0.9833333333333334	0.03576536033650436	1.0	0.0	0.990909090909091	0.019508378365366022	0.990909090909091	0.019508378365366022	0.34162698412698417	0.12860888559847233	0.86	0.1540818878389021	0.4610966810966811	0.1317305987054638	0.4610966810966811	0.13173059870546378
50.0	0.5399999999999999	0.1287552972114157	1.0	0.0	0.6842490842490843	0.1047247858050078	0.6842490842490844	0.1047247858050078	0.9347619047619048	0.07394018878492951	0.8916666666666668	0.1251787611777653	0.8955122655122654	0.0752706892004926	0.8955122655122654	0.0752706892004926	0.9147619047619049	0.07729128620527222	1.0	0.0	0.9520202020202019	0.04392766055459608	0.9520202020202019	0.04392766055459608	0.9233333333333335	0.06748194691915754	0.9800000000000001	0.042918432403805246	0.9486868686868686	0.04884319916662012	0.9486868686868686	0.04884319916662008	0.6577380952380951	0.1078416162582603	0.6849999999999999	0.138564810143124	0.6421445221445222	0.07520512923425168	0.6421445221445221	0.07520512923425166
