10	0.0	0.0	0.0	0.0	0.0	0.0	0.0	0.0	0.0	0.0	0.0	0.0	0.0	0.0	0.0	0.0	0.0	0.0	0.0	0.0	0.0	0.0	0.0	0.0	0.0	0.0	0.0	0.0	0.0	0.0	0.0	0.0	0.0	0.0	0.0	0.0	0.0	0.0	0.0	0.0
20	0.005	0.01072960810095131	0.1	0.21459216201902623	0.009523809523809523	0.020437348763716782	0.009523809523809523	0.020437348763716782	0.1	0.21459216201902623	0.1	0.21459216201902623	0.1	0.21459216201902623	0.1	0.21459216201902623	0.1	0.21459216201902623	0.1	0.21459216201902623	0.1	0.21459216201902623	0.1	0.21459216201902623	0.1	0.21459216201902623	0.1	0.21459216201902623	0.1	0.21459216201902623	0.1	0.21459216201902623	0.007142857142857143	0.01532801157278758	0.1	0.21459216201902623	0.013333333333333332	0.028612288269203496	0.013333333333333332	0.028612288269203496
30	0.006666666666666666	0.00953742942306783	0.2	0.286122882692035	0.012903225806451613	0.018459540818840967	0.012903225806451613	0.018459540818840967	0.2	0.286122882692035	0.2	0.286122882692035	0.2	0.286122882692035	0.2	0.286122882692035	0.2	0.286122882692035	0.2	0.286122882692035	0.2	0.286122882692035	0.2	0.286122882692035	0.2	0.286122882692035	0.2	0.286122882692035	0.2	0.286122882692035	0.2	0.286122882692035	0.01111111111111111	0.01589571570511305	0.2	0.286122882692035	0.021052631578947368	0.030118198178108936	0.021052631578947368	0.030118198178108936
50	0.006	0.009160401825247624	0.2	0.286122882692035	0.011613876319758673	0.01767577310946542	0.011613876319758673	0.01767577310946542	0.2	0.286122882692035	0.2	0.286122882692035	0.2	0.286122882692035	0.2	0.286122882692035	0.2	0.286122882692035	0.2	0.286122882692035	0.2	0.286122882692035	0.2	0.286122882692035	0.2	0.286122882692035	0.2	0.286122882692035	0.2	0.286122882692035	0.2	0.286122882692035	0.008781362007168458	0.013103755051969597	0.15	0.2290100456311906	0.01625	0.02400878850806513	0.016249999999999997	0.024008788508065124
100	0.007000000000000001	0.007188748458528784	0.4	0.35042753316484704	0.013707207385501543	0.014010852137893591	0.013707207385501543	0.014010852137893591	0.4	0.35042753316484704	0.36666666666666664	0.32779494199880505	0.38	0.33520367277224156	0.38	0.33520367277224156	0.4	0.35042753316484704	0.4	0.35042753316484704	0.4	0.35042753316484704	0.4	0.35042753316484704	0.4	0.35042753316484704	0.4	0.35042753316484704	0.4	0.35042753316484704	0.4	0.35042753316484704	0.013310679463042046	0.013298338728969714	0.36666666666666664	0.32779494199880505	0.02552701401597836	0.025333421863248776	0.025527014015978365	0.025333421863248776
150	0.005333333333333334	0.005136062927963402	0.4	0.35042753316484704	0.0105092298334461	0.010100541470091623	0.0105092298334461	0.010100541470091623	0.4	0.35042753316484704	0.36666666666666664	0.32779494199880505	0.38	0.33520367277224156	0.38	0.33520367277224156	0.4	0.35042753316484704	0.4	0.35042753316484704	0.4	0.35042753316484704	0.4	0.35042753316484704	0.4	0.35042753316484704	0.4	0.35042753316484704	0.4	0.35042753316484704	0.4	0.35042753316484704	0.013090556730091612	0.012599045189828007	0.31666666666666665	0.29420496426811016	0.02512021012147648	0.02414042350238152	0.02512021012147648	0.02414042350238152
200	0.004	0.003852047195972552	0.4	0.35042753316484704	0.007911085939856392	0.007607140155721984	0.007911085939856394	0.007607140155721983	0.4	0.35042753316484704	0.36666666666666664	0.32779494199880505	0.38	0.33520367277224156	0.38	0.33520367277224156	0.4	0.35042753316484704	0.4	0.35042753316484704	0.4	0.35042753316484704	0.4	0.35042753316484704	NaN	NaN	NaN	NaN	NaN	NaN	NaN	NaN	0.019193983231957916	0.020353985835958148	0.36666666666666664	0.32779494199880505	0.03604865980706362	0.037629232750903796	0.03604865980706362	0.0376292327509038
300	0.004	0.0029780613828462297	0.6	0.3504275331648471	0.007933992535628305	0.00588828776320467	0.007933992535628305	0.00588828776320467	0.6	0.3504275331648471	0.55	0.3374097345957878	0.5666666666666667	0.33804099751361516	0.5666666666666667	0.33804099751361516	0.5285714285714286	0.3421348917653172	0.6	0.3504275331648471	0.5444444444444445	0.33804099751361516	0.5444444444444445	0.33804099751361516	NaN	NaN	NaN	NaN	NaN	NaN	NaN	NaN	0.015635358793253527	0.01138657673098942	0.525	0.3243624396412137	0.030138135907218276	0.02170940158152554	0.030138135907218276	0.021709401581525536
400	0.00375	0.002682402025237828	0.6	0.3504275331648471	0.007444260180578586	0.0053074171116371536	0.00744426018057859	0.005307417111637154	0.5066666666666666	0.3228669908182006	0.54	0.33884729799719515	0.49428571428571433	0.3076550807668104	0.49428571428571433	0.3076550807668104	0.43166666666666664	0.30378106986775855	0.6	0.3504275331648471	0.47714285714285715	0.3076550807668105	0.47714285714285715	0.3076550807668105	NaN	NaN	NaN	NaN	NaN	NaN	NaN	NaN	0.0163597304726337	0.010949242118336746	0.41	0.2704012624970527	0.031266192949803824	0.020789142020224867	0.031266192949803824	0.020789142020224867
500	0.0038000000000000004	0.0023463820967608837	0.7	0.32779494199880516	0.007549982393267832	0.004650847468773878	0.007549982393267832	0.004650847468773878	0.6333333333333333	0.3099664562497046	0.5566666666666666	0.2997185565826714	0.5742857142857143	0.2892372272254407	0.5742857142857143	0.2892372272254407	0.5060606060606061	0.31691433282057063	0.7	0.32779494199880516	0.5456084656084655	0.3103082211978082	0.5456084656084655	0.3103082211978082	NaN	NaN	NaN	NaN	NaN	NaN	NaN	NaN	0.01665930877633005	0.010597128784046816	0.3616666666666667	0.22494298230885085	0.03124913823372874	0.01967652558045334	0.03124913823372874	0.01967652558045334
600	0.003833333333333333	0.0022014992391549905	0.8	0.28612288269203495	0.0076186905767516	0.004362733610954905	0.0076186905767516	0.004362733610954905	0.6619047619047619	0.2851683585790925	0.6	0.2729021729484762	0.5938095238095238	0.2573990569556009	0.5938095238095238	0.2573990569556009	0.43756506651243476	0.2941672662723686	0.8	0.28612288269203495	0.49630081300813006	0.2844982753100242	0.49630081300813006	0.2844982753100242	NaN	NaN	NaN	NaN	NaN	NaN	NaN	NaN	0.02063943144689912	0.00923881138429522	0.45	0.25177278248452506	0.03781675052088503	0.015840095532315163	0.03781675052088504	0.015840095532315163
700	0.004	0.0017580872166148326	0.9	0.21459216201902623	0.00795619173021038	0.003487627855940293	0.00795619173021038	0.0034876278559402923	0.707070707070707	0.27955567066821374	0.6166666666666667	0.22014992391549898	0.6023809523809524	0.22951611783693704	0.6023809523809524	0.22951611783693704	0.42542867349368896	0.2848775508533399	0.9	0.21459216201902623	0.4938567125609337	0.2668254847046422	0.4938567125609337	0.2668254847046422	NaN	NaN	NaN	NaN	NaN	NaN	NaN	NaN	0.017189662713835846	0.007120787723958534	0.4749999999999999	0.21334669495916733	0.03257208448254224	0.012836952512837245	0.03257208448254224	0.012836952512837245
800	0.00375	0.001548685531345857	0.9	0.21459216201902623	0.007462705044604441	0.0030758418573364785	0.007462705044604443	0.0030758418573364785	0.6915151515151515	0.25790913856762465	0.5666666666666667	0.20090952192467135	0.5839682539682539	0.2093395112830296	0.5839682539682539	0.2093395112830296	0.34445567535190175	0.25165289884093966	0.9	0.21459216201902623	0.4257766854450716	0.24083353128487475	0.4257766854450716	0.24083353128487475	NaN	NaN	NaN	NaN	NaN	NaN	NaN	NaN	0.02113847094206304	0.011862004136100975	0.4333333333333334	0.23962494861762615	0.03747659356814286	0.017825977847715283	0.03747659356814286	0.017825977847715283
900	0.0034444444444444444	0.0014416108428498382	0.9	0.21459216201902623	0.006857197763442913	0.0028649242980057217	0.006857197763442914	0.002864924298005722	0.6915151515151515	0.25790913856762465	0.5566666666666668	0.20373353469667188	0.5768253968253968	0.2101181515838982	0.5768253968253968	0.2101181515838982	0.33835350359178873	0.25775263667059034	0.9	0.21459216201902623	0.41279023697162326	0.2505607735432284	0.41279023697162326	0.2505607735432284	NaN	NaN	NaN	NaN	NaN	NaN	NaN	NaN	0.018945896576277866	0.007097112597870829	0.42000000000000004	0.22442110515724675	0.03512129987774135	0.012232077828191829	0.03512129987774136	0.01223207782819183
1000	0.0039	0.0012974497585648548	0.9	0.21459216201902623	0.007763185625064802	0.002578321635611913	0.007763185625064802	0.002578321635611913	0.7235632183908046	0.2736705336714203	0.47000000000000003	0.17984125010686508	0.49147465437788007	0.17481885894754454	0.49147465437788024	0.17481885894754448	0.1491919511542635	0.10039127195988326	0.9	0.21459216201902623	0.23634743008546427	0.13703749116646058	0.23634743008546427	0.13703749116646055	NaN	NaN	NaN	NaN	NaN	NaN	NaN	NaN	0.02615292748204947	0.011860306450754688	0.2916666666666667	0.11598495527438027	0.046113086279424634	0.0189577747571605	0.046113086279424634	0.0189577747571605
2000	0.00505	0.0011910455696571814	1.0	0.0	0.010043798892139185	0.0023541395921925093	0.010043798892139185	0.0023541395921925093	0.76	0.22387579270658092	0.22687090687090689	0.046296514906297555	0.3398701298701299	0.0722888962330936	0.3398701298701299	0.07228889623309362	0.030718625306948168	0.009683364622574386	0.9742424242424242	0.029546633713843258	0.059157853820941596	0.017666484421948743	0.059157853820941596	0.017666484421948743	NaN	NaN	NaN	NaN	NaN	NaN	NaN	NaN	0.0393209749102683	0.007964951192117369	0.158024198024198	0.04304286973487695	0.05940186349441329	0.008605015223333392	0.05940186349441329	0.008605015223333394
3000	0.005066666666666666	0.0010216630442567648	1.0	0.0	0.010078239086293695	0.00201887371550165	0.010078239086293695	0.00201887371550165	0.8314102564102562	0.17407308881616365	0.15320215731980438	0.032871471068689914	0.25172561872252275	0.04627975577495966	0.25172561872252275	0.04627975577495965	0.0237266125993352	0.006412229950524561	0.9366783216783217	0.049377113948678955	0.046103955213989	0.012080721046007728	0.046103955213989	0.012080721046007728	NaN	NaN	NaN	NaN	NaN	NaN	NaN	NaN	0.04560210041833255	0.00841169259705921	0.119236025412496	0.029786393886874388	0.06448017884853996	0.011639816979669704	0.06448017884853996	0.0116398169796697
4000	0.005124999999999999	8.282210370728336E-4	1.0	0.0	0.010195095486999439	0.0016400090700213876	0.010195095486999439	0.0016400090700213876	0.7197619047619048	0.22355327355268684	0.12550721822460953	0.022808933166636042	0.19907954249466356	0.026472484825542403	0.19907954249466356	0.026472484825542403	0.018699109723648966	0.004028957794676114	0.915702771463641	0.043585101967741534	0.03657799755125167	0.007723621239997054	0.03657799755125167	0.007723621239997054	NaN	NaN	NaN	NaN	NaN	NaN	NaN	NaN	0.045323154401714104	0.005700283430507444	0.08638675736501823	0.020801953071285538	0.05811454289318065	0.008453953488114965	0.05811454289318065	0.008453953488114965
5000	0.00512	4.205130397978164E-4	1.0	0.0	0.010187157649314608	8.323914506724733E-4	0.010187157649314611	8.323914506724729E-4	0.8800000000000001	0.15200161262302447	0.09468061568061567	0.018920019775383063	0.16907706093189964	0.03108298392420002	0.16907706093189964	0.03108298392420002	0.018052954040718324	0.0033023021477956607	0.8336714766714766	0.049362204349954045	0.03528729931810048	0.00631706160047269	0.03528729931810048	0.00631706160047269	NaN	NaN	NaN	NaN	NaN	NaN	NaN	NaN	0.052176982346970116	0.010274923905138521	0.0743145743145743	0.014492855686857688	0.0594178155913224	0.009250113907086426	0.0594178155913224	0.009250113907086428
6000	0.004933333333333333	4.6540798875825077E-4	1.0	0.0	0.009817396050489004	9.214298479988401E-4	0.009817396050489004	9.214298479988396E-4	0.7566666666666667	0.16058606963245595	0.09233225906850195	0.015632053027967777	0.16028679867980214	0.022552259944036666	0.16028679867980214	0.02255225994403667	0.0156393292677818	0.0024348735421106543	0.8340485125950021	0.051232879007849834	0.030657696910647087	0.0046622273014235785	0.030657696910647087	0.004662227301423578	NaN	NaN	NaN	NaN	NaN	NaN	NaN	NaN	0.04822148596490537	0.0072895926063877865	0.06476424404887401	0.012678431738654575	0.0534384119792386	0.00722223256570551	0.0534384119792386	0.00722223256570551
7000	0.005042857142857142	4.502019049089791E-4	1.0	0.0	0.010034328294488106	8.913825058471763E-4	0.010034328294488106	8.913825058471763E-4	0.8149999999999998	0.12291009482544549	0.07801180228188835	0.015545611186026794	0.14027285612689003	0.024999909108726424	0.14027285612689003	0.024999909108726424	0.01459163917431996	0.0014909372840286278	0.8229405359704858	0.04382202209297404	0.028658170989889913	0.0028624114670763004	0.028658170989889913	0.0028624114670763004	NaN	NaN	NaN	NaN	NaN	NaN	NaN	NaN	0.04260790408492552	0.005331245028358903	0.06766371182619389	0.00592115983415236	0.0519374716206655	0.004999268020086656	0.0519374716206655	0.0049992680200866575
8000	0.004987499999999999	3.284041135742669E-4	1.0	0.0	0.00992508130417445	6.502494400694473E-4	0.00992508130417445	6.502494400694473E-4	0.6866666666666668	0.17389469813654465	0.07442052099946836	0.020316599258998355	0.1301546858975117	0.029616347889184727	0.1301546858975117	0.02961634788918473	0.013626922084798593	0.0016383364865910663	0.7890350877192982	0.03656290402875157	0.026775641475926242	0.0031595599662647945	0.026775641475926242	0.0031595599662647945	NaN	NaN	NaN	NaN	NaN	NaN	NaN	NaN	0.04040536517665988	0.007479627546438996	0.057928913192071094	0.008362232792140782	0.04642429566314726	0.006181999293486189	0.04642429566314725	0.00618199929348619
9000	0.004977777777777777	2.9482160632415594E-4	1.0	0.0	0.00990590973978445	5.83821196356471E-4	0.00990590973978445	5.838211963564708E-4	0.7126666666666667	0.1832229308618329	0.06480813915143438	0.010901325197934242	0.11414208026193992	0.01619627312196541	0.11414208026193992	0.016196273121965418	0.01315194247611028	0.0014607205803238612	0.7673031469062106	0.0359633797998587	0.025849749119122283	0.0028257911028005483	0.025849749119122283	0.0028257911028005487	NaN	NaN	NaN	NaN	NaN	NaN	NaN	NaN	0.04113733390829327	0.011297922500815277	0.053696349938141395	0.007575026266821011	0.045417153757330006	0.00937616317306814	0.045417153757330006	0.009376163173068141
10000	0.005009999999999999	4.1395218028173256E-4	1.0	0.0	0.009969390515004095	8.192997710915426E-4	0.009969390515004095	8.192997710915423E-4	0.5478282828282828	0.2176515803244109	0.06836008459732519	0.01222350800040204	0.11278859061369713	0.014373174833761306	0.11278859061369713	0.014373174833761297	0.012367368238223236	0.001287179600242961	0.7370929204183518	0.046945817773457486	0.0243156388363231	0.0024915713516989796	0.0243156388363231	0.0024915713516989796	NaN	NaN	NaN	NaN	NaN	NaN	NaN	NaN	0.034972777655872485	0.0076019402784489815	0.048422139714222254	0.0104536297175546	0.03957118969310871	0.00642011915073306	0.039571189693108716	0.006420119150733059
