10	2.3	0.4580200912623812	3.4	0.9160401825247624	3.3	0.962347423750903	4.9	1.2573953220845064
20	4.1	1.3363041405308898	7.4	3.004290268266367	5.5	2.004137106088303	11.0	1.4306144134601748
30	5.7	2.2856275995883495	10.9	4.356332470783193	7.6	2.7924479325495035	18.2	3.41254769109532
50	9.2	6.250655452350577	20.1	7.620288233131342	11.9	4.760421859037284	29.0	4.109127060581115
100	25.3	10.366033023485887	45.6	5.140267465414617	25.2	7.801768839436349	51.0	8.022928487778014
150	39.7	15.530734522359204	72.9	14.716739580355426	44.0	8.939909355245163	58.7	19.887727317217518
200	67.3	26.4103393905493	106.4	18.54343396935961	NaN	NaN	52.7	12.89558244686916
300	107.6	36.672594338770196	154.2	23.848389473169878	NaN	NaN	87.8	13.968834438993111
400	161.8	40.390225381693526	223.6	32.442474279499706	NaN	NaN	105.0	18.786859852567165
500	199.5	38.30902524601742	268.1	36.364701637109576	NaN	NaN	107.3	15.736921117041922
600	263.7	33.81527343914284	329.4	34.11527972648033	NaN	NaN	103.9	11.915609693003542
700	333.5	50.7941153459729	408.7	45.85788700587937	NaN	NaN	110.1	13.783173621339898
800	375.6	45.636599789379574	506.5	50.31945978505731	NaN	NaN	120.9	14.379098281742147
900	474.1	47.05661385220997	544.8	45.58567020000912	NaN	NaN	110.6	16.83997853490318
1000	551.8	62.54157981426436	640.9	52.70260979074945	NaN	NaN	117.6	21.421510229113164
2000	1457.0	91.32991322014928	1536.1	108.44984377100778	NaN	NaN	121.0	8.261720823169952
3000	2356.0	148.22539257198812	2459.2	152.17891424840695	NaN	NaN	144.0	11.400120946726839
4000	3342.9	208.9648406044328	3517.9	234.88415650791774	NaN	NaN	156.1	14.12419317752345
5000	4405.6	193.66265941666708	4649.6	198.80913469399738	NaN	NaN	189.4	23.937047890163896
6000	5536.9	153.3360565089503	5748.5	116.57104579791671	NaN	NaN	206.7	16.799976181054543
7000	6667.3	131.5558858955539	6874.4	144.65704879561176	NaN	NaN	239.4	17.94893793002806
8000	7670.1	129.300340242847	7883.3	117.40937093266447	NaN	NaN	246.0	23.169771006205476
9000	8723.5	114.45641768507346	8931.8	86.02728296897443	NaN	NaN	294.0	27.712962028624798
10000	9663.6	125.86081846554153	9897.8	103.76087656406918	NaN	NaN	317.7	41.738711836423505
