10	1.9	0.6748194691915756	2.2	0.7008550663296942	2.3	0.8493802470036608	4.4	1.3266972284587015
20	1.7	0.6437764860570786	3.0	1.9719658820578005	2.1	0.7468026486294757	11.9	2.6466366649013233
30	2.4	0.7294730810660528	5.8	4.796293508950427	3.0	1.1081491596351098	15.1	2.1802206943334888
50	2.5	0.9188287435643271	3.9	1.793981347729123	2.8	1.271557904304794	26.7	4.925242045219707
100	5.8	5.146236425194628	14.3	7.385698456070353	6.0	2.1930903674951474	43.2	6.769391676066616
150	7.2	2.9108697092106333	29.0	8.499824308772503	10.4	2.2889830615362796	40.5	10.52377115771718
200	7.4	2.0780874707287946	47.3	11.692811651779907	NaN	NaN	43.2	7.709405729626636
300	16.6	4.757734025352826	84.7	14.96702345037249	NaN	NaN	61.8	13.10711405855614
400	31.8	8.474503831139614	119.5	18.051411943114033	NaN	NaN	59.4	11.114686353469446
500	47.0	10.720066428898656	169.0	22.26892760058284	NaN	NaN	71.3	13.197563351012944
600	57.4	20.615744401209476	213.7	31.520708249720528	NaN	NaN	88.3	16.217293801494748
700	88.0	33.1473699191957	261.3	29.073608400816024	NaN	NaN	104.7	23.326144979486003
800	124.3	51.18826534513549	328.4	40.62063298000168	NaN	NaN	97.1	22.87518448528885
900	120.9	26.034529264728413	375.3	44.786514683819725	NaN	NaN	99.2	21.766505641099123
1000	169.0	37.49465435818818	434.3	60.818824364862564	NaN	NaN	76.2	21.319994990243316
2000	519.5	96.78307404262378	1051.3	115.3385127266864	NaN	NaN	118.1	23.569236780939686
3000	1101.0	116.0386157725091	1731.0	251.10074740820662	NaN	NaN	126.8	19.169165487939217
4000	1490.6	262.3255355822151	2318.1	152.53176056872877	NaN	NaN	154.4	18.53239358140227
5000	2287.3	310.7280097765311	3101.2	221.83054690241374	NaN	NaN	164.6	23.363733616355074
6000	3070.4	388.8576298259506	3954.2	190.54253426168128	NaN	NaN	216.3	22.488535070208552
7000	3487.9	379.76675492322386	4707.5	175.29179234117038	NaN	NaN	211.0	30.531134992332003
8000	4438.0	469.5937060626771	5875.9	279.6343373864447	NaN	NaN	259.2	27.160582934539523
9000	5206.8	480.24447367046713	6664.5	494.9113589130279	NaN	NaN	270.8	34.35381548626004
10000	5553.2	481.17060683286127	7260.2	557.6599210471414	NaN	NaN	320.5	33.49937231202997
