10	1.5	0.4798426617131911	2.1	0.8731437201285938	2.1	0.8731437201285938	5.5	1.4395279851395735
20	1.6	0.5722457653840699	3.3	2.1708130099112632	2.6	1.4377496917057573	12.1	1.8501445446234737
30	2.0	0.9596853234263822	3.9	3.2220600050278394	3.0	1.722687876546416	17.7	4.6030449491613705
50	3.1	1.6760183638612078	6.3	5.476189412721222	3.1	1.4108063353983067	24.3	5.247157455613467
100	2.5	0.7997377695219852	13.6	9.485308012711025	4.1	1.8222793298503936	40.0	6.69490862073561
150	4.2	1.4234433687365295	16.5	12.378122013455835	5.8	1.5930647896429069	42.8	8.450318553995464
200	5.6	2.502553147487581	26.0	14.08628603713555	NaN	NaN	47.9	9.257357633579897
300	23.1	23.63210900355701	49.1	13.974876916667279	NaN	NaN	50.2	13.480457273549737
400	18.1	7.05548222845186	97.2	20.703911894712068	NaN	NaN	75.8	9.4398872823779
500	21.1	5.052418917310796	140.8	31.78218670739947	NaN	NaN	63.3	9.97359894942643
600	41.4	16.449577541566228	200.3	58.81378347295811	NaN	NaN	91.1	15.131579638491152
700	87.2	76.20543379932955	252.4	60.74318717235703	NaN	NaN	99.3	18.4794463446284
800	102.8	53.00884912299077	282.5	43.29145351613872	NaN	NaN	94.3	28.73016057602185
900	115.5	39.84363877283298	361.3	52.74783209729098	NaN	NaN	90.6	23.27596900874376
1000	139.6	61.58724432685717	451.4	55.07233755721651	NaN	NaN	90.6	19.56911095415425
2000	602.1	163.5147371700667	1088.0	86.3989251349807	NaN	NaN	112.6	17.69051761865661
3000	999.0	176.20733181840077	1608.8	151.80591922182745	NaN	NaN	132.9	29.230519408932846
4000	1421.9	195.06716061489178	2291.0	222.16433110614318	NaN	NaN	153.0	20.945191728890904
5000	1851.7	273.6773318718304	3074.3	206.02761160097936	NaN	NaN	174.8	14.57823463880315
6000	2728.0	436.3704631527665	3521.3	300.57206273345497	NaN	NaN	201.1	28.93318178486424
7000	3445.4	396.0766779780096	4464.2	490.72804151625985	NaN	NaN	224.6	32.5793968319857
8000	4160.9	553.5600165367763	5401.6	405.11102688800753	NaN	NaN	273.9	36.107713040235595
9000	5127.5	443.13119805287914	6271.2	410.71863472014996	NaN	NaN	296.6	40.378062245927545
10000	5599.8	293.64921227461855	7024.3	427.8977097411997	NaN	NaN	328.9	37.00904370172242
