10	5.5	1.8721381199046188	6.0	1.500441055156783	5.8	1.4936052972589513	5.5	1.1196328773307793
20	9.9	2.607684773127304	11.5	2.244970899588678	11.5	2.244970899588678	11.4	2.2209108077543323
30	15.4	4.124042271364346	18.4	2.810711357645961	18.2	3.243427209604063	17.6	3.2966273456367494
50	27.7	5.410390034369056	34.2	3.305926736030307	30.3	4.893976968070038	26.9	3.736752798353137
100	60.4	6.17157175571993	68.3	4.9356197264376025	58.8	5.6031890548151235	43.9	7.297886501994944
150	100.9	10.313579015841203	111.5	7.804719522186559	89.5	4.671454448027937	60.3	12.476114263824291
200	143.0	5.475722220858176	157.8	7.043506245045857	NaN	NaN	65.0	10.566227902141803
300	226.8	10.389452431384436	240.4	15.691825128263442	NaN	NaN	67.5	7.3314626930783735
400	319.1	19.74934569741489	332.7	16.69610378992656	NaN	NaN	85.5	13.834307674039925
500	415.9	9.72107494241249	425.1	10.578085253768755	NaN	NaN	107.6	11.557027082083005
600	512.0	22.040285419204533	520.7	22.825025930412433	NaN	NaN	113.6	18.37991576302786
700	631.6	22.10796918434617	645.6	23.315503964872818	NaN	NaN	121.4	13.143757758571175
800	732.5	22.892624613617368	762.1	20.823795579960922	NaN	NaN	129.1	19.92987599248926
900	837.0	21.835038079197385	859.9	15.45609885178016	NaN	NaN	102.1	19.012779437946467
1000	934.9	26.349047567530782	955.1	21.952940161080928	NaN	NaN	108.8	21.714728744886497
2000	1953.7	13.526873477784878	1971.3	27.615027401833228	NaN	NaN	110.5	6.4158710227061135
3000	2967.7	18.404536110535357	2993.8	2.9283946701221812	NaN	NaN	140.5	15.675676320337825
4000	3966.9	19.250802795623873	3993.0	2.559160862470353	NaN	NaN	174.3	20.40331523267726
5000	4967.8	12.487387338590887	4991.7	2.560160339510008	NaN	NaN	185.6	9.360417290698102
6000	5974.1	15.689379407612016	5992.7	2.9327595475933577	NaN	NaN	187.4	12.102017098649299
7000	6976.4	11.614439393100294	6991.4	3.6078722726837213	NaN	NaN	221.6	15.201582470782439
8000	7976.4	12.824562555346674	7992.0	3.9178989267208	NaN	NaN	253.4	14.242339510628158
9000	8973.6	18.49093341765093	8992.6	3.8943205846463123	NaN	NaN	302.6	28.212862442793707
10000	9977.8	11.015730983643346	9993.2	3.7551925202311542	NaN	NaN	334.4	31.166715636011435
