10	1.5	0.3576536033650437	2.0	0.5540745798175549	2.0	0.5540745798175549	6.0	1.318961318614007
20	2.0	0.78357978534416	2.5	1.072960810095131	2.2	1.0512825994945412	10.7	2.2174523408632707
30	2.9	0.8731437201285939	3.8	1.188357582548283	3.2	0.9489622458243532	14.0	3.0178844113053764
50	3.0	0.45239999999999997	6.2	1.4936052972589513	5.4	0.7965323948214534	24.6	5.090253944156421
100	7.6	2.3112283175835313	20.7	3.648066754323446	11.1	3.206140638836668	48.9	8.59827826695554
150	13.7	4.95630990193309	39.6	7.4762436461099915	19.7	5.678025523366375	41.4	11.645236475744063
200	24.7	10.682054008663314	61.9	11.388670192608089	NaN	NaN	46.2	11.430600211012543
300	49.1	19.937576475489692	118.1	15.040003809706961	NaN	NaN	64.6	16.29016956375838
400	74.4	32.65939489359838	171.5	17.849029067711214	NaN	NaN	83.1	20.66098962479774
500	126.0	28.546045670810518	240.5	18.61517431828131	NaN	NaN	101.5	13.267936419051756
600	159.2	50.93549882021379	281.4	22.089446313024688	NaN	NaN	97.4	19.805615254669572
700	208.4	57.60084289258274	353.0	14.501519520381303	NaN	NaN	97.1	18.64867759483229
800	250.4	70.13090149952444	429.3	35.51275165013266	NaN	NaN	92.2	24.656422560947483
900	321.5	89.98567503697463	500.2	45.82300621024334	NaN	NaN	101.6	14.374649606025182
1000	370.0	56.29063240291407	546.3	58.54259646380573	NaN	NaN	101.4	18.836362746984886
2000	987.8	181.29836161329203	1217.5	123.99691046384987	NaN	NaN	119.6	13.44016368114615
3000	1766.0	182.44400751353825	2025.3	191.39863243420524	NaN	NaN	139.8	12.581275721642857
4000	2569.9	269.19576276686826	2942.9	187.63980585844786	NaN	NaN	152.3	15.308409840476575
5000	3350.2	256.93269304824565	3679.9	246.4800524401843	NaN	NaN	163.6	19.548182536900967
6000	4286.4	293.7120028862559	4587.2	255.87165695728004	NaN	NaN	188.4	25.965158963811483
7000	5062.8	307.6680568281082	5544.0	257.39472832783497	NaN	NaN	209.5	35.025592766718454
8000	5840.1	547.7234329929987	6270.6	471.0178411052557	NaN	NaN	227.1	33.297454432974305
9000	6960.1	503.10606974803636	7383.5	375.6112470590038	NaN	NaN	297.5	32.472504965585884
10000	7895.5	710.5864995921187	8538.0	566.2885263242405	NaN	NaN	297.7	24.61956061516939
