10	2.6	1.0216630442567647	2.7	1.1556141587917657	2.6	1.0216630442567647	6.4	1.1622366437176208
20	4.7	1.5021451341331835	6.0	1.8652929850294293	5.7	1.5358297054035646	12.9	1.877596260115577
30	8.0	1.8095999999999999	10.9	1.8775962601155762	9.9	1.931329458171236	17.9	2.5681421526076007
50	16.5	3.022120040633727	21.2	2.2800241893453674	18.0	3.2935217139105064	28.4	2.6417990869859875
100	38.6	7.908593822924529	49.9	7.680481018530024	37.2	5.6757722491305085	48.1	8.616112104423895
150	68.0	6.429812090566877	83.2	5.379566754302803	58.5	8.901192748165832	60.3	12.974694764964608
200	106.7	12.248474138601916	124.2	8.753676972792633	NaN	NaN	57.1	7.799473092203088
300	177.4	21.659048651683662	196.2	15.549666519382336	NaN	NaN	82.6	10.882077409024436
400	259.3	29.648685566884748	284.9	20.58904657229178	NaN	NaN	95.8	14.376785142165824
500	347.0	26.632108277040327	364.7	23.247044025509993	NaN	NaN	110.2	18.171619002829658
600	434.7	25.029722491549922	457.3	25.186636134347115	NaN	NaN	112.9	15.242758523180768
700	542.3	47.67945098094146	559.9	31.662263694751832	NaN	NaN	109.7	21.26292031880851
800	644.2	46.579408059613634	667.3	44.373326004751995	NaN	NaN	118.6	19.621334336277947
900	751.8	42.10577964393962	786.8	43.537242329573424	NaN	NaN	102.5	13.900721587745004
1000	860.4	56.1151095254745	878.4	55.296717090402375	NaN	NaN	112.1	26.934807148297903
2000	1896.7	29.570924507766065	1913.1	39.61981948616121	NaN	NaN	117.5	11.022463961383588
3000	2955.7	19.962198059432232	2980.8	16.32342957052837	NaN	NaN	144.2	11.062081987763424
4000	3972.6	8.849018011960423	3988.0	4.966107538102654	NaN	NaN	173.1	23.153092131203557
5000	4958.5	22.18432787217138	4989.1	3.1579010681147057	NaN	NaN	192.6	19.047060827749778
6000	5955.9	25.847148593916504	5988.4	3.218087546354201	NaN	NaN	201.0	17.585504353301896
7000	6958.9	22.38225854099626	6987.8	3.6725295892613303	NaN	NaN	241.2	20.332347838456823
8000	7961.2	19.35246429331417	7988.3	4.976914064357551	NaN	NaN	263.1	26.995527190184674
9000	8956.4	24.690432007885157	8987.4	5.44009824323054	NaN	NaN	285.5	24.812500665994953
10000	9953.2	25.671059203390886	9987.3	5.429271229548216	NaN	NaN	338.1	34.64546722611775
