10	3.5	0.6594806593070035	4.4	0.7294730810660526	4.4	0.7294730810660526	5.6	1.4017101326593884
20	5.7	1.467687679310554	8.8	1.7753457984291396	7.7	1.3590836927871661	10.4	2.6223595359904404
30	8.5	1.816654997516039	15.1	1.9576430614389335	12.0	1.8652929850294293	16.7	3.0017345125776864
50	16.3	3.63401405665966	26.7	3.4012838875930362	21.0	3.2465807613549367	26.4	3.7742200381005877
100	51.1	10.573247124511939	59.5	8.207351476572695	47.9	7.1419761996243025	59.1	7.450534930862347
150	82.0	11.990733772376068	95.3	11.832011514700278	76.3	7.266972046457862	62.5	13.112773223845517
200	120.4	16.705754407867968	136.4	12.979229062467462	NaN	NaN	69.6	12.66396815915138
300	210.3	20.21942067033573	230.7	11.445138839000599	NaN	NaN	83.3	14.352742040599768
400	293.6	22.198046845972737	322.6	16.930884898787777	NaN	NaN	92.4	15.36562464516168
500	381.4	33.42283926682472	413.7	22.436143905849768	NaN	NaN	96.6	18.985175004092007
600	482.9	30.058992786119767	516.7	25.368811540235775	NaN	NaN	116.3	18.320943290234812
700	582.8	28.36948421498001	609.5	35.22080002754054	NaN	NaN	105.4	18.99056438592597
800	708.6	23.28036509713711	740.6	32.43143239537841	NaN	NaN	115.6	16.74552351453964
900	789.0	29.113969929228134	819.8	36.82936135509276	NaN	NaN	111.5	12.320115432089098
1000	877.9	46.65146738052298	906.7	49.85650180110915	NaN	NaN	95.5	14.224545229285889
2000	1899.2	31.56410070165155	1962.6	25.39934924552202	NaN	NaN	120.2	13.219837081598246
3000	2930.0	33.79552150329981	2976.1	24.647393888117257	NaN	NaN	148.7	15.573504494621625
4000	3923.9	39.345082609596844	3971.0	32.291981159414796	NaN	NaN	172.0	14.65943545979858
5000	4939.3	35.6120274413575	4980.8	29.308048862795346	NaN	NaN	185.6	18.127640338885808
6000	5940.8	37.78528649069634	5978.0	36.28518752989985	NaN	NaN	200.0	9.570158180510916
7000	6948.9	30.60888051196907	6994.5	1.9784419779210105	NaN	NaN	230.1	19.968348711798882
8000	7949.1	29.13408581912259	7994.7	2.6582109329396717	NaN	NaN	284.6	36.030756060010724
9000	8953.2	27.25273521069032	8995.5	1.5753007141495239	NaN	NaN	300.0	22.084349799801668
10000	9951.9	35.546450162512706	9995.7	1.8666640201171711	NaN	NaN	321.7	28.43298909091339
