10	3.9	0.8731437201285938	4.8	1.2306610516303829	4.4	0.9702899030702112	5.1	1.5490984591045205
20	6.6	1.4017101326593882	8.9	2.009236699843998	7.9	2.009236699843998	12.2	3.0816377567780413
30	11.6	1.573675854806192	14.8	2.766676602713081	12.4	1.5408188783890209	17.3	3.340568898256702
50	23.4	2.810711357645961	29.0	3.355088195562078	24.6	1.8152461915674134	26.0	4.635720526520122
100	52.2	8.659649788761667	62.3	4.914842451594964	51.5	6.295109830654267	48.8	10.37466737702949
150	90.4	10.177491888279745	103.5	9.060714816172066	83.3	8.137228643954893	60.0	18.50697569458608
200	130.5	14.177706427345717	145.6	12.068146287479282	NaN	NaN	71.6	17.286771710646264
300	213.1	11.80776999928437	227.0	11.453853157780573	NaN	NaN	80.4	10.73056180150881
400	312.9	13.152513713963577	318.8	16.926653462040274	NaN	NaN	105.1	17.15082350547635
500	392.4	21.27771434379172	405.9	11.097409807518147	NaN	NaN	95.5	12.332568382133543
600	484.2	27.083234985208097	494.6	32.399863419712126	NaN	NaN	117.2	22.222466386609746
700	582.3	33.59363209425262	614.4	20.496266464310033	NaN	NaN	116.9	21.109320437096027
800	694.2	34.68878593067218	722.3	27.99045633647297	NaN	NaN	113.8	18.18287844935449
900	808.8	34.09067396787573	827.6	34.99921485085058	NaN	NaN	109.2	17.64011965673702
1000	885.1	48.21133428184705	914.1	38.552935023367546	NaN	NaN	105.8	17.999039738386045
2000	1924.5	29.692142806136438	1946.9	34.043588468256395	NaN	NaN	121.6	10.005099860371208
3000	2938.9	39.37238265632396	2978.0	29.07703998965507	NaN	NaN	148.7	11.498660687401813
4000	3961.9	18.9885435469917	3997.0	1.465943545979858	NaN	NaN	177.4	17.045336983937865
5000	4968.5	17.93196844130616	4996.7	1.7825363738224251	NaN	NaN	186.4	15.685302359087629
6000	5971.9	17.405498401252405	5996.9	1.4466192989173068	NaN	NaN	209.8	17.050139163772243
7000	6965.3	19.17783844347428	6997.0	1.2389484250766856	NaN	NaN	231.8	14.901069861724695
8000	7964.6	18.15020681138372	7996.9	1.0824562235952084	NaN	NaN	270.0	20.607800756024403
9000	8957.7	22.181559992119585	8996.3	1.5358297054035643	NaN	NaN	301.8	23.938330380876607
10000	9957.7	24.68183038763535	9996.0	1.692725801776531	NaN	NaN	321.9	20.965823842530018
