10	2.6	1.0216630442567647	3.0	0.9596853234263822	3.0	0.9596853234263822	6.4	1.1622366437176208
20	3.8	0.7704094391945104	6.0	1.3572	5.0	1.2389484250766856	11.2	2.164912447190417
30	5.8	1.7753457984291399	9.7	2.4789290921686327	7.2	1.6560559120995886	16.1	1.9836076315642663
50	8.3	2.0743908995172533	18.2	3.0816377567780417	10.6	1.8152461915674134	25.7	4.680208645349051
100	20.2	7.342272208519649	42.1	4.540369883170313	25.6	7.331113733669667	45.5	9.261778266618133
150	46.8	16.23227339050202	74.8	7.95761183672589	42.6	9.122340599648755	47.7	11.273976831801633
200	66.0	18.36264794630665	101.9	11.023392325232736	NaN	NaN	55.2	9.60111755495161
300	117.7	25.346615894118884	173.7	17.576918995205048	NaN	NaN	77.1	20.855713600737808
400	168.5	35.80861027211193	222.0	17.535971726710784	NaN	NaN	109.4	18.186817608806656
500	224.2	32.73544642713765	274.7	17.733416390645093	NaN	NaN	92.6	18.830929232940154
600	276.5	37.152274071179	341.7	25.07873595546633	NaN	NaN	102.4	18.28781885343356
700	335.2	43.92568708425629	424.5	40.95313362295978	NaN	NaN	111.1	19.104059774718046
800	427.3	55.269737809437814	498.7	34.43749211199909	NaN	NaN	101.3	25.743209736239187
900	512.1	62.75038331704437	570.2	41.17436528210241	NaN	NaN	104.6	24.791767662996516
1000	582.5	79.45852553741479	643.1	56.47888324211093	NaN	NaN	97.0	9.833848259964153
2000	1377.2	114.10519936262327	1464.1	104.83068110107843	NaN	NaN	108.7	8.96305904499128
3000	2435.3	154.91580767786093	2458.8	234.53608930308357	NaN	NaN	131.2	11.322660114301764
4000	3306.0	221.92629441055422	3403.4	245.25070916418574	NaN	NaN	152.1	13.960223970839438
5000	4521.3	195.78888622024488	4564.1	201.3183685277526	NaN	NaN	175.7	11.090952998006978
6000	5614.9	156.11518743939038	5666.4	157.86789538932862	NaN	NaN	191.4	17.690517618656614
7000	6631.8	123.8708045763165	6710.0	123.03533478996998	NaN	NaN	231.7	12.958910938963967
8000	7582.9	122.38379535394381	7714.1	133.3768692211509	NaN	NaN	254.8	17.80755818589399
9000	8701.8	124.63673368306793	8851.7	120.7073440347521	NaN	NaN	314.7	22.941297227576296
10000	9702.7	132.0663426122038	9842.4	104.09634541988494	NaN	NaN	304.1	39.17043425386039
