10	3.3	0.9076230957837069	4.0	1.153398213974688	3.8	0.9489622458243532	5.7	1.3208995434929938
20	7.2	1.68666951831116	8.8	1.527478204099816	7.9	1.1731910483804417	12.0	2.2392657546615586
30	12.0	1.5994755390439703	14.5	1.9260235979862759	13.4	1.9771484557311318	18.5	3.154658869037982
50	22.8	4.156174941457589	25.8	3.849389695003612	22.6	3.907437228670475	27.4	4.571255199176698
100	56.9	5.832715144424593	62.7	5.158649575615696	56.1	6.8269693273076895	46.5	8.68001053570789
150	97.2	9.103250310960366	102.6	6.5808263019168045	88.9	5.357168673469223	60.7	13.874194172059147
200	138.2	8.160774369139242	149.6	7.863175318915381	NaN	NaN	66.4	5.383369912610502
300	226.8	9.330852817615334	240.0	9.287982441843868	NaN	NaN	88.5	9.892209889605052
400	324.0	21.463984386874678	338.3	18.82236826767556	NaN	NaN	105.8	13.048426945191515
500	424.3	26.81791560289502	441.1	22.98675073245455	NaN	NaN	117.0	21.22908390675396
600	521.5	26.325346086613937	534.0	21.39952424704811	NaN	NaN	110.4	12.198871837018373
700	633.1	25.922263401871373	645.7	21.363748768509705	NaN	NaN	116.3	24.261571309459743
800	734.8	27.819473482868073	753.8	18.908480006177122	NaN	NaN	125.7	19.461220555864426
900	844.9	24.868527170622706	859.4	19.218216111179515	NaN	NaN	107.1	24.061237539993662
1000	944.1	26.52324012853633	965.8	22.49933978551371	NaN	NaN	117.3	23.87680026980165
2000	1969.6	17.883252404861924	1990.7	8.619674444200314	NaN	NaN	128.1	11.0001597241131
3000	2981.7	7.875204246494182	2995.3	1.9732628015548255	NaN	NaN	147.2	16.971935382389365
4000	3986.3	5.541207507754965	3994.8	1.6560559120995886	NaN	NaN	160.8	9.041211453339647
5000	4984.9	5.03212392097015	4994.7	1.6942364899859759	NaN	NaN	184.1	9.262883095235521
6000	5975.5	16.110300025139196	5994.5	1.952408712334587	NaN	NaN	220.6	25.621980637257536
7000	6980.9	9.726336973187799	6995.6	1.3647191711117712	NaN	NaN	231.9	29.28822715624829
8000	7980.9	8.2830597846448	7995.8	1.527478204099816	NaN	NaN	264.8	19.368321339341726
9000	8975.2	16.90548039139971	8995.7	1.8110131981849273	NaN	NaN	292.0	23.80587090278362
10000	9982.5	11.815567338896596	9995.9	1.9836076315642672	NaN	NaN	335.8	22.40362269419836
