10	5.9	1.5817834605280205	6.0	1.500441055156783	5.9	1.4466192989173068	5.7	1.1990733772376068
20	10.3	2.7153423364283187	11.5	2.244970899588678	11.5	2.244970899588678	12.3	1.3962239662747524
30	17.4	3.787752602269583	18.9	2.8333750962412303	18.0	3.1829161346161796	16.3	2.373483735777433
50	32.5	5.524561653199283	36.5	4.377422961058253	31.5	4.024199083047457	29.0	2.284508017057502
100	71.4	7.324131053988588	76.8	7.222832008568385	63.1	5.021945666372745	52.2	7.370094484061924
150	111.7	5.058491538393634	117.8	5.914167598572093	107.6	6.5652577295944745	66.6	14.452746266921036
200	156.1	5.357168673469224	165.7	5.924972108288781	NaN	NaN	66.7	14.295589459829907
300	249.3	16.793883824892916	262.5	14.892311243725736	NaN	NaN	73.9	4.064682456970039
400	349.7	13.378539672325973	356.7	15.385092397642595	NaN	NaN	93.6	12.447989672874893
500	445.2	15.50023018100054	456.5	20.426373515139687	NaN	NaN	109.0	11.507334475020704
600	556.9	15.040003809706961	572.0	14.24521326762081	NaN	NaN	119.4	16.091073704883712
700	669.8	17.83626803297147	680.6	12.668007831383749	NaN	NaN	115.7	13.458614870929324
800	773.0	18.039361363418607	788.2	7.568747995804854	NaN	NaN	93.3	12.373160676399543
900	865.6	13.466786176961449	880.6	10.499189413283295	NaN	NaN	103.2	14.637779344695698
1000	973.2	11.488644333601767	986.2	9.325367629428879	NaN	NaN	109.7	14.89849433211289
2000	1972.7	13.263307934448328	1993.0	2.5390887026647966	NaN	NaN	128.3	12.016522388944313
3000	2981.3	10.772678523190043	2993.2	2.9803513188884283	NaN	NaN	151.4	18.141747673694503
4000	3979.4	11.806686628178117	3993.0	2.559160862470353	NaN	NaN	163.8	15.52661581620412
5000	4977.8	9.09762789654534	4991.7	2.560160339510008	NaN	NaN	180.7	15.174125893902422
6000	5987.2	5.594049937567593	5993.0	2.807068178723132	NaN	NaN	201.6	16.1608779568438
7000	6980.4	9.73553868340114	6991.4	3.6078722726837213	NaN	NaN	229.3	22.065923041740174
8000	7982.7	10.478945408961726	7992.0	3.9178989267208	NaN	NaN	266.9	16.11411078390614
9000	8984.9	8.798278642780074	8992.6	3.8943205846463123	NaN	NaN	276.3	24.877989767744495
10000	9983.8	10.140220797596076	9993.2	3.7551925202311542	NaN	NaN	299.3	29.1790109195634
