10	5.7	3.085785877859965	5.9	2.974336476594402	1.4	0.57224576538407	5.2	1.4589461621321052
20	3.5	3.9601153846826227	4.0	3.9178989267208	2.1	0.9298993687491137	11.1	1.8222793298503936
30	2.4	0.3504275331648471	3.6	1.2471807310891232	3.5	0.9188287435643271	12.1	3.190141833210555
50	2.2	0.28612288269203495	5.8	1.3496389383831513	5.0	1.0609720448720596	24.8	4.521737434217073
100	4.9	1.4108063353983067	17.7	4.072228284858303	9.6	2.8288568744282556	44.8	9.86916588086349
150	6.0	1.8652929850294293	38.8	7.755724780057631	14.0	5.3241156786831745	34.0	8.261720823169952
200	7.7	3.1187722334277628	56.8	9.13131045491281	NaN	NaN	44.9	8.03217057811897
300	15.9	5.618236096498616	105.1	15.705677018072159	NaN	NaN	59.1	16.231170103107168
400	29.5	19.482767645794063	146.3	15.779132222147071	NaN	NaN	73.8	19.54189964113008
500	53.7	29.942335886233057	201.4	17.3841727216454	NaN	NaN	87.3	23.626912135190242
600	79.6	37.25947284458007	258.2	29.62581045615461	NaN	NaN	69.8	12.454564605155813
700	77.5	32.712696455352	292.5	19.186374138434807	NaN	NaN	76.6	21.830819699131773
800	96.3	43.87936022601058	360.9	30.617237474925787	NaN	NaN	91.6	18.38826533678476
900	130.0	62.88766821372851	400.8	20.738481816757943	NaN	NaN	108.8	32.89604443430851
1000	135.3	43.24983040618772	438.1	31.221254487864517	NaN	NaN	102.0	24.91693365885939
2000	466.9	130.10077401935777	983.3	152.4037670852135	NaN	NaN	100.0	19.18037287437343
3000	1010.7	244.7820663628853	1517.0	154.1774952106824	NaN	NaN	114.6	18.773782391835695
4000	1585.6	290.4595084628768	2168.5	296.89096837974034	NaN	NaN	150.4	17.015292653845243
5000	1916.9	460.4219126095933	2613.4	282.6446978636182	NaN	NaN	175.4	13.59535390697866
6000	2213.5	397.0964354388742	3483.4	371.71924398978325	NaN	NaN	168.9	21.36949602484813
7000	3089.2	511.62447844260146	4196.0	471.7032075120966	NaN	NaN	207.9	34.64989751725104
8000	3813.3	648.8914401956647	4836.8	581.4581590992631	NaN	NaN	236.5	29.617951154325308
9000	4530.3	877.1912954036444	5488.1	624.7766394130593	NaN	NaN	259.3	37.25926685703839
10000	5459.5	838.3500709042374	6386.8	725.1168896142358	NaN	NaN	294.0	41.928230889461574
