10	3.0	0.9047999999999999	3.4	0.7294730810660528	3.4	0.7294730810660528	5.8	1.4936052972589513
20	4.9	1.2573953220845067	6.1	1.2573953220845064	6.1	1.2573953220845064	10.3	2.844189544316623
30	7.9	1.6760183638612078	10.2	2.0433260885135294	9.5	2.356174598793561	16.0	2.9665851883942245
50	14.9	3.3159716458377626	20.9	4.225159276997732	17.9	3.510839699559067	24.8	3.875882710299681
100	43.0	9.776446691922377	53.6	5.402345543928119	38.9	7.332858364648808	51.2	9.47235288531841
150	82.1	17.367240631602936	92.5	13.271792256511551	71.1	9.465057833737731	46.4	8.482952387936644
200	111.2	12.454564605155813	128.0	7.971745008465838	NaN	NaN	64.4	12.832539518583218
300	188.1	14.120570103080118	205.7	8.720002665366565	NaN	NaN	79.8	10.52158303602647
400	269.1	27.769124951931776	288.0	18.729578549449528	NaN	NaN	102.4	16.440243387979386
500	351.0	20.054132202616	369.0	22.492971318169594	NaN	NaN	106.9	20.79428930730743
600	431.3	41.4669084847665	450.4	32.84374148382002	NaN	NaN	102.6	11.41447426805107
700	539.5	47.01941219049851	538.2	49.912658685187274	NaN	NaN	113.7	18.911862209840677
800	640.8	56.79539221436893	673.3	52.759471050456895	NaN	NaN	116.6	21.595170773485442
900	732.6	54.18063733711518	773.0	47.17015804340706	NaN	NaN	116.8	16.590810125608694
1000	853.8	35.92209835496807	875.6	46.43131755115291	NaN	NaN	106.6	13.614158521774307
2000	1858.5	43.84109642082415	1910.5	32.982178485054625	NaN	NaN	117.2	9.319879212951207
3000	2941.6	26.686232002588902	2967.4	21.994271761892914	NaN	NaN	139.6	13.662929396582564
4000	3914.6	40.84047107583359	3950.1	43.798126505548154	NaN	NaN	166.2	16.165942872099976
5000	4962.3	18.740639284826972	4989.0	8.911246539065115	NaN	NaN	187.6	13.481975428549037
6000	5952.9	20.6337304091141	5988.2	10.125071811300895	NaN	NaN	195.6	18.15020681138372
7000	6951.3	25.145973478153515	6991.4	2.8648031304087893	NaN	NaN	243.8	18.65512418355879
8000	7947.2	27.41185639944876	7992.2	2.234691151814944	NaN	NaN	286.0	20.80794115908635
9000	8927.3	39.89471643318197	8982.3	19.310777596047235	NaN	NaN	298.3	31.8019019821771
10000	9951.5	30.343277749445594	9991.1	2.548140741010983	NaN	NaN	317.2	24.922682741310172
