10	7.4	2.8468867374730586	7.4	2.8468867374730586	1.1	0.2145921620190262	4.4	1.4017101326593884
20	8.9	6.496706577643783	8.9	6.496706577643783	1.3	0.45802009126238113	9.8	2.6340404826046244
30	10.2	9.29238850586866	10.2	9.29238850586866	1.5	0.6594806593070035	15.5	3.2188824302853933
50	11.5	13.808393775526536	11.5	13.808393775526536	1.2	0.286122882692035	22.6	3.5071943453421563
100	3.3	2.5198720610380194	5.8	4.395503127515666	1.8	0.8341843824958605	53.2	10.766739825221002
150	2.3	0.4580200912623812	14.2	8.123068448806768	3.3	0.6437764860570786	47.8	16.1944035044209
200	2.1	0.2145921620190262	25.8	11.778918401279464	NaN	NaN	44.6	12.892209418714852
300	3.0	0.7153072067300874	50.8	22.705342606179716	NaN	NaN	54.5	18.551847850281654
400	3.5	1.3286241680776394	80.4	26.653617381811426	NaN	NaN	58.4	10.066281228735864
500	4.8	2.2574714669293163	126.5	31.087896389752714	NaN	NaN	70.7	19.732757664452272
600	5.8	2.3244732874352416	158.5	35.96259891414969	NaN	NaN	74.4	27.895513727049376
700	4.9	2.10864023389482	198.8	47.07004055982955	NaN	NaN	68.3	18.69416758895672
800	4.8	1.2306610516303829	232.2	51.78033721697841	NaN	NaN	67.3	18.81421134578859
900	6.4	2.6802552445616072	295.1	50.38672910316763	NaN	NaN	56.9	16.400513968653545
1000	7.2	2.514790644169013	328.2	56.28681460363519	NaN	NaN	69.9	15.386422626328706
2000	23.8	12.499673643099646	765.4	117.63887605930277	NaN	NaN	55.2	16.229120941813207
3000	38.3	20.084853238298756	1149.6	133.83441803817132	NaN	NaN	95.1	30.42949141927942
4000	68.4	26.44547916934007	1564.3	130.84611294250968	NaN	NaN	90.2	30.129296571675876
5000	140.7	54.10016467187508	1991.9	239.32012380850045	NaN	NaN	132.7	32.514705902468194
6000	194.1	95.94424389881864	2367.5	223.7894927274737	NaN	NaN	128.0	32.99574988267428
7000	210.9	87.0534748197681	2972.0	270.6518683216504	NaN	NaN	128.2	18.37880219992587
8000	297.7	80.37331957511772	3241.0	374.1659798373978	NaN	NaN	184.1	37.47615902031583
9000	298.9	122.15572825551817	3608.8	415.02945213223603	NaN	NaN	197.8	52.202529898693605
10000	513.4	117.85050391515516	3985.2	505.47605743978016	NaN	NaN	194.3	43.87936022601058
