10	6.4	3.1538477984836235	6.4	3.1538477984836235	1.0	0.0	5.3	1.2410116212187539
20	8.6	6.658123130132094	8.6	6.658123130132094	1.0	0.0	9.5	1.816654997516039
30	7.3	8.143514160606586	7.6	8.068716022763471	1.8	1.0014300894221224	14.4	3.579396118900505
50	2.8	1.68666951831116	6.3	5.476189412721222	2.7	1.3962239662747518	24.2	6.234262412186385
100	2.0	0.3198951078087941	10.5	8.709434384619934	2.8	0.893418414853869	37.3	8.255835192395738
150	2.3	0.4580200912623812	17.2	12.425773591370476	4.6	1.786836829707738	46.3	20.7686832958664
200	2.5	0.4798426617131911	24.4	14.799082058560256	NaN	NaN	40.1	7.825670069457312
300	3.4	1.6058606963245594	47.6	14.923029633958379	NaN	NaN	44.7	10.301665554850826
400	5.3	1.9471602923231563	89.0	22.840600303844905	NaN	NaN	53.8	12.01545783996598
500	4.1	1.5157087965701062	126.3	29.278791853558438	NaN	NaN	62.4	16.030543604506992
600	6.1	2.5681421526076003	167.8	36.68180165346299	NaN	NaN	79.7	16.093776310238688
700	6.3	2.540096077710447	216.7	45.032608181227964	NaN	NaN	82.4	27.012106563095
800	7.8	4.143845709482918	257.7	52.574885052884326	NaN	NaN	80.6	28.460239137716325
900	8.3	2.0989117380204436	295.4	47.073736309071535	NaN	NaN	69.7	19.854253206907583
1000	11.3	4.1469314539789535	360.1	49.47573687572526	NaN	NaN	56.3	17.044886710213124
2000	70.4	32.08406000642686	763.6	78.43316612107405	NaN	NaN	81.5	20.997038606908355
3000	120.3	66.88260087708909	1129.0	125.72040532324097	NaN	NaN	84.9	27.08446295638885
4000	130.0	39.84717011382364	1594.0	163.85594504612885	NaN	NaN	101.6	16.324683338307054
5000	285.7	198.4564510796361	2101.0	210.74654741200385	NaN	NaN	132.3	36.121314159980386
6000	352.8	87.87967524555378	2533.3	306.82761402820967	NaN	NaN	131.0	38.62791378368757
7000	619.5	180.74675153844396	2877.4	205.14362213380167	NaN	NaN	148.3	28.359111773185
8000	579.3	141.83661726029706	3389.3	347.9556084201604	NaN	NaN	193.5	43.962306068949566
9000	608.8	132.46083498658763	3913.2	334.9522978767932	NaN	NaN	225.3	52.40722548431656
10000	923.8	244.789748041506	4257.0	371.5709398943894	NaN	NaN	218.4	39.756154217630254
