10	5.8	1.68666951831116	6.0	1.500441055156783	5.9	1.4466192989173068	6.2	1.1883575825482835
20	9.7	2.7153423364283187	11.5	2.244970899588678	11.4	2.1025651989890823	10.5	1.6389747099940253
30	16.2	4.043858828396461	18.5	2.8477852341776053	18.2	3.243427209604063	16.3	2.915260826066855
50	29.5	5.468709553450429	34.9	4.139521802817325	29.9	4.728067008408405	27.4	2.8826081690025096
100	66.1	6.181926401697128	73.3	5.731838372110644	60.5	5.070614962704227	47.8	6.685731222835689
150	107.4	6.4631479648852235	114.8	7.328321460198099	95.7	6.846427950690782	62.3	14.34204327995143
200	148.1	7.3537616521070355	161.6	8.53106935008736	NaN	NaN	58.7	11.332823171831455
300	240.8	13.181075967613568	251.8	12.646178271082535	NaN	NaN	72.6	13.07741216969168
400	331.9	14.999123975619375	345.1	18.667873638848103	NaN	NaN	96.7	16.198352415106914
500	430.8	12.230707419605785	446.5	17.594957948798854	NaN	NaN	99.7	9.227462966818127
600	542.2	16.479411304533905	556.7	16.927409153322902	NaN	NaN	110.3	12.847881229370078
700	656.0	18.540122543284333	666.5	15.32244138314779	NaN	NaN	125.1	16.388029988866872
800	760.9	19.67666981061582	779.6	12.294963616700947	NaN	NaN	103.4	18.071100870063226
900	857.7	19.361055138705638	878.7	10.605137988918388	NaN	NaN	106.8	14.44424715047482
1000	963.6	18.40495312072269	969.9	19.5409832167166	NaN	NaN	116.7	16.903210275092714
2000	1960.2	15.569397102778256	1984.0	13.259256685048372	NaN	NaN	133.6	9.629852327839716
3000	2979.2	13.965171058887893	2993.8	2.9283946701221812	NaN	NaN	151.3	13.688557992863966
4000	3974.0	13.174086855642026	3993.0	2.559160862470353	NaN	NaN	157.7	11.164522582000542
5000	4971.7	10.32646975514866	4991.7	2.560160339510008	NaN	NaN	190.3	10.356156375992011
6000	5984.1	8.833102759280003	5993.0	2.807068178723132	NaN	NaN	186.3	19.890299915385892
7000	6977.0	11.883575825482833	6991.4	3.6078722726837213	NaN	NaN	218.7	12.851863093108326
8000	7980.3	10.88137210116445	7992.0	3.9178989267208	NaN	NaN	257.3	19.854253206907583
9000	8983.1	11.988386601874332	8992.6	3.8943205846463123	NaN	NaN	302.9	32.24671213435565
10000	9979.8	11.904224973680563	9993.2	3.7551925202311542	NaN	NaN	316.8	28.568979406062095
