10	5.9	1.5817834605280205	6.0	1.500441055156783	5.9	1.3740602737871437	5.6	1.0216630442567647
20	10.7	2.6582109329396717	11.5	2.244970899588678	11.3	2.1708130099112632	12.5	1.3286241680776394
30	18.7	3.446118210973036	19.2	3.0649891327702936	18.6	3.054956408199632	19.3	1.8666640201171711
50	33.9	5.2898890381557155	36.6	4.582434612299449	32.9	3.206140638836668	28.3	2.1708130099112632
100	74.4	7.068161855532171	77.5	6.704455051680187	68.3	4.008912421592669	50.2	6.74667807324464
150	118.7	7.6176019588844355	126.2	5.888155886523385	113.1	6.48093593518714	58.4	13.279307919315674
200	164.9	6.3854941888627526	171.6	6.14664943656298	NaN	NaN	65.0	12.438943466388132
300	257.0	13.309328130300191	268.7	10.246884966857	NaN	NaN	77.9	10.082787294989416
400	360.9	14.311329172232744	366.6	16.427789599821395	NaN	NaN	113.3	36.91851493985097
500	457.9	14.02604167810719	471.0	14.77763059221606	NaN	NaN	101.3	14.565067005819094
600	574.8	12.280806103183943	582.6	9.761781489871609	NaN	NaN	121.2	13.491839272093335
700	678.9	13.230089742552769	685.4	10.4503420774633	NaN	NaN	108.3	13.95875783026556
800	783.6	10.056110183167249	791.2	5.529653202869054	NaN	NaN	115.8	23.28607877131742
900	881.1	7.532493963887392	892.2	2.766676602713082	NaN	NaN	118.6	21.750985513672706
1000	980.2	11.53309487622468	989.2	8.334480124398882	NaN	NaN	115.4	17.108258338475018
2000	1984.7	7.023500893713902	1993.0	2.5390887026647966	NaN	NaN	122.4	10.725792450723628
3000	2984.4	9.84008999227141	2993.2	2.9803513188884283	NaN	NaN	145.7	13.737064728827624
4000	3985.3	9.070873836847252	3993.0	2.559160862470353	NaN	NaN	176.5	17.991789312350228
5000	4981.5	9.404317707308701	4991.7	2.560160339510008	NaN	NaN	171.4	8.543056245630131
6000	5987.2	5.594049937567593	5993.0	2.807068178723132	NaN	NaN	199.5	12.84469484962566
7000	6982.9	8.146027009284955	6991.4	3.6078722726837213	NaN	NaN	226.7	22.85862642251279
8000	7984.9	8.32618817683098	7992.0	3.9178989267208	NaN	NaN	261.1	23.66023887022276
9000	8985.9	7.78634155146048	8992.6	3.8943205846463123	NaN	NaN	276.7	17.93995608255494
10000	9987.1	8.844680328649533	9993.2	3.7551925202311542	NaN	NaN	308.3	25.330461390270806
