10	5.9	2.957083799286047	5.9	2.957083799286047	1.4	0.4744811229121766	5.8	1.3870321351720731
20	7.0	6.094820377993103	7.1	6.056502359943401	1.4	0.4744811229121766	10.0	2.0483281182466837
30	10.3	9.233006318854112	10.5	9.15062178543076	1.8	0.7008550663296942	14.3	1.4324015652043947
50	2.1	0.6748194691915756	3.9	1.793981347729123	2.5	1.0241640591233419	26.3	4.109749608431152
100	2.3	0.4580200912623812	14.3	7.385698456070353	4.3	1.281578216107	39.3	10.09597271806932
150	2.6	0.5722457653840699	28.7	8.542157811934873	5.1	2.034542945233646	56.5	17.39902992295835
200	3.1	0.5941787912741417	42.3	9.687330261945238	NaN	NaN	42.5	6.981119831373761
300	5.5	2.175521937375029	68.8	13.82894378266106	NaN	NaN	54.4	8.860574785870272
400	5.7	2.3949442423572207	100.2	20.211194679780807	NaN	NaN	51.9	14.149528722752569
500	6.2	2.188419243198158	134.9	20.356617619732408	NaN	NaN	59.5	9.948943571053158
600	10.0	2.8612288269203496	181.9	39.85673526564864	NaN	NaN	59.7	17.948510324926687
700	14.8	9.041211453339647	221.6	36.171070448301634	NaN	NaN	63.2	16.829644834755126
800	26.3	14.220228110828602	246.8	28.57793289767474	NaN	NaN	74.3	23.741411493085238
900	20.0	9.260397045483524	319.2	35.732154667526	NaN	NaN	72.6	29.30525542519635
1000	15.6	5.140267465414617	366.4	57.78354155999785	NaN	NaN	86.7	25.03789806521306
2000	95.2	50.116242278766265	698.7	57.36393645770833	NaN	NaN	79.3	18.421209154775912
3000	181.5	54.198624554687726	1112.1	154.9872649726938	NaN	NaN	96.1	22.1940127339785
4000	346.0	133.48751775263483	1669.1	174.62653185228183	NaN	NaN	97.8	29.30106476945846
5000	352.3	143.25589064106228	1970.9	116.70668380566727	NaN	NaN	131.0	42.10845297277021
6000	619.7	198.7107584598378	2607.9	219.9314228851257	NaN	NaN	124.9	25.238183272890303
7000	891.1	238.2981196361314	3118.4	326.1785489822652	NaN	NaN	202.1	31.757464983779798
8000	876.9	204.7432278388616	3836.0	293.71911041156307	NaN	NaN	205.6	49.45375583002771
9000	1061.2	247.23231602875865	4476.3	456.1676252053888	NaN	NaN	260.8	56.66280652618612
10000	1514.8	468.91754298407733	4779.1	471.84327246987	NaN	NaN	240.8	53.058053698039096
