10	4.5	0.9729229877025211	4.9	0.9298993687491138	4.7	0.9076230957837067	6.0	1.318961318614007
20	6.7	2.0244584075747274	10.2	2.188419243198158	9.1	2.2721561997362767	11.3	2.0743908995172533
30	10.8	2.9458153750702025	14.5	2.312334962759505	12.5	2.399213308565956	16.7	2.0495767182518443
50	17.9	5.192263209429969	24.0	4.12156015120488	21.2	4.081640952362175	26.8	4.192945120556671
100	45.6	9.16710210786375	55.8	7.144483224418685	43.5	6.423841051894108	50.8	5.69377347494612
150	74.8	12.650223624268465	84.6	12.864397908025074	74.6	8.656103900485483	49.1	8.815707896476606
200	113.3	11.697186721772033	125.8	12.73086074639103	NaN	NaN	54.1	9.778801548042582
300	192.6	14.177525979380183	211.8	13.46906565668161	NaN	NaN	73.7	11.141584271727249
400	275.8	19.42108465312893	307.9	24.08036851620008	NaN	NaN	100.8	11.394733789957534
500	373.9	29.337102286967603	408.4	25.16458479721054	NaN	NaN	112.9	12.366542464084292
600	485.6	21.47637671340303	504.5	21.11852916895492	NaN	NaN	103.1	16.168000040697674
700	576.8	25.788387319566922	606.0	27.942796467068213	NaN	NaN	108.9	13.14862289808328
800	677.1	24.308765886321748	707.2	16.920606716781762	NaN	NaN	104.9	18.52203724097325
900	769.1	28.561187585182797	809.1	26.323791145577797	NaN	NaN	120.7	13.332566489764826
1000	892.0	34.24521579432666	917.2	35.20125533761545	NaN	NaN	129.9	17.449537753075294
2000	1925.6	28.851275751619713	1966.6	25.609995987816944	NaN	NaN	129.9	10.859720417948152
3000	2929.5	36.55527773468558	2992.7	2.677390192706323	NaN	NaN	146.6	7.097058794740255
4000	3938.0	27.142114934544065	3994.9	1.6760183638612078	NaN	NaN	161.4	10.557507892301098
5000	4941.2	28.89486981012373	4995.2	1.2715579043047944	NaN	NaN	172.2	12.965818727099343
6000	5939.2	23.777482949715257	5995.0	1.2389484250766856	NaN	NaN	205.2	19.13176011725006
7000	6932.9	23.616948274406667	6995.0	1.692725801776531	NaN	NaN	220.1	31.613746311944745
8000	7928.9	32.420781302676836	7987.6	13.104771620138978	NaN	NaN	253.4	21.388044327988474
9000	8934.3	33.76227283468932	8994.3	1.2815782161069995	NaN	NaN	309.3	22.292007130897833
10000	9939.2	35.605920627670905	9994.3	1.3962239662747518	NaN	NaN	313.2	24.112962438987044
