10	3.3	1.0141229925408457	3.7	1.110455403877166	3.6	0.9702899030702112	6.2	1.1883575825482835
20	4.0	1.56715957068832	6.1	2.0842338534818974	5.8	2.5948995171297096	12.5	0.861343938273208
30	4.5	1.3665924996135461	7.9	1.7360021071415783	6.9	1.6760183638612078	14.5	2.793363939768679
50	9.2	3.4720042142831566	15.8	4.644542076889819	10.5	3.664858864949645	26.4	4.411769914218102
100	25.1	6.148730154755532	35.9	3.9626986304789815	28.5	4.246901235018304	49.8	8.624125299646336
150	48.3	11.090952998006976	62.5	9.009747891034465	52.4	6.580826301916803	45.2	8.198306873007377
200	81.4	14.621691177698974	98.4	12.468524824372768	NaN	NaN	54.3	6.846427950690784
300	149.8	12.9894746831425	177.3	18.99285441011961	NaN	NaN	70.4	15.302225198186047
400	231.8	20.104586775758413	254.5	29.252916534595315	NaN	NaN	94.8	15.981314148216974
500	291.6	21.023705080123246	346.3	33.381249931121516	NaN	NaN	107.7	14.27051322987369
600	386.1	25.134576145938887	436.5	31.003843714288074	NaN	NaN	107.4	9.80362386548974
700	495.3	39.335458078481814	534.0	32.544512717200114	NaN	NaN	100.8	10.700001221682175
800	562.5	40.18377902512405	617.1	25.2807216154128	NaN	NaN	107.7	15.580074069271943
900	676.7	62.131379743926495	726.7	52.52717608251941	NaN	NaN	127.5	22.591141090701903
1000	746.7	45.57584793379054	813.6	28.25273315231643	NaN	NaN	123.8	19.586360063676967
2000	1727.3	54.81330562412744	1817.3	75.1923981306887	NaN	NaN	127.0	13.89243721166304
3000	2782.3	78.57775828568795	2851.7	70.88838777912783	NaN	NaN	132.4	8.74431975261655
4000	3844.5	72.46400937472339	3873.1	78.21840968388452	NaN	NaN	160.9	12.494146301208417
5000	4843.6	70.0206475281113	4958.0	50.1837840024046	NaN	NaN	195.7	17.10780972082633
6000	5898.9	38.124532055305274	5991.7	2.915260826066855	NaN	NaN	193.1	16.892309470170144
7000	6863.5	61.05493758067401	6985.4	13.944638345113152	NaN	NaN	231.9	18.74173134894426
8000	7875.2	72.08706897012806	7983.8	14.759614999856872	NaN	NaN	259.5	18.724797197833677
9000	8884.7	58.40521670676344	8983.5	16.3530241441759	NaN	NaN	283.1	22.926572388300873
10000	9888.5	56.551130988690225	9989.7	2.7527712879932476	NaN	NaN	324.6	28.399047411066448
