10	2.8	0.8934184148538692	4.4	1.0216630442567647	3.8	0.6235903655445615	5.4	1.6987604940073215
20	5.4	1.5408188783890209	8.8	2.280024189345368	7.4	1.8152461915674138	9.6	2.197751563757833
30	7.4	2.7555579645509183	12.4	1.9771484557311323	9.8	3.147351709612385	17.1	2.2945645939916357
50	11.8	4.094157513335314	21.8	3.9929265838479924	14.9	3.639641646645998	27.4	6.028983245622763
100	24.4	9.06607794010177	45.9	7.680481018530024	22.7	8.010482657368406	48.5	10.147534700605856
150	43.9	19.793340153597114	77.6	9.082993331275762	38.5	12.047141032626786	52.0	13.594601181351365
200	68.2	19.938474671448667	105.7	11.556362967819936	NaN	NaN	53.8	17.535388157209407
300	111.1	27.855590928142234	169.3	17.848455733872328	NaN	NaN	77.9	14.336334009641375
400	174.7	35.24084204902034	246.4	23.720173709650606	NaN	NaN	84.7	15.79533722602971
500	228.6	40.994280356361905	316.1	31.894119787133175	NaN	NaN	91.3	11.123199565053213
600	303.5	55.06123396819218	376.1	40.75926917544033	NaN	NaN	93.1	13.941886131940686
700	353.5	47.63886924539666	465.4	33.4702629797855	NaN	NaN	110.1	13.842442022851314
800	455.2	59.34015448432872	551.4	46.353010852111865	NaN	NaN	101.6	16.249286045115948
900	558.5	66.78322762685254	641.8	43.65226330792025	NaN	NaN	112.5	22.479887558882496
1000	651.8	63.73607981970652	697.5	59.022381214078436	NaN	NaN	120.8	21.997993611781958
2000	1552.6	104.68940688807058	1648.9	99.90486058103477	NaN	NaN	126.2	11.678581354942045
3000	2568.0	141.84778178907132	2602.8	155.47850047972548	NaN	NaN	156.8	12.032479321569603
4000	3526.6	160.27740950843943	3614.8	174.29786655258866	NaN	NaN	167.2	14.323301219481491
5000	4630.6	103.62587142878944	4786.0	75.62864313102543	NaN	NaN	190.8	19.22513708622126
6000	5658.4	152.19619526077517	5807.8	116.3001531148777	NaN	NaN	203.2	16.538298632688914
7000	6744.6	166.28368022658148	6820.9	166.1978851231146	NaN	NaN	230.6	16.53334778730551
8000	7815.1	84.64865212982424	7909.2	95.14865786832729	NaN	NaN	268.8	20.713794902528118
9000	8767.6	121.2192271822255	8910.0	92.15811074235407	NaN	NaN	308.7	25.27586371390699
10000	9725.5	151.30269276024137	9889.8	142.96942324589548	NaN	NaN	311.5	10.435888440377273
