10	3.0	0.9047999999999999	3.5	1.1644357689456297	3.3	1.110455403877166	5.3	1.4324015652043947
20	4.0	1.2389484250766856	7.2	1.5606160783485474	6.2	1.6560559120995886	12.4	3.2180875463542007
30	5.9	2.2945645939916357	11.8	2.8932385978346136	8.5	2.175521937375029	17.3	2.6388922835159447
50	12.0	3.2935217139105064	21.6	3.37333903662232	15.4	2.6802552445616072	27.5	4.50416401344356
100	32.8	7.5280773736725095	48.1	6.304855845774747	34.3	5.63278878034673	56.9	9.641799875334481
150	53.8	12.826956165201468	73.0	11.012014475108538	52.4	8.41026079595633	68.8	17.910698261765226
200	75.9	7.60684737562152	103.0	12.08001187416635	NaN	NaN	51.3	7.671148717369516
300	145.9	22.043651331755363	182.2	13.63518890166176	NaN	NaN	80.3	10.331423449070316
400	230.2	31.783796575991353	271.7	23.637737654944896	NaN	NaN	101.7	11.55193456369971
500	278.3	40.771318587507075	334.1	31.990230536774813	NaN	NaN	101.9	12.51051650876174
600	377.4	61.343338105584046	442.3	53.317072220481116	NaN	NaN	102.7	14.60015430343118
700	454.6	65.07031358043389	517.8	53.75551505533176	NaN	NaN	112.7	20.844916049818956
800	543.2	74.21483769209496	600.6	46.6083988484479	NaN	NaN	101.0	15.602881833815186
900	636.4	60.97690815789203	711.3	51.90888343938828	NaN	NaN	103.4	20.699957370390887
1000	717.5	70.58255577874748	785.8	44.9060270643485	NaN	NaN	105.0	17.03572856322852
2000	1779.2	39.06494301626459	1825.2	60.003829738975824	NaN	NaN	115.7	11.810369684476434
3000	2781.0	103.42610057079402	2887.9	108.15362175256084	NaN	NaN	140.9	15.396395678079985
4000	3832.1	73.90023583694439	3895.7	92.58686808270383	NaN	NaN	160.1	10.510148777063053
5000	4866.0	44.13972929595287	4965.7	40.71103586405042	NaN	NaN	200.8	19.78907438926844
6000	5872.8	55.63122165892098	5977.5	36.18245592908253	NaN	NaN	216.1	12.44079436193686
7000	6890.6	59.832529677559165	6973.7	44.32717840697736	NaN	NaN	231.7	23.152208147042906
8000	7874.3	63.209889126338446	7971.8	48.91760009796066	NaN	NaN	260.1	26.740341851891124
9000	8918.0	48.77954618239083	8995.3	1.8390491249556111	NaN	NaN	292.5	19.48539370964826
10000	9898.0	53.69951792632779	9995.2	2.0928084632856394	NaN	NaN	316.5	22.008341697183816
