10	1.8	0.42918432403805246	2.9	0.5007150447110611	2.9	0.5007150447110611	5.4	1.3647191711117712
20	2.5	0.732971772989929	6.3	2.8261424741155565	3.7	1.1104554038771661	11.0	1.8652929850294293
30	3.8	1.1444915307681398	8.2	4.00572035768849	4.7	1.6637621236222442	17.8	3.741542193267369
50	4.5	2.244970899588678	14.0	8.85364253174929	6.3	3.2787297912453837	26.9	4.6736445346217765
100	7.0	4.679661987793562	28.4	10.86325352811026	9.0	6.136652168731742	50.7	9.160681101533882
150	12.4	13.386759856514944	36.6	16.097432054088625	10.8	9.052522869565147	50.8	15.146281734604042
200	10.3	12.679513836263594	46.7	16.43977654118206	NaN	NaN	42.6	12.525844147840896
300	15.4	15.944131851436753	84.6	24.04794318556163	NaN	NaN	54.6	18.054104502190075
400	25.8	22.54931515909075	117.7	26.359919799650374	NaN	NaN	84.8	24.61488403190232
500	20.5	15.528098676270703	155.4	25.318641884903705	NaN	NaN	69.9	10.87855041244007
600	40.3	23.112393866581627	188.8	25.675045207048807	NaN	NaN	86.5	16.368661003881776
700	51.9	32.84724651528648	233.4	34.3186477369957	NaN	NaN	102.5	17.843294900326004
800	66.3	31.959186346401243	271.5	37.526368661249386	NaN	NaN	111.7	20.778535496131582
900	94.3	39.1568468812799	330.3	35.98507162927427	NaN	NaN	98.0	28.501199999999994
1000	98.1	36.16293576738481	382.4	37.38012319530261	NaN	NaN	103.9	17.624594764022234
2000	445.5	162.39466562131898	936.3	150.98068022447112	NaN	NaN	118.9	31.27201706120026
3000	969.0	273.6358144769796	1561.7	173.87646913278402	NaN	NaN	121.6	15.231845112657888
4000	1594.1	351.1720505241213	2182.6	264.06855780379453	NaN	NaN	150.2	15.247289489742101
5000	2139.1	309.46631070195025	2981.2	381.8608148216101	NaN	NaN	174.3	20.57064839629514
6000	2758.3	443.99643822229467	3605.4	398.9457791897239	NaN	NaN	196.3	30.275414494338474
7000	3540.4	571.6770997236254	4477.8	565.274460767921	NaN	NaN	237.2	27.290258959269696
8000	4330.6	473.681617219347	5211.6	594.847443140925	NaN	NaN	208.9	23.142039902221242
9000	4971.2	827.9661482533111	6103.3	578.7883013294619	NaN	NaN	271.9	25.634458688960052
10000	5480.8	554.5990217784232	6815.4	808.2664544441863	NaN	NaN	302.6	39.12436179180435
