10	9.1	1.931329458171236	9.1	1.931329458171236	1.0	0.0	4.6	1.4729076875351013
20	16.2	5.4363347711486645	16.2	5.4363347711486645	1.0	0.0	10.5	0.9729229877025211
30	21.5	9.29486599903409	21.5	9.29486599903409	1.2	0.4291843240380524	15.0	3.1989510780879407
50	25.8	17.31516306085507	26.2	17.06513726589974	1.3	0.4580200912623812	29.3	5.3341969671169815
100	41.2	34.34487794684966	43.8	33.04037979902774	1.8	0.7704094391945104	45.3	9.834108411238915
150	46.3	48.56198447596638	50.5	46.985665936112895	1.8	0.7008550663296942	50.1	14.189250323960035
200	41.7	56.61967192066729	49.5	54.318387120569035	NaN	NaN	35.2	11.559683157595625
300	34.6	63.33212216700147	52.1	60.849439717683524	NaN	NaN	42.2	9.749193758665378
400	2.8	1.1883575825482835	36.5	20.00112024712616	NaN	NaN	61.5	22.112713172742957
500	4.2	2.691684956305251	61.1	31.8202382850286	NaN	NaN	68.6	17.8718041914072
600	5.1	3.206140638836668	94.0	39.09270046850179	NaN	NaN	76.8	27.99913797073045
700	4.1	2.665899194643338	118.6	46.19267634004334	NaN	NaN	58.1	15.232684883368394
800	3.6	2.2665194850254435	136.9	45.19524681419497	NaN	NaN	69.2	14.511395538127955
900	3.7	2.9501544779892455	183.0	51.64894496347433	NaN	NaN	56.0	16.4955487304909
1000	3.9	3.1416566133172483	222.5	56.12336081900298	NaN	NaN	49.1	17.049088802513754
2000	4.8	2.164912447190417	642.2	133.42954944203325	NaN	NaN	57.6	18.3101879142733
3000	7.1	5.885113697797179	1099.2	225.6210466515569	NaN	NaN	56.5	24.888682284524428
4000	7.6	4.593586818162905	1509.1	237.78611587297524	NaN	NaN	47.8	17.590740818510174
5000	7.2	3.9283327639088825	1916.4	227.47291027376426	NaN	NaN	59.3	19.23378480289306
6000	10.8	5.870750717242216	2184.4	293.1431916059044	NaN	NaN	83.6	29.63858816637527
7000	15.0	6.890751506185664	2681.6	184.85625339494467	NaN	NaN	77.9	32.510614181156285
8000	19.1	10.00637828767232	2895.7	267.98658729332703	NaN	NaN	97.3	30.778248598710093
9000	24.0	12.883475127464637	3510.6	397.94863980179144	NaN	NaN	82.5	23.205628579721775
10000	37.2	25.519129721524596	3930.4	376.09478883698455	NaN	NaN	96.0	28.27047563802208
