10	2.7	0.7868379274030962	3.0	0.7153072067300874	2.9	0.7468026486294757	5.1	0.6748194691915756
20	4.3	1.4324015652043947	6.5	2.5641543518282983	6.4	2.150685048071893	10.7	2.307905198226305
30	6.0	2.3507393560324803	11.4	3.854702864813318	9.1	3.141656613317248	14.4	2.2889830615362796
50	10.2	3.0314175931402123	20.6	3.536251961611333	14.6	3.867953859083638	25.6	3.636125423579335
100	30.3	10.72984653403766	51.4	10.61550599152014	33.9	9.83098614158315	49.8	9.148105228078654
150	56.6	14.72282263752437	86.4	15.408852915645603	53.1	12.35412375994348	60.3	15.274949526725118
200	69.4	19.030936101411303	119.4	23.642391104454724	NaN	NaN	51.9	10.323496397829564
300	130.2	23.10962643886742	200.0	26.68393110169489	NaN	NaN	75.2	16.345356622111368
400	197.5	21.69693137796218	270.1	32.57193603020858	NaN	NaN	99.3	16.569979893892448
500	254.5	20.645629765642894	334.2	38.75592272239174	NaN	NaN	84.6	9.60324900520652
600	345.7	23.63557294765667	423.2	38.31777258223656	NaN	NaN	92.3	14.925943735791048
700	420.6	26.077240156427592	496.8	51.82182265478511	NaN	NaN	112.5	18.471691994508785
800	528.5	39.385116202189884	603.3	41.33714488065183	NaN	NaN	113.8	18.949026606767955
900	624.5	43.057988459518164	694.3	55.890216305217486	NaN	NaN	113.4	18.496466808988142
1000	721.7	54.11813136319471	796.0	48.47756789691496	NaN	NaN	100.7	14.870994261447349
2000	1715.7	110.03929059896741	1843.0	86.8625671695236	NaN	NaN	122.9	13.183598903030992
3000	2766.9	105.39048587095516	2898.1	80.60179239071547	NaN	NaN	156.8	9.493934943109734
4000	3836.9	90.08921557320832	3910.7	64.25835995918351	NaN	NaN	178.2	14.016371250220223
5000	4858.1	62.826169422271796	4962.4	45.84577940111826	NaN	NaN	205.4	18.20087907591279
6000	5890.3	75.32769065731406	5954.4	64.1652493770265	NaN	NaN	207.0	18.971155446097633
7000	6913.0	48.1290668066606	6995.2	2.7481205475742874	NaN	NaN	243.6	22.05003354772958
8000	7912.4	34.58449317275013	7995.9	2.156624537558636	NaN	NaN	268.2	23.699888433155124
9000	8926.3	40.286531166681506	8987.5	17.644324985104983	NaN	NaN	276.1	16.031341537001822
10000	9917.6	25.3711308730218	9996.3	1.663762123622244	NaN	NaN	338.7	25.208972637614565
