10	3.7	0.962347423750903	4.7	0.8493802470036608	4.3	0.8493802470036608	5.3	1.2410116212187539
20	7.6	2.3981467544752135	10.5	1.9260235979862759	8.8	1.188357582548283	12.6	2.2889830615362796
30	11.2	2.6145432457697084	15.0	2.6184543074111493	13.0	2.2162983192702197	17.8	3.0314175931402123
50	22.1	4.164169366872582	30.3	2.826142474115557	23.9	3.8844540357687327	30.7	2.915260826066855
100	54.9	11.157187453655155	65.5	4.7041986884059215	49.2	5.844545777389376	51.1	11.919902987692472
150	88.9	12.115750068237622	108.6	8.814256775020796	82.0	8.795661275879148	60.0	17.07173225656963
200	137.5	13.32949597321669	148.2	11.286450683186454	NaN	NaN	61.9	6.8568827987650485
300	221.0	18.808635414617402	236.9	19.406984520939876	NaN	NaN	78.7	8.143514160606586
400	318.3	28.486924281922747	329.9	24.639088740373495	NaN	NaN	105.1	14.185643865401385
500	415.2	22.94519995606924	415.2	23.55262354609354	NaN	NaN	104.9	19.71563663785676
600	485.5	21.19108918059664	511.1	27.684237177787654	NaN	NaN	121.4	21.490666672209127
700	596.9	31.828277190510956	618.5	20.977534822280717	NaN	NaN	107.3	16.505006610238
800	691.3	26.291894588332728	724.0	24.673433144173508	NaN	NaN	112.7	9.687330261945238
900	807.9	30.505063967085857	832.3	31.18288220168238	NaN	NaN	126.4	10.759133508605608
1000	913.8	28.695857171097014	931.5	33.67608289840135	NaN	NaN	114.9	13.749722875607347
2000	1959.5	25.86456301158015	1976.5	23.112836624265743	NaN	NaN	128.3	12.594486120679953
3000	2949.6	26.57479391182554	2982.6	22.674674323923597	NaN	NaN	150.8	14.724907678623996
4000	3963.4	22.241798679423386	3996.4	1.1622366437176208	NaN	NaN	178.4	16.545722123135032
5000	4965.7	16.03325641296864	4995.6	1.9771484557311323	NaN	NaN	188.1	15.229325522688127
6000	5964.3	16.28027259734922	5995.4	1.9510979309096714	NaN	NaN	209.9	21.901604013313726
7000	6958.6	16.976155532275264	6995.2	2.257471466929316	NaN	NaN	222.0	15.3115847670971
8000	7959.8	21.02516527935036	7994.7	1.8666640201171711	NaN	NaN	283.8	10.555569134063779
9000	8953.0	17.692831314405275	8994.8	1.188357582548283	NaN	NaN	308.4	33.00226217119062
10000	9956.2	17.03212400800323	9994.4	1.0705737975497065	NaN	NaN	315.5	18.95024166442212
