10	2.2	0.9489622458243532	2.5	1.1196328773307793	2.5	1.1196328773307793	5.6	1.5736758548061924
20	2.5	1.3286241680776394	4.4	2.543115808609588	3.5	2.198915318969787	10.5	2.4623612935554355
30	2.7	1.3590836927871661	7.2	4.407128387510398	4.5	2.6812095815135373	15.5	2.8477852341776053
50	5.1	2.741596256927704	13.8	5.511115929101837	6.9	2.1566245375586357	26.9	4.607489116210694
100	9.8	6.084737955245073	31.4	9.92809296975003	12.2	5.800607808152522	48.1	8.448199048081195
150	17.4	4.074112558091639	52.6	12.012902537521894	21.3	3.6057443619868565	45.8	12.965818727099343
200	27.5	15.355798212401726	70.5	11.059537730845715	NaN	NaN	50.0	10.84817090573337
300	56.5	23.075171892317506	134.8	17.187628049966637	NaN	NaN	75.2	10.165418939915854
400	78.0	17.713063260768873	172.2	18.7098988747668	NaN	NaN	89.8	21.91176410935459
500	114.6	24.158329437608053	233.7	28.705216710625958	NaN	NaN	116.0	22.608687171085364
600	185.5	59.57461311145881	305.8	45.19677515026929	NaN	NaN	113.5	11.579363368510379
700	253.8	89.52594797478548	392.2	61.80254266147954	NaN	NaN	121.9	17.393735742387257
800	306.8	91.59608634163361	459.9	52.18159944689315	NaN	NaN	108.9	20.41685259867446
900	404.4	92.07990500698834	555.0	72.0233019243078	NaN	NaN	116.7	25.111358449992306
1000	459.3	103.50920403405681	615.6	83.33571483929325	NaN	NaN	106.2	19.609857125027712
2000	1205.3	117.46165471507712	1489.6	113.71143970144779	NaN	NaN	113.6	18.315775910837083
3000	2179.8	153.2657489608947	2355.1	122.71446942474225	NaN	NaN	157.3	16.918338630137416
4000	3032.6	241.44690143685008	3254.7	192.42961763887592	NaN	NaN	162.1	12.45723468013668
5000	4130.2	259.3786784396589	4365.0	262.0257293630532	NaN	NaN	481.8	632.5675457299275
6000	5231.1	169.89244887668198	5382.1	311.83135712015235	NaN	NaN	199.3	15.908310057451104
7000	6226.8	233.1126375836025	6481.5	218.53969740589463	NaN	NaN	239.8	24.770294344314923
8000	7288.2	185.82128305052677	7595.1	152.90398886842684	NaN	NaN	279.2	28.633382056334177
9000	8324.8	129.98484149062918	8681.2	146.04001752473187	NaN	NaN	295.4	23.834225044167052
10000	9233.3	230.8663401225999	9652.3	182.71361532410222	NaN	NaN	352.9	24.83764583119745
