10	2.6	0.8583686480761049	3.1	0.8731437201285938	2.8	0.7704094391945104	6.0	1.2795804312351764
20	3.7	2.0495767182518443	4.7	2.9501544779892455	4.5	2.6812095815135373	10.7	2.4372984396663444
30	4.3	2.8799444307138984	9.0	4.279904849409622	6.3	3.7721859662535198	16.7	3.0017345125776864
50	6.4	3.4778939627308936	17.5	4.4239307521705165	9.1	4.06468245697004	25.2	3.9021958618193424
100	17.2	6.19308997383374	36.4	8.860574785870272	19.5	6.526565812125087	50.6	10.998996805890979
150	14.3	3.71753351619054	52.8	10.19055477508462	23.9	3.0255042746623246	61.8	13.533491368601082
200	29.3	5.448086989393616	79.2	11.955691815365599	NaN	NaN	63.0	14.388169315100514
300	55.2	15.206966897576914	129.3	14.519326755879558	NaN	NaN	77.2	15.771834538315446
400	89.1	23.642932143792994	177.4	20.699957370390887	NaN	NaN	79.0	21.43774624534958
500	149.8	39.69639218548708	238.0	33.7000044842727	NaN	NaN	90.0	21.573361774188093
600	201.8	44.36611860670257	295.9	34.39794773465417	NaN	NaN	105.1	21.61470904259412
700	246.6	62.78441688967096	363.8	49.08675509650235	NaN	NaN	95.1	18.30250163327407
800	333.2	80.49148297791511	415.7	56.93148886937703	NaN	NaN	97.2	16.49803001039821
900	376.5	74.62834745818776	486.5	80.15032412972513	NaN	NaN	96.0	12.586155022086771
1000	460.5	95.40506237983391	580.5	101.28570713748313	NaN	NaN	86.3	16.677706211706692
2000	1239.3	96.36281949343324	1490.9	173.02701741877192	NaN	NaN	116.8	13.300867751541626
3000	2187.3	187.34715093132323	2409.6	248.95798486703737	NaN	NaN	146.0	13.936563645318023
4000	3077.0	173.54213777247298	3211.0	205.53229558490312	NaN	NaN	160.3	19.874859331426727
5000	4244.8	219.574100517306	4355.9	365.4730487111136	NaN	NaN	183.1	20.872880011057408
6000	5160.0	197.2816757447077	5393.2	220.77231245621363	NaN	NaN	187.5	15.613535902543022
7000	6324.3	197.67137717131433	6553.5	229.66625259994117	NaN	NaN	229.1	20.76474110688597
8000	7470.1	260.64766976843663	7741.2	153.95524955695404	NaN	NaN	273.8	42.71743730122395
9000	8292.3	292.38378729225735	8540.5	240.40117351830875	NaN	NaN	292.7	26.196362532305894
10000	9375.6	252.6861965836994	9594.7	264.87489747894944	NaN	NaN	318.1	28.620244955555496
