10	3.6	1.6987604940073218	4.7	1.467687679310554	4.5	1.5753007141495239	5.4	1.1173455759074717
20	7.0	1.7521376658242351	9.9	1.1287357334646584	9.0	1.2389484250766856	10.1	2.1327673375218406
30	11.5	1.7594230929483674	15.1	1.5817834605280203	13.3	1.4324015652043947	18.8	2.6726082810617795
50	22.1	6.774302918824932	28.7	3.8659691054119922	22.0	3.6613668595211815	28.1	4.495066980146124
100	54.3	10.065518756825204	66.6	6.840072568036101	49.9	6.652357022589812	47.0	10.32126581771829
150	87.4	10.744857151958794	99.6	8.767694078604704	75.6	7.469396640693276	63.0	15.914580673080897
200	115.5	9.278336882221941	135.1	13.562383092804895	NaN	NaN	59.8	8.167041764555877
300	197.7	15.56364493311255	222.1	22.334200386761104	NaN	NaN	72.1	18.405648116705915
400	287.1	25.302975063735097	313.1	17.103023733714455	NaN	NaN	102.0	15.197542898771497
500	392.0	11.039857792562367	399.7	17.101827027659937	NaN	NaN	116.7	13.885253420949864
600	484.2	27.309001498846488	510.2	26.25050756355008	NaN	NaN	119.8	15.8817531344622
700	592.5	21.1620950309746	617.8	21.997993611781958	NaN	NaN	128.1	14.293441792514493
800	691.2	27.003770779355982	714.9	29.251517216650488	NaN	NaN	119.2	21.94676284976898
900	801.6	34.93190128945173	814.3	43.0791352680622	NaN	NaN	123.1	18.52479949786232
1000	907.9	31.484001103354064	924.2	36.67064097481799	NaN	NaN	119.9	15.741472366840405
2000	1911.3	34.669974403278694	1947.3	33.60276944782974	NaN	NaN	122.5	13.240914117235258
3000	2931.8	28.233892197569922	2983.2	24.28001760921931	NaN	NaN	146.7	16.597747726845352
4000	3929.0	33.282929949149604	3978.1	32.92037741272113	NaN	NaN	169.1	16.602062993375252
5000	4945.9	20.882683052615626	4995.4	2.174345661572695	NaN	NaN	171.2	13.552381821067467
6000	5948.4	19.960019248888514	5995.3	1.973262801554826	NaN	NaN	212.4	20.087782665490984
7000	6928.4	28.822886503887844	6993.9	2.316756257356393	NaN	NaN	244.7	21.731805213649416
8000	7928.4	28.751790747986462	7993.5	2.4623612935554355	NaN	NaN	250.7	26.0710587741273
9000	8937.3	23.005885594864633	8994.3	1.724172312734432	NaN	NaN	296.1	24.64739388811726
10000	9938.0	26.635950462485848	9994.2	1.3870321351720731	NaN	NaN	331.6	41.282832389457
