10	2.6	1.0216630442567647	2.9	1.0341076326959393	2.9	1.0341076326959393	5.7	1.2410116212187539
20	4.9	1.4466192989173068	6.5	1.6699014881123975	5.8	1.4936052972589509	13.0	3.0178844113053764
30	9.0	1.997744307963359	11.0	1.7521376658242351	10.2	1.527478204099816	17.8	3.3520367277224157
50	18.3	3.263086907209184	21.6	2.0780874707287946	18.3	3.0691597553727963	25.6	4.480815891776853
100	46.9	6.321065811712453	53.9	6.465126822885999	42.0	6.061147079555156	46.1	11.03267166718923
150	76.0	7.529436600436981	91.4	6.062835186280425	71.2	6.784491832407199	59.2	13.888016857132627
200	117.1	11.712049735037844	129.6	7.483084386534739	NaN	NaN	68.8	5.379566754302803
300	210.7	16.656216686991076	224.4	11.409990794737741	NaN	NaN	81.0	10.434662635658137
400	288.2	18.29788831488486	308.3	13.519306207198651	NaN	NaN	101.7	17.468879895517055
500	392.5	30.084174809025427	410.9	25.90646785719736	NaN	NaN	118.3	19.699020219391624
600	496.5	33.68367889319692	507.6	31.42340569855534	NaN	NaN	119.3	19.838784567709787
700	592.2	31.891472649346248	595.4	32.70479671754588	NaN	NaN	123.4	24.787639623328396
800	697.0	37.63766807122885	720.0	32.671612621356786	NaN	NaN	111.8	17.902125951517597
900	799.4	44.85632121714843	821.3	38.41679205769268	NaN	NaN	120.9	16.475219195992505
1000	895.2	31.902701420161897	925.9	27.502515628138454	NaN	NaN	125.4	26.59596460247306
2000	1961.4	17.419456242259685	1982.2	12.556850779713836	NaN	NaN	122.8	19.711354057598374
3000	2974.6	8.005051496149166	2989.2	3.9672152631285327	NaN	NaN	145.8	11.376758177266492
4000	3981.1	7.518896166060548	3990.7	3.03563433963974	NaN	NaN	171.8	15.061591163751592
5000	4977.6	12.631604272458823	4991.3	1.9732628015548255	NaN	NaN	172.3	16.14773342868899
6000	5971.0	16.674484548555014	5990.4	2.6992778767663026	NaN	NaN	194.9	18.299705821569916
7000	6969.8	13.020949104577591	6989.8	3.2904131509584023	NaN	NaN	227.0	20.86442118823333
8000	7974.2	14.186906230182817	7991.7	3.7721859662535198	NaN	NaN	257.5	21.42401806431277
9000	8964.9	17.54311887766825	8991.1	4.127142822340898	NaN	NaN	291.2	17.959197398102177
10000	9973.2	11.475275595121886	9991.4	3.9205099892743545	NaN	NaN	330.6	27.25911789211089
