10	2.6	1.0216630442567647	2.7	1.1556141587917657	2.7	1.1556141587917657	5.8	1.1444915307681398
20	4.2	1.4234433687365293	6.0	1.8652929850294293	5.7	1.5358297054035646	10.6	2.197751563757833
30	7.8	2.018129981938725	10.9	1.8775962601155762	9.0	1.465943545979858	17.3	2.8621228212639656
50	15.2	3.7278418829129545	20.8	2.3244732874352416	15.9	3.4222796665380812	26.3	4.547126389710319
100	31.1	8.73993010704319	46.7	7.357935183460098	32.7	5.391442716379355	52.4	9.640473101253901
150	49.1	10.906734449687495	81.2	6.176544152193845	51.4	7.611890478455401	51.6	16.36537850268059
200	78.5	16.84620608505072	116.0	5.9846894656281036	NaN	NaN	65.7	9.299268801577895
300	148.6	24.316657813441385	179.8	11.372259834527174	NaN	NaN	72.2	19.776142211867306
400	223.2	19.439517979209256	262.5	25.028087056345313	NaN	NaN	82.8	11.062081987763426
500	308.0	37.316830399164395	343.6	22.267089396146954	NaN	NaN	108.5	16.287185397729097
600	387.1	26.862523832953595	412.8	31.70965802880882	NaN	NaN	121.6	14.847406847527282
700	501.4	54.55613880560096	533.2	40.51797042380084	NaN	NaN	120.4	17.006269004575927
800	572.7	47.891460158195216	614.9	39.24090843948442	NaN	NaN	96.2	19.599417464404393
900	654.0	41.37172646723847	681.6	39.15965619583501	NaN	NaN	110.4	21.614117233326922
1000	788.9	60.05467292089767	795.4	68.53762949807937	NaN	NaN	105.8	13.373758172780006
2000	1825.8	43.05388857866384	1849.6	50.95297471371029	NaN	NaN	121.5	11.027104999046667
3000	2890.9	63.41709733026259	2897.6	64.00956425422689	NaN	NaN	140.4	15.062949961279166
4000	3864.5	75.23879211590254	3895.2	75.89662277482444	NaN	NaN	160.5	14.579813955603136
5000	4920.9	47.06313742746014	4973.3	34.54726466862463	NaN	NaN	184.8	19.46056325762438
6000	5938.1	34.214497864443366	5988.4	3.218087546354201	NaN	NaN	207.3	13.777975506002322
7000	6927.8	45.33467872770248	6987.8	3.6725295892613303	NaN	NaN	237.6	22.35881448950279
8000	7939.8	36.894599919012535	7988.3	4.976914064357551	NaN	NaN	262.4	23.5752059981668
9000	8937.8	37.06064555271535	8987.4	5.44009824323054	NaN	NaN	300.2	39.56470142417354
10000	9931.2	33.26263116447645	9987.3	5.429271229548216	NaN	NaN	323.2	28.79908897559088
