10	2.5	0.6594806593070035	3.9	1.0341076326959395	3.1	1.1287357334646582	4.9	1.2573953220845064
20	6.2	1.7753457984291396	9.6	2.102565198989082	7.4	1.786836829707738	10.6	1.8432177342896852
30	8.6	2.718167385574332	13.8	2.9974700772484786	10.5	1.952408712334587	15.5	3.022120040633727
50	15.1	4.981024669282416	25.7	4.375084593925014	17.7	4.59191571394772	29.5	4.062164066110575
100	40.6	10.50406165328441	60.5	5.170538163479697	39.7	7.529776368790776	53.5	9.614165271098681
150	74.0	9.634102042224796	92.3	13.420543410905532	58.9	7.974632798819015	59.5	19.095487285220035
200	109.4	19.926666579636443	128.3	11.328307383011815	NaN	NaN	58.3	7.829592056039701
300	189.7	17.065886825008537	202.0	20.991554999094276	NaN	NaN	82.2	14.415880573312197
400	260.6	27.010212292686635	273.2	30.26654052223346	NaN	NaN	107.5	21.043287646658257
500	340.4	23.689955265808333	382.4	20.031667156180486	NaN	NaN	109.5	17.653022483982735
600	423.3	24.054006322523488	449.9	22.720323424546578	NaN	NaN	115.6	11.671569297056845
700	495.4	34.73654350473	532.3	38.60412993559108	NaN	NaN	129.0	18.84939679034849
800	615.3	35.306117429193485	645.1	43.78761114146329	NaN	NaN	120.5	19.00416577332454
900	715.6	36.30097742948528	740.4	48.34354951817253	NaN	NaN	102.7	14.551008396808792
1000	809.6	53.5518169224537	854.8	41.64390532579767	NaN	NaN	114.0	17.59713882652518
2000	1834.9	64.3660834337153	1904.5	54.155180649130884	NaN	NaN	129.1	14.796488776598318
3000	2871.8	53.31203374983925	2937.9	59.734319361954725	NaN	NaN	149.6	15.685302359087629
4000	3892.5	42.16704131451482	3977.0	20.746375425119442	NaN	NaN	159.9	10.817233085960568
5000	4931.6	30.760206030779443	4990.2	9.801535989017232	NaN	NaN	181.7	19.199170565521836
6000	5920.8	46.52665125435097	5980.9	29.1463769047887	NaN	NaN	209.9	14.879249619386053
7000	6900.0	57.92221914602375	6977.3	34.808424495285614	NaN	NaN	216.7	19.363697708960444
8000	7916.0	53.32278191167448	7992.4	3.1375823584409703	NaN	NaN	282.1	24.146148081132942
9000	8904.1	44.48779550613853	8993.5	1.7300973209620316	NaN	NaN	290.3	27.442171571579383
10000	9906.2	35.15180023020158	9993.2	1.4936052972589509	NaN	NaN	318.6	24.411161930887268
