10	2.9	0.9833848259964152	3.9	1.0824562235952084	3.7	1.063380611070185	5.3	1.2410116212187539
20	5.1	1.793981347729123	7.0	1.56715957068832	6.5	1.2895384057871249	10.3	2.0244584075747274
30	7.6	1.9771484557311323	11.8	2.6726082810617795	9.4	1.5736758548061924	12.6	2.4820232424375077
50	13.5	3.202947270874124	23.6	3.5071943453421563	17.3	3.1676077541261316	24.7	4.021655341274286
100	38.6	8.030577873104773	51.1	4.89815717550999	40.8	6.267005612252155	42.3	11.07710430410403
150	56.9	7.033692546308802	78.3	5.6236977660610465	56.7	5.058491538393633	46.0	13.10008548674397
200	82.0	16.933302387898234	111.6	11.8585767989249	NaN	NaN	54.7	7.93990999470397
300	152.7	26.564876380740042	177.0	18.98194064051408	NaN	NaN	84.8	12.787004170797788
400	243.2	24.679238950664587	267.6	22.888042277486292	NaN	NaN	90.9	17.6565002839181
500	324.5	33.34935266328269	339.5	27.084085125032377	NaN	NaN	118.4	16.452687749301024
600	410.2	30.399798892492694	431.2	27.867252461338918	NaN	NaN	93.4	11.662798296120878
700	502.9	40.74169072824543	515.7	40.168241629476384	NaN	NaN	111.2	15.061591163751592
800	580.2	50.44188995015948	629.3	50.44417221765066	NaN	NaN	119.0	21.42342098732133
900	699.9	59.25788128271209	751.6	57.69758561548308	NaN	NaN	108.0	14.356128319292775
1000	799.7	38.76945264101622	850.8	43.958290531639186	NaN	NaN	115.3	17.848455733872328
2000	1827.2	62.850881992092994	1840.2	77.68302131034812	NaN	NaN	124.6	9.278061147459635
3000	2818.0	80.10546531467126	2892.5	74.96900705344842	NaN	NaN	149.7	16.878976703698598
4000	3878.7	52.634217425587316	3938.3	48.32539468151294	NaN	NaN	169.3	13.481406140458793
5000	4921.3	30.636616849841623	4967.9	36.25478672556217	NaN	NaN	187.4	10.820780068738111
6000	5913.9	51.654343767354156	5969.7	46.57089407949991	NaN	NaN	212.7	15.204443184937746
7000	6934.3	30.39853652799753	6985.0	16.542010794338154	NaN	NaN	231.5	23.10176513645656
8000	7957.6	20.957890817923445	7995.2	1.593064789642907	NaN	NaN	257.5	18.513195249335
9000	8937.3	28.598068004744654	8995.0	1.6622237394526647	NaN	NaN	276.8	22.476586973648825
10000	9932.8	27.841535507654743	9995.0	1.56715957068832	NaN	NaN	327.2	22.875967340071103
