10	2.8	1.0014300894221224	3.0	0.9596853234263822	3.0	0.9596853234263822	5.6	1.7286179728326325
20	4.5	0.9188287435643271	6.0	1.3572	5.4	1.1622366437176208	11.1	3.6114160042841923
30	7.0	1.6311513970199087	9.7	2.4789290921686327	8.6	1.8432177342896847	15.4	1.4729076875351013
50	12.0	3.1506014282990478	19.7	4.490511552596207	14.6	2.3332614975608714	26.3	3.4012838875930362
100	31.4	11.233739698604378	42.6	5.458876684447086	31.7	8.31758038879096	51.3	8.96305904499128
150	64.9	14.36841914602995	81.4	9.458298139517488	52.6	7.268028113319319	48.7	12.683548557245324
200	96.8	19.000261420938394	113.7	11.675294977172952	NaN	NaN	56.0	7.6908
300	169.5	22.14277334256032	189.1	11.76435733714341	NaN	NaN	74.5	14.733418534067372
400	223.0	27.363656242541857	255.8	14.96274957566289	NaN	NaN	99.5	15.941082907381166
500	294.2	31.11347904404134	324.0	20.565548692899004	NaN	NaN	110.3	20.835095238659214
600	349.7	28.57300882448329	376.6	25.705716732586936	NaN	NaN	116.7	16.204668670602306
700	431.0	27.596399999999996	461.8	29.421308015518274	NaN	NaN	104.1	15.063799147492642
800	563.8	74.781459999548	603.8	56.30317477784002	NaN	NaN	96.9	17.189562948370735
900	643.8	60.799261160510824	675.7	46.90043040574361	NaN	NaN	108.3	13.462416095337417
1000	708.5	61.07420944408531	759.3	46.44547585119567	NaN	NaN	109.1	12.773592310544437
2000	1647.8	113.99573368711656	1722.2	121.74806036559268	NaN	NaN	118.1	15.282986683106152
3000	2755.4	79.9470292482216	2817.5	74.89526064805436	NaN	NaN	126.5	14.403275008830455
4000	3797.0	94.84876460218129	3818.4	97.64726772140631	NaN	NaN	175.8	19.339240156324653
5000	4841.1	85.7476733083528	4870.3	84.11602169387231	NaN	NaN	178.3	16.79997618105454
6000	5827.3	89.34129741482379	5845.2	83.34897574646014	NaN	NaN	204.9	19.567149865936017
7000	6825.0	90.62465237053325	6882.5	74.40243764030853	NaN	NaN	228.7	14.07193090673771
8000	7891.9	54.65195164269982	7954.3	49.11202600426905	NaN	NaN	256.2	29.295825606799344
9000	8873.6	68.63833911172384	8942.0	55.11672954448585	NaN	NaN	316.1	15.019577800857117
10000	9870.6	52.27442358568863	9964.9	17.754754861613833	NaN	NaN	350.0	28.176204198578628
