10	2.0	0.7153072067300874	2.3	0.6437764860570786	2.2	0.8341843824958605	4.4	1.1622366437176208
20	2.1	1.0341076326959395	3.5	2.6037575347946667	3.0	1.9193706468527645	13.2	2.2800241893453674
30	3.2	1.7167372961522098	6.8	4.943388690362108	3.9	2.203564193755198	16.1	2.316756257356393
50	3.4	1.5408188783890207	8.6	3.972370840694509	5.5	1.3286241680776394	24.8	3.573673659415476
100	11.9	7.423014161107333	28.3	10.715531158276756	13.4	6.439354235946334	47.9	8.227276795878453
150	20.6	5.6068405306375535	52.9	16.611306218235818	22.8	5.53889857498763	60.1	13.501885389677993
200	37.7	17.799654859687585	83.7	22.602009946108772	NaN	NaN	52.3	12.974694764964608
300	68.3	17.24187150642296	142.9	27.118446221640355	NaN	NaN	75.8	14.811523491660132
400	96.3	12.982579481905741	192.6	29.437650966339007	NaN	NaN	76.8	19.56545009714829
500	128.6	18.928493850700324	262.9	33.345056470127616	NaN	NaN	99.3	25.457400607367592
600	174.7	35.05158589741696	337.4	32.8842212852304	NaN	NaN	86.7	13.560873939536494
700	208.1	37.51164019069281	366.2	29.806603254715217	NaN	NaN	103.7	11.766966613532988
800	328.6	39.70335187482286	444.7	32.139589408765005	NaN	NaN	106.5	18.413430279554102
900	370.3	32.55559483105783	557.8	64.52594378995165	NaN	NaN	101.4	12.635654291567175
1000	461.9	31.078348914252185	596.1	59.00434696084687	NaN	NaN	109.8	33.311818985819436
2000	1259.7	140.59419102624403	1430.0	80.13994976789041	NaN	NaN	129.5	13.812098737700943
3000	2147.3	193.8551288254298	2410.7	155.4190060557717	NaN	NaN	155.3	21.464103577927496
4000	3115.6	187.4692324339543	3425.8	178.84791630473083	NaN	NaN	168.4	19.821109779626365
5000	4093.6	108.14262184141828	4333.8	207.862612785811	NaN	NaN	175.3	19.61572699249253
6000	5213.4	188.39301624852231	5435.5	211.3403559484558	NaN	NaN	209.3	26.722349321943984
7000	6207.4	284.07805904690355	6547.8	235.84185195029318	NaN	NaN	233.8	20.099496104728594
8000	7247.0	240.282114535893	7497.3	210.66253863998696	NaN	NaN	271.2	25.679030591983025
9000	8335.6	164.1305703637686	8577.7	219.66595174474352	NaN	NaN	279.4	19.140850999263332
10000	9272.4	251.82678477750537	9734.3	212.5844520405102	NaN	NaN	315.1	24.750973101597438
