10	1.6	0.3504275331648471	2.2	0.8341843824958602	2.2	0.8341843824958602	5.0	0.9596853234263822
20	1.6	0.5722457653840699	3.3	2.0743908995172533	2.2	1.1444915307681398	10.9	2.3820911393143627
30	2.4	1.326697228458701	4.3	3.2315739824426104	3.4	2.355088553749094	15.0	2.6954840901032973
50	2.9	1.5490984591045205	6.5	5.297621385112379	3.8	2.5948995171297096	25.3	4.047020810917582
100	2.1	0.9833848259964152	9.6	6.2865696732001615	3.3	2.0989117380204436	46.4	11.215506056170629
150	5.0	2.477896850153371	10.3	4.862510866208938	7.0	2.6954840901032973	43.1	12.530949194534308
200	4.3	1.8938763011347914	19.5	7.765284897542394	NaN	NaN	57.7	15.32845096948808
300	10.3	5.32459617285668	51.4	18.172745261407258	NaN	NaN	58.4	19.610900785430537
400	18.4	8.404174782570863	89.8	25.244973956492803	NaN	NaN	59.4	17.2749282098653
500	21.7	7.2740095960893525	128.3	31.325310899718136	NaN	NaN	85.7	20.003166685402586
600	43.5	29.263409286342558	178.7	39.59734213307756	NaN	NaN	82.1	21.92028561392392
700	64.8	27.856233816939433	229.4	41.72050362227186	NaN	NaN	98.7	23.22942945670427
800	63.6	40.1480467701232	298.8	39.23223650907503	NaN	NaN	96.0	23.84238134918574
900	85.7	57.64155674931065	381.2	57.33248618282657	NaN	NaN	94.7	27.149748641267376
1000	139.5	72.28231529565167	436.5	65.22507495940499	NaN	NaN	90.3	17.194324847576887
2000	529.2	162.17445243386516	1030.3	142.40185608847938	NaN	NaN	101.2	19.222475467639438
3000	1022.4	209.7022110626781	1512.8	159.39407344585933	NaN	NaN	141.0	21.0451111814597
4000	1387.0	243.58683903019065	2242.0	201.76355302283906	NaN	NaN	151.8	18.79448416913856
5000	2034.3	418.83983252733253	2749.3	288.2998732400762	NaN	NaN	168.1	12.932825511696969
6000	2641.3	466.77004967088874	3442.0	217.61427545158887	NaN	NaN	198.8	22.630854995426045
7000	2942.8	596.2281705795391	4126.6	417.8745113543251	NaN	NaN	204.3	30.43050028777049
8000	4159.3	416.8495999912726	4880.8	348.1860677908637	NaN	NaN	234.2	31.228382600192408
9000	4846.3	471.07420015772874	5807.9	534.954865346186	NaN	NaN	276.2	34.92985058175886
10000	5499.9	644.5309672498568	6670.4	633.3710029187127	NaN	NaN	287.7	27.055354503018435
