10	10.0	0.0	10.0	0.0	1.0	0.0	5.3	1.2410116212187539
20	18.1	4.077251078361499	18.1	4.077251078361499	1.0	0.0	10.7	1.6942364899859759
30	24.2	8.297563598069013	24.2	8.297563598069013	1.0	0.0	14.7	4.146931453978953
50	40.3	13.877881567588043	40.3	13.877881567588043	1.1	0.2145921620190262	23.5	4.6933093249859414
100	60.6	34.517853183765645	60.7	34.43154849035982	1.3	0.45802009126238113	45.8	10.349978685195444
150	90.7	51.95125112799498	90.8	51.86426146301516	1.4	0.4744811229121766	45.0	15.116524767286958
200	120.7	69.47253463753859	120.8	69.38538899439853	NaN	NaN	55.0	18.318010632161997
300	121.0	104.54454034295621	122.2	103.87521712855286	NaN	NaN	59.8	13.884332153330242
400	161.6	139.2378872589497	163.4	138.23215069069857	NaN	NaN	61.3	13.654875466440549
500	151.5	163.19550116501372	155.7	161.32708644218428	NaN	NaN	59.8	14.849474395546801
600	122.1	170.9265299011128	132.5	167.5225196635366	NaN	NaN	63.0	22.010085277435884
700	73.3	149.44616481075718	86.9	146.62975983979516	NaN	NaN	75.4	14.213569984208753
800	83.0	170.97009438705942	101.9	167.14586729212306	NaN	NaN	61.8	12.942119532132283
900	93.0	192.42800895586896	119.7	187.52568001637536	NaN	NaN	63.1	14.51721218815789
1000	104.8	213.52364637159977	145.7	205.72913005484662	NaN	NaN	52.4	13.41348834628785
2000	3.7	1.7825363738224251	357.7	108.18890853984988	NaN	NaN	42.7	16.557623687111626
3000	3.5	2.312334962759505	653.7	130.4195720198621	NaN	NaN	40.0	10.956115563465
4000	5.3	3.534080927766085	1070.3	209.45217379040017	NaN	NaN	38.5	8.662308252423253
5000	3.0	0.9596853234263822	1251.5	231.82007429629556	NaN	NaN	38.7	10.3857581410314
6000	4.2	1.7167372961522096	1650.1	311.7108964240358	NaN	NaN	41.1	9.778801548042582
7000	3.6	1.0216630442567647	2023.1	268.51692182928804	NaN	NaN	57.2	7.77549133521477
8000	4.9	1.9313294581712357	2370.9	318.7129022508439	NaN	NaN	62.1	18.929169624576776
9000	6.0	4.635720526520122	2666.3	315.471247345434	NaN	NaN	65.1	14.97180874163172
10000	10.3	6.950268772069178	3028.0	365.09857230090614	NaN	NaN	72.5	16.324840052508936
