10	2.8	1.2306610516303829	3.4	1.6683687649917203	3.1	1.3740602737871437	5.0	1.011597153020905
20	4.4	1.0216630442567647	8.4	1.5736758548061924	6.3	1.063380611070185	10.3	2.307905198226305
30	6.9	2.1327673375218406	13.5	2.0793182007571613	9.6	1.8152461915674134	15.3	2.6964330371807863
50	12.9	5.211934669199144	21.0	3.8253891096200916	14.7	4.280502559746927	28.4	4.659939606475604
100	31.2	10.384526418859936	50.6	6.1216256546770325	34.0	6.69490862073561	41.6	6.81759445083088
150	57.0	13.177970153251978	81.6	11.671569297056841	55.4	4.469382303629888	53.1	17.204439507173724
200	70.4	13.283160455855375	108.6	10.591378713651967	NaN	NaN	50.5	10.317547112565078
300	141.1	23.221498541567033	183.4	19.740923828838408	NaN	NaN	74.5	9.032435362625076
400	191.3	27.458947111715695	240.5	16.07214274264636	NaN	NaN	102.2	17.252996300469086
500	278.8	36.53924764939749	336.5	24.398687386414867	NaN	NaN	111.1	20.124046709248116
600	367.9	35.13818787296806	425.9	33.51800122972729	NaN	NaN	106.1	13.675094937732608
700	485.3	43.68653486652381	531.9	43.57207407911632	NaN	NaN	118.3	15.378439528248633
800	538.6	50.2369779458916	606.1	51.366279744945516	NaN	NaN	107.0	12.339826799432803
900	645.8	40.78104338027658	722.0	40.89906180439839	NaN	NaN	112.2	12.421655141888296
1000	780.9	34.904426455623074	816.9	58.31701853520977	NaN	NaN	103.7	19.64960744859805
2000	1741.7	68.98399115217964	1833.9	76.0963494359355	NaN	NaN	116.4	8.697382646290778
3000	2796.9	90.71124846299934	2925.3	66.27779661035812	NaN	NaN	156.1	18.296909582659033
4000	3815.1	44.55215584319124	3911.1	51.23861908947195	NaN	NaN	174.8	18.09826185864267
5000	4830.3	82.74781235974761	4942.4	50.87056453408002	NaN	NaN	177.9	16.743231710634596
6000	5866.7	66.54283458227489	5968.7	44.27982720657342	NaN	NaN	201.5	20.075170351954675
7000	6885.3	22.392771794576927	6987.3	12.93915408069631	NaN	NaN	239.4	20.44377529948908
8000	7866.7	29.553616486717825	7993.0	2.3724056145608827	NaN	NaN	262.8	16.899426070254574
9000	8877.1	44.60380667472227	8993.8	1.8871100190502934	NaN	NaN	307.7	22.613326115456786
10000	9843.4	51.87945203503983	9993.2	1.7167372961522096	NaN	NaN	340.1	27.719331031538257
