10	2.7	1.0141229925408455	3.3	1.3208995434929938	3.3	1.3208995434929938	5.4	1.1622366437176208
20	2.5	1.1644357689456297	3.0	1.892524980020079	3.0	1.892524980020079	10.5	2.3343576975262383
30	3.3	0.9623474237509028	3.8	1.188357582548283	3.7	1.1104554038771661	16.0	3.6753149742573084
50	4.7	0.8493802470036608	6.6	1.1173455759074717	5.9	1.1287357334646584	25.3	5.4668379895511805
100	13.2	3.9021958618193424	22.7	3.983304287146539	16.4	3.5071943453421563	44.6	7.598434766187046
150	26.9	8.786639933216792	44.0	8.81889952318315	31.8	6.693379928257472	42.1	8.006649278943096
200	54.6	18.64524765016544	73.1	14.46070965188085	NaN	NaN	47.4	5.943509920577234
300	101.4	14.470436726512435	143.8	16.15961147998305	NaN	NaN	76.2	13.044505083137498
400	149.5	24.020373865949715	197.5	19.509012377360367	NaN	NaN	89.0	14.416590417987187
500	204.6	27.594916681446964	273.5	19.189040764457197	NaN	NaN	104.6	16.806523000787518
600	280.3	41.03900164092689	358.0	22.94341593398855	NaN	NaN	101.3	12.472012437614065
700	367.7	38.9669140436345	444.2	16.575382837931677	NaN	NaN	103.4	22.406819851464864
800	465.2	47.77995137444155	513.9	24.985528167241135	NaN	NaN	92.2	14.56418874033154
900	497.6	81.4132735134511	598.5	41.065424784604375	NaN	NaN	106.5	9.959224063148694
1000	564.0	60.48725038088605	691.7	44.966659788825766	NaN	NaN	101.0	23.936620377989872
2000	1423.4	88.61221519551353	1531.5	72.73112687274961	NaN	NaN	122.8	10.255619633352243
3000	2368.7	164.81027310457318	2494.2	163.71092756460698	NaN	NaN	146.9	14.047912387112897
4000	3379.8	137.2285882844533	3512.1	104.04632025802738	NaN	NaN	169.7	20.83263931248271
5000	4324.3	201.52783728191002	4464.9	74.66892493424557	NaN	NaN	179.0	18.718647951174248
6000	5352.9	177.34929672247367	5504.5	182.09964035401057	NaN	NaN	190.4	20.640548588058408
7000	6292.3	310.1344794743145	6557.5	215.47785167524756	NaN	NaN	223.4	18.172745261407258
8000	7378.7	203.42488080292443	7583.8	205.24575817742004	NaN	NaN	249.0	24.577855696541146
9000	8505.7	237.31475223290272	8676.0	174.1023062836331	NaN	NaN	266.7	26.857952039647397
10000	9501.3	270.60480050347223	9803.0	134.68685770185598	NaN	NaN	322.8	32.713556707640336
