10	3.5	0.9188287435643271	3.8	1.0014300894221224	3.6	0.9702899030702115	5.7	1.4324015652043947
20	6.3	1.7535971726710782	8.9	2.2721561997362767	7.9	1.70627384554766	9.6	1.5072458114056908
30	10.8	2.7851090291046057	16.2	2.9283946701221812	13.3	2.7896981062473407	15.7	1.8390491249556116
50	19.8	5.025510400347411	28.8	2.8576500527531357	22.7	3.785725801481137	27.8	3.6445586597007873
100	49.5	8.176120954340144	67.7	10.06043413397255	46.7	5.916330079027031	54.3	7.153429711963345
150	91.8	16.29205401856991	109.3	12.1982426670402	79.4	8.685608737215832	62.2	11.103632460776067
200	126.1	12.199920381543478	151.1	17.493466237312717	NaN	NaN	65.5	13.700514046560441
300	202.3	19.355768915855553	235.2	19.51045481335584	NaN	NaN	69.5	9.431482170899757
400	293.7	28.68203512591113	319.8	21.355963560186176	NaN	NaN	90.9	17.12992751753492
500	375.0	22.0124098362719	402.6	32.55425888967525	NaN	NaN	105.6	14.152240555332572
600	476.0	24.11975171514002	501.9	29.481506061190295	NaN	NaN	111.0	11.670692493592657
700	559.0	31.975112260631704	591.2	40.64657280785183	NaN	NaN	105.7	18.155421314968155
800	665.7	40.16059808224972	688.2	39.92772809644946	NaN	NaN	102.4	16.290169563758383
900	771.4	48.66108277562266	800.5	47.54641138193291	NaN	NaN	109.5	16.745676290314464
1000	865.8	39.50257739115259	895.8	42.378314943187625	NaN	NaN	104.7	14.586129512793995
2000	1910.7	35.400191597278116	1970.3	24.6859761209477	NaN	NaN	123.7	12.16043289706415
3000	2926.2	38.77440143166623	2974.7	32.84662342591701	NaN	NaN	149.0	9.59152016731446
4000	3962.5	18.46615117938765	3996.2	1.9926153025609334	NaN	NaN	166.9	13.299521285971164
5000	4968.8	16.016493485903837	4996.0	2.0976925036811283	NaN	NaN	194.9	13.482924188617243
6000	5972.9	13.7422783189688	5996.4	2.0282459850816914	NaN	NaN	214.5	15.215208108336869
7000	6958.6	18.890611931221287	6995.7	2.8261424741155565	NaN	NaN	230.2	23.12511976842498
8000	7965.4	19.477383108005036	7996.3	2.0989117380204436	NaN	NaN	275.9	24.315079632935607
9000	8963.8	23.206841251320697	8996.4	1.8979244916487064	NaN	NaN	323.3	17.617625881031753
10000	9974.5	15.57744657188719	9996.7	1.4676876793105538	NaN	NaN	317.2	29.367346595564264
