10	7.3	2.9501544779892455	7.3	2.9501544779892455	1.0	0.0	4.9	1.2160222514411487
20	8.6	6.658123130132095	8.6	6.658123130132095	1.0	0.0	11.4	2.4613221032607657
30	10.0	9.375710315490767	10.0	9.375710315490767	1.3	0.45802009126238113	14.0	3.6753149742573084
50	16.2	15.849503267421348	16.2	15.849503267421348	1.1	0.2145921620190262	23.8	5.4363347711486645
100	3.1	2.10864023389482	3.3	2.0989117380204436	1.9	0.8731437201285938	41.2	11.048197104686356
150	4.4	2.522915998601618	10.3	4.862510866208938	2.6	0.7965323948214534	38.5	8.349507440561988
200	2.6	0.5722457653840699	19.6	7.692130473152415	NaN	NaN	38.7	7.62431586989941
300	2.2	0.28612288269203495	49.4	16.82782058188166	NaN	NaN	36.0	11.168875535164673
400	2.7	1.063380611070185	77.8	19.72692262021626	NaN	NaN	49.1	16.979922636926233
500	3.2	2.141147595099413	104.8	18.19413092796685	NaN	NaN	64.0	16.7388
600	3.4	1.205457131548028	140.3	26.94164498474434	NaN	NaN	66.9	25.46624256454022
700	3.5	1.072960810095131	187.7	28.299509457303316	NaN	NaN	69.2	24.46685270777588
800	3.9	1.5490984591045205	220.6	34.975816131950374	NaN	NaN	73.9	12.153698845865815
900	3.0	0.9047999999999999	276.8	45.825239376396055	NaN	NaN	67.9	12.749535804726383
1000	3.2	1.1444915307681398	311.6	34.78364711780523	NaN	NaN	62.2	11.263760678565575
2000	6.8	3.2276132333351213	704.9	64.83734078596993	NaN	NaN	56.0	17.515535225621853
3000	23.4	11.636445626392968	1077.9	98.24293338391317	NaN	NaN	62.5	25.963286844696686
4000	33.8	16.48251588271645	1521.4	109.57525850745687	NaN	NaN	72.3	23.63124293819519
5000	33.6	19.746106942281052	1801.5	157.24113664337332	NaN	NaN	95.5	39.00392515247663
6000	49.3	20.672378274499522	2125.2	138.65443748132984	NaN	NaN	107.3	38.70076418268766
7000	68.2	67.67259843676759	2621.2	235.48252210077928	NaN	NaN	113.1	43.5474069156362
8000	87.6	49.165286789115754	2979.7	328.35235164341975	NaN	NaN	127.7	41.2590908218298
9000	83.6	48.01219554921437	3565.6	471.0118664439952	NaN	NaN	168.9	59.8532637368757
10000	165.6	89.77900511687571	3947.4	503.37456527935126	NaN	NaN	142.7	64.58241741901583
