10	3.8	0.8341843824958605	4.8	0.7704094391945104	4.8	0.7704094391945104	5.6	0.8583686480761048
20	7.7	1.1556141587917657	9.3	1.2410116212187539	8.7	1.063380611070185	10.6	2.0780874707287946
30	11.4	2.7924479325495035	14.5	2.356174598793561	11.8	2.0928084632856394	18.3	3.4609339207791874
50	21.1	1.6138066166675604	28.9	3.4668424763752967	24.2	2.018129981938725	24.0	4.231814504441328
100	52.0	5.295206239609557	60.0	4.279904849409622	51.0	3.9178989267208	48.6	11.026872993555333
150	80.9	7.936042527355811	96.8	6.8295919866416614	75.3	9.304769375110808	56.2	12.930253645771995
200	119.8	11.501997533646056	135.8	8.840919281613196	NaN	NaN	65.5	12.017373960229413
300	215.1	14.10244076874638	221.8	12.862806862578633	NaN	NaN	77.5	11.365283884707852
400	302.1	24.66192116677044	314.4	23.234164684274745	NaN	NaN	95.5	9.835148947524893
500	383.5	33.98160974909811	409.1	29.377188885868573	NaN	NaN	101.0	11.29188949999069
600	488.6	24.746321352799086	504.7	22.67884854934218	NaN	NaN	103.8	8.990133960292248
700	594.9	24.228649353110875	622.4	19.834012637285472	NaN	NaN	144.4	69.0767543766787
800	707.4	26.147780744376757	738.6	20.026557949283244	NaN	NaN	112.7	20.538287367840578
900	825.4	32.87332778067958	852.9	17.23118494695011	NaN	NaN	110.2	16.55685111801154
1000	926.9	29.22351678693035	954.9	27.899640411231108	NaN	NaN	118.4	20.568534038574555
2000	1946.8	27.233953948407855	1973.9	28.325533163490498	NaN	NaN	123.1	10.505279360207417
3000	2950.1	30.865236589341084	2980.3	19.41383820072682	NaN	NaN	150.9	14.200064203939363
4000	3945.9	25.99519294862033	3974.1	29.137598086939143	NaN	NaN	179.5	19.854768620661382
5000	4937.0	32.612047188730735	4968.3	36.38101959214447	NaN	NaN	188.8	22.69407231996937
6000	5954.0	18.846682107999808	5992.1	5.954261186410957	NaN	NaN	214.8	22.408189922079828
7000	6964.3	11.6840565970899	6992.8	5.639597423930188	NaN	NaN	238.0	17.477518324979663
8000	7972.1	12.596111058417991	7995.4	1.5408188783890207	NaN	NaN	259.6	23.676992697891343
9000	8964.4	18.482630224510796	8995.3	1.6327190585033298	NaN	NaN	298.6	14.805995256516868
10000	9964.9	16.183815672331416	9995.3	1.6010742156439846	NaN	NaN	318.7	21.991596293220734
