10	2.7	1.1556141587917657	2.7	1.1556141587917657	2.7	1.1556141587917657	6.4	1.1622366437176208
20	4.2	1.7167372961522096	6.0	1.8652929850294293	5.7	1.5358297054035646	11.1	1.9836076315642663
30	6.9	1.9836076315642663	10.8	1.8320803650495248	8.7	1.8666640201171711	17.8	2.8216126707966134
50	13.2	3.7278418829129545	20.2	2.7106273783019312	15.2	3.6021950507988874	28.2	4.644542076889819
100	26.1	7.792910087765674	44.2	8.266673893652754	31.1	5.461219449536889	51.4	8.65019085662276
150	37.0	10.48358302871685	77.5	7.1976399256978665	50.4	7.9215227081666555	45.8	5.312570781081415
200	65.6	19.2448216228678	110.9	10.669592886141437	NaN	NaN	56.2	10.048984325990364
300	120.2	26.201733250760338	173.7	11.409318121780986	NaN	NaN	77.5	13.760138488401923
400	195.0	25.493452510007348	237.7	20.413343773228334	NaN	NaN	94.1	20.240666205340176
500	257.2	39.64867256269748	313.3	23.668022768368292	NaN	NaN	93.1	18.108578003697584
600	342.9	35.84031751472076	381.9	26.736514668071454	NaN	NaN	100.5	24.482427603895818
700	445.0	54.68148151540884	485.9	38.21032908463364	NaN	NaN	114.1	18.38617829882001
800	503.0	60.414458790590835	539.2	49.979247035384596	NaN	NaN	96.9	14.824127062191554
900	586.9	69.43673156907661	643.1	45.59313370712744	NaN	NaN	95.3	14.788187218317193
1000	659.2	91.61116755540232	718.9	58.42834009790112	NaN	NaN	95.3	14.973859112600197
2000	1636.9	90.24243259241187	1678.1	74.68194343719236	NaN	NaN	111.6	11.64084188089504
3000	2682.7	100.56774157593478	2722.6	90.6716147032576	NaN	NaN	150.9	19.359469423411376
4000	3706.7	100.03926120280977	3791.1	66.11810909664614	NaN	NaN	153.4	12.800601839601136
5000	4788.8	113.0904087133122	4882.5	108.17623310995812	NaN	NaN	187.4	13.030376606069373
6000	5792.7	155.78170820094377	5849.8	152.53724504128164	NaN	NaN	189.8	22.633115797521118
7000	6919.2	43.625295823226224	6964.7	49.18073879400348	NaN	NaN	237.3	19.270992142699864
8000	7916.4	42.60037277414364	7988.3	4.976914064357551	NaN	NaN	260.5	40.53873830227082
9000	8835.6	124.29816580793137	8924.5	134.70632575235655	NaN	NaN	304.8	14.197721895571833
10000	9879.1	50.6126733334251	9987.3	5.429271229548216	NaN	NaN	322.9	36.598922335445884
