10	6.0	1.56715957068832	6.1	1.4815668314321835	5.9	1.4108063353983067	5.9	0.9833848259964152
20	11.6	2.4404453724679023	12.0	2.306796427949376	12.0	2.306796427949376	12.4	1.7286179728326323
30	19.2	3.048249580332949	19.6	2.846886737473059	18.9	2.7786715883673616	19.0	2.477896850153371
50	36.0	4.008274212176606	37.7	3.744959439566736	35.7	3.2315739824426117	29.1	2.685023537327001
100	76.3	6.979653825513124	81.8	6.844559333076162	73.7	5.198172463856888	43.9	7.297886501994944
150	126.4	8.188315026670626	129.5	8.075371680610125	121.2	6.562139582788528	60.3	12.476114263824291
200	170.5	4.649496843745568	177.9	5.885113697797179	NaN	NaN	71.7	14.119120612984366
300	266.8	12.818975727568876	274.7	11.104784421320385	NaN	NaN	70.9	8.393513640663247
400	368.8	9.569088829350472	376.5	12.760767817807828	NaN	NaN	85.5	13.834307674039925
500	477.7	8.035991782225762	484.8	7.370094484061923	NaN	NaN	107.6	11.557027082083005
600	578.2	10.922438899073777	588.8	7.494016582847945	NaN	NaN	121.2	14.497284881797695
700	683.6	11.360555807529842	691.7	8.84236602748382	NaN	NaN	123.3	12.235935603132274
800	785.9	8.146027009284955	793.8	5.1163219898673304	NaN	NaN	131.1	20.68079194121927
900	886.1	3.9755896815441094	895.5	1.7882680168252185	NaN	NaN	103.8	17.879246363983018
1000	981.8	11.340721475461779	991.7	7.952787969259585	NaN	NaN	110.2	20.18839752095247
2000	1986.2	7.314344103472299	1995.1	2.009236699843998	NaN	NaN	111.3	6.485671154475843
3000	2989.6	4.341626019822527	2995.8	2.4737635747985296	NaN	NaN	142.3	14.03916819202619
4000	3989.4	4.746967471554867	3995.8	1.7462874402571875	NaN	NaN	174.9	20.04507262835433
5000	4988.3	3.9961288672914432	4994.4	2.0533179627130327	NaN	NaN	185.6	9.360417290698102
6000	5989.9	4.877220310381723	5995.4	2.563156432214	NaN	NaN	188.2	11.519777722855594
7000	6987.2	5.455126167560197	6994.5	3.1869324341755347	NaN	NaN	225.6	15.91200841176248
8000	7987.7	5.5871857892860515	7994.8	3.3975209880146435	NaN	NaN	253.4	14.242339510628158
9000	8988.6	5.960702637776858	8994.8	3.1310525233537683	NaN	NaN	302.6	28.212862442793707
10000	9988.9	6.132064640559491	9995.6	2.900303904076261	NaN	NaN	338.2	32.96751510053495
