10	1.9	0.5941787912741415	2.6	0.9702899030702115	2.5	0.9188287435643271	5.8	1.3496389383831513
20	2.3	1.063380611070185	3.5	2.0295069401211716	2.9	1.4108063353983067	11.1	2.3605137822092885
30	2.7	1.281578216107	4.6	3.3581368905987135	3.4	2.197751563757833	15.9	3.174062386910504
50	3.3	2.4789290921686318	5.2	5.0761618555755295	4.2	3.486709931152863	22.6	3.5071943453421563
100	2.8	2.7106273783019312	8.2	5.835784648528422	4.5	3.0891003641837207	55.2	10.359861222236521
150	4.7	2.844189544316623	14.2	8.123068448806768	7.1	2.7970249687837967	53.9	13.637627827301932
200	4.4	1.205457131548028	26.1	11.694561876188436	NaN	NaN	48.5	11.91904445247185
300	13.6	6.627312584751077	68.8	21.710015631132098	NaN	NaN	55.2	18.23345991697681
400	21.0	10.161391436215812	100.8	33.15786477057894	NaN	NaN	66.2	14.269616835220209
500	31.2	11.70483915925375	148.1	41.58937830210978	NaN	NaN	71.7	20.390772621065636
600	30.0	10.105850495628758	197.9	50.70054893702828	NaN	NaN	100.1	23.714240982919947
700	48.7	19.239104542675577	253.0	54.0868749380106	NaN	NaN	80.6	17.971728794303566
800	69.8	19.418449892409022	325.9	68.73908726507793	NaN	NaN	92.2	18.222231724572048
900	169.0	79.6859933544158	400.3	57.946109232665485	NaN	NaN	83.7	14.791646767145298
1000	147.7	78.76961531456149	474.3	73.92488016415041	NaN	NaN	74.2	13.795604018092138
2000	482.1	66.15911118777217	1020.1	123.96232616902604	NaN	NaN	101.5	19.017622909817092
3000	1005.6	250.72190036870734	1584.5	207.34268607100663	NaN	NaN	130.9	19.731201821379255
4000	1501.7	220.85022838603538	2225.4	141.26953336461474	NaN	NaN	140.8	29.694813695054563
5000	2097.7	218.9999314692221	3069.3	266.21309728502087	NaN	NaN	174.7	24.364690712668605
6000	2669.7	274.8766633710544	3739.9	221.58237266650067	NaN	NaN	183.6	16.73023889177916
7000	3416.9	372.9103659145398	4269.9	279.091285525643	NaN	NaN	203.8	26.57402375072319
8000	3901.5	505.0986993161831	4703.1	232.9487618687766	NaN	NaN	257.8	49.86445479160481
9000	5080.8	622.7117806155782	5525.5	334.85397642557564	NaN	NaN	292.7	26.196362532305894
10000	5773.7	502.6922405022818	6382.8	536.9443720353012	NaN	NaN	295.0	46.382584406649876
