10	2.3	0.8493802470036608	2.9	1.2160222514411487	2.9	1.2160222514411487	4.9	1.2160222514411485
20	2.4	1.437749691705757	4.0	2.7331849992270922	3.3	2.1231493974753635	11.2	2.614543245769708
30	3.2	1.68666951831116	6.5	3.250518398655821	4.4	2.661096634096552	16.2	4.566775771154086
50	6.5	3.4933073068368894	16.6	5.514828368680207	10.3	4.734555667008257	22.8	4.7426540063555125
100	15.7	7.323083077775372	36.0	6.656585989829922	22.1	7.395390977899681	46.2	8.85826463727518
150	19.2	6.283313226634496	51.6	8.404174782570863	32.2	6.784491832407199	45.9	12.920951090225518
200	31.0	9.210535137547655	65.0	5.475722220858176	NaN	NaN	51.4	7.2750646413623015
300	66.7	17.785276177895014	115.7	13.473813334167872	NaN	NaN	60.0	7.440570413617493
400	124.9	32.412889347850495	170.3	23.998636738031596	NaN	NaN	73.8	15.420802396243847
500	167.3	34.874509250224584	217.2	34.66960544776938	NaN	NaN	101.9	29.628660017557323
600	216.8	37.07720921730761	293.2	36.65389358504769	NaN	NaN	103.2	23.56999658345329
700	271.0	41.956289180050234	339.4	34.95093782913413	NaN	NaN	103.5	20.79871791673708
800	343.8	43.32282176294614	409.4	47.212659941333534	NaN	NaN	116.1	18.184707450932503
900	422.0	49.64974064705675	519.7	56.100381826187245	NaN	NaN	101.7	17.55361553424251
1000	472.2	43.008704610857556	578.7	69.0670132396356	NaN	NaN	98.4	9.608575562277688
2000	1226.9	148.18101130507918	1427.0	158.73664576751014	NaN	NaN	124.8	17.98197525924224
3000	2112.7	218.5251341084682	2349.2	209.5915542114806	NaN	NaN	145.0	13.766644244695218
4000	3228.4	164.20038578838967	3415.5	143.25667640881522	NaN	NaN	173.0	18.6364641152768
5000	4330.2	179.71780041160085	4552.4	199.13160841337066	NaN	NaN	178.1	18.18189352614298
6000	5310.9	215.8778781275099	5561.6	181.93995939478492	NaN	NaN	198.5	23.311224249704264
7000	6281.9	191.9854293978478	6549.5	195.61507372577398	NaN	NaN	215.4	17.039332355934604
8000	7328.1	164.23068704001696	7573.4	176.18880483395077	NaN	NaN	253.4	26.736036231573298
9000	8457.2	212.68738124012904	8711.9	247.75694364008447	NaN	NaN	286.0	27.484928964070477
10000	9491.3	190.37603988024333	9739.4	159.8144861659793	NaN	NaN	300.7	27.68904212146025
