10	3.9	0.9298993687491138	4.4	0.8583686480761048	4.2	1.0988757818789165	6.2	1.2306610516303829
20	7.7	1.8938763011347914	9.3	1.467687679310554	8.9	1.1287357334646584	11.1	1.0824562235952087
30	10.7	2.0244584075747274	13.1	1.4466192989173068	12.9	1.4466192989173068	17.6	2.0780874707287946
50	22.1	2.0595382676706935	26.8	2.8932385978346136	24.4	2.4404453724679023	24.7	3.8659691054119913
100	55.2	4.622456635167062	60.2	5.575726763750175	53.1	4.771158051877972	57.6	8.068716022763471
150	99.1	13.581233359161455	106.3	12.703702940639001	90.6	7.046411382824593	61.1	14.182036489728828
200	132.0	12.938956359768742	142.0	10.57106924393176	NaN	NaN	69.3	16.62854649101959
300	218.4	11.750213687248415	229.7	10.734614083608221	NaN	NaN	90.9	9.301469421333383
400	305.7	20.036392012635407	321.2	13.297020345325489	NaN	NaN	93.3	12.406198779803585
500	410.2	16.884280769520508	421.4	23.313309337286288	NaN	NaN	109.2	16.929676024779685
600	510.4	29.709284013183492	537.1	26.83965707895688	NaN	NaN	99.3	11.57405964059284
700	618.2	31.419497557790447	631.8	34.86680581619142	NaN	NaN	106.4	13.489563640681634
800	731.0	23.84667302078007	744.8	24.801259546724637	NaN	NaN	124.4	15.395564837186065
900	845.0	17.631996184210113	863.8	18.32024508089343	NaN	NaN	103.2	19.217151124555375
1000	925.0	22.406363142643208	942.7	27.460810428026335	NaN	NaN	126.3	40.5927228749686
2000	1944.7	27.577945550820132	1966.3	20.550739947846157	NaN	NaN	114.2	13.223706944121227
3000	2969.7	12.48841165897409	2987.6	8.65019085662276	NaN	NaN	153.9	11.685808132773701
4000	3970.5	13.089340103305435	3993.5	6.673858405750004	NaN	NaN	186.4	17.36061053580778
5000	4972.9	15.568246838870458	4992.4	8.318503077837981	NaN	NaN	186.4	16.22407574982316
6000	5965.8	18.591933790329612	5991.9	9.405405792202693	NaN	NaN	204.1	18.964276683174607
7000	6971.0	14.599979076697334	6995.4	1.5408188783890209	NaN	NaN	227.7	16.45222125562381
8000	7970.4	14.33544173075947	7995.9	1.4108063353983067	NaN	NaN	251.6	23.679153618657907
9000	8963.9	15.770699039547994	8995.7	1.8666640201171711	NaN	NaN	300.0	32.0150921610418
10000	9965.0	19.50311039193492	9995.9	1.7062738455476603	NaN	NaN	317.0	33.904354307964624
