10	2.6	1.0216630442567647	3.0	0.9596853234263822	3.0	0.9596853234263822	6.2	1.4936052972589509
20	3.4	0.8583686480761048	6.0	1.3572	4.7	1.281578216107	10.5	2.222062433866339
30	4.5	1.952408712334587	9.7	2.4789290921686327	6.4	1.0705737975497065	16.3	2.8621228212639656
50	5.8	1.2306610516303829	18.0	3.117951827722808	10.4	1.9510979309096712	26.6	3.418539877784081
100	16.9	7.51208803702406	38.6	6.07126867927948	23.9	7.9617901577471875	44.9	10.597415682891747
150	29.2	9.558388737857443	72.0	8.329567374119739	36.2	9.832807586035637	51.4	13.139864349984743
200	47.3	13.85574247465649	91.0	7.809634849338348	NaN	NaN	48.0	7.488552479618475
300	98.9	38.406668458953845	163.2	20.736014447911632	NaN	NaN	68.5	14.871682382972008
400	119.5	38.59379032461051	210.6	25.274142983215075	NaN	NaN	96.8	16.658520462033835
500	164.7	36.14680246555702	241.6	19.26873517426611	NaN	NaN	96.2	15.377607717197106
600	208.4	31.668323141208475	305.5	23.59483948705733	NaN	NaN	97.8	21.674634610622622
700	258.0	46.47185276616373	388.0	45.20945268679991	NaN	NaN	106.2	19.56283477985744
800	337.5	55.71526868947146	413.5	39.069461492321594	NaN	NaN	85.0	23.39612307883509
900	416.1	41.86405322799024	467.9	49.78707733092996	NaN	NaN	102.3	24.297397007992437
1000	487.1	53.10013081373717	594.4	56.753395181046216	NaN	NaN	103.7	14.24180061663552
2000	1098.3	133.28922091993786	1251.4	136.84041866530515	NaN	NaN	105.0	13.297789915621317
3000	1784.5	217.82936681893926	2048.7	174.10702310936222	NaN	NaN	144.6	12.720406827456422
4000	2606.1	258.66411615381827	2923.7	197.43801920583581	NaN	NaN	156.3	16.557623687111626
5000	3497.1	376.84070722122897	3831.2	311.8696436990045	NaN	NaN	182.8	21.869691688361772
6000	4545.3	350.07021423160813	4876.1	282.7196785261967	NaN	NaN	181.8	25.991945044263232
7000	5563.9	350.6620148448873	5905.5	395.1079177687281	NaN	NaN	218.1	26.957593191455352
8000	6928.7	298.71147590168675	7087.2	324.8222233690053	NaN	NaN	273.4	25.348937257723453
9000	7991.8	289.80745412425813	8153.2	345.4570656238254	NaN	NaN	277.6	30.017686036335306
10000	9036.6	305.62109605473245	9233.2	316.4884476100573	NaN	NaN	304.9	22.79002886781848
