10	2.1	0.5007150447110611	3.5	0.861343938273208	3.1	0.5007150447110611	5.0	1.6622237394526647
20	3.8	0.9489622458243532	7.6	2.4404453724679027	5.5	1.2895384057871249	9.6	2.355088553749094
30	4.5	1.5753007141495239	8.4	3.004290268266367	6.7	2.2174523408632707	16.9	3.3159716458377626
50	6.4	2.661096634096552	15.1	5.526413668555765	9.6	3.2497312528884605	21.1	6.106981096744938
100	11.4	7.658799306418729	26.7	9.808059127268756	12.4	6.439354235946334	45.3	12.202436520793704
150	15.9	8.95392064047923	51.8	14.676179537740737	17.2	10.150307561054492	47.2	15.102301908781987
200	29.1	17.234154100390306	68.5	20.943359494121278	NaN	NaN	50.6	5.652284948231114
300	29.1	23.53882456954892	114.8	26.47950957219563	NaN	NaN	61.9	13.66012042538425
400	60.1	49.239381015159	162.2	35.64756986477479	NaN	NaN	81.6	12.643750437904094
500	54.1	46.99459472190392	188.6	42.68316681334692	NaN	NaN	78.5	19.189040764457197
600	87.6	58.686760652262954	249.6	50.7819755678725	NaN	NaN	90.7	17.518602220611097
700	79.3	52.05063030016063	263.5	35.752840268991214	NaN	NaN	92.5	19.332492363376225
800	105.4	65.93037395871495	320.6	51.99963610272672	NaN	NaN	103.3	22.176946091019836
900	145.5	93.02858294535072	384.6	50.695250417529245	NaN	NaN	89.7	20.191565332187597
1000	140.6	102.23599413560764	381.2	74.29614669351298	NaN	NaN	102.8	22.016593423688413
2000	473.8	195.73236442158458	805.0	105.6695424481435	NaN	NaN	115.5	15.00185276357557
3000	857.5	253.1690890395982	1302.8	186.18576825456879	NaN	NaN	125.8	20.066375263709187
4000	1298.7	312.14977943801915	1884.8	250.35911646365903	NaN	NaN	156.5	26.53635488344245
5000	1826.3	213.39426746715571	2552.6	280.4553815227228	NaN	NaN	156.7	16.03325641296864
6000	2586.8	499.79050474284116	3155.0	394.82119805917205	NaN	NaN	190.8	26.763962588226725
7000	3290.5	538.5788511655652	3913.6	552.8920493781909	NaN	NaN	228.6	17.59190426576952
8000	4096.6	676.4479288054744	4712.5	500.65906879330566	NaN	NaN	268.6	27.259117892110886
9000	4822.5	559.6657249323921	5595.5	516.1524416704234	NaN	NaN	306.0	29.81724436362287
10000	5939.7	640.6539132408417	6478.8	647.143913110387	NaN	NaN	317.1	16.278386778670665
