10	4.4	1.205457131548028	4.9	0.9298993687491137	4.3	0.962347423750903	5.7	1.467687679310554
20	6.6	1.6987604940073215	9.7	1.7825363738224251	8.4	1.3266972284587015	12.2	3.0816377567780417
30	11.8	2.164912447190417	15.6	2.7369265273295156	12.2	1.527478204099816	17.5	3.2662214774874037
50	17.7	3.648066754323445	25.3	3.2630869072091837	18.8	2.117115996822092	26.3	5.198172463856888
100	42.6	7.175925390916492	61.5	7.03223750025552	41.3	7.637725986443871	48.0	10.311346290373532
150	72.7	13.511734698549999	90.2	4.9433886903621085	66.8	9.13131045491281	57.2	19.747661611036378
200	101.9	16.35052085885951	122.1	14.8861255871365	NaN	NaN	68.1	18.8641849427957
300	180.0	16.799823899077037	211.8	16.39536547881748	NaN	NaN	84.2	8.480539373412517
400	265.0	27.646415332190898	298.0	26.037575347946667	NaN	NaN	106.4	16.427789599821395
500	354.6	20.74933475405898	378.0	22.824913846058653	NaN	NaN	94.7	12.130943824946186
600	445.3	36.14397131921173	471.9	40.37711184663905	NaN	NaN	120.4	22.308412359825155
700	558.3	39.259940845650796	578.8	42.8334651755377	NaN	NaN	120.1	19.388520264218204
800	619.2	35.24483456825978	654.9	34.40092257652402	NaN	NaN	113.3	18.620121215609743
900	723.1	34.760471285009935	755.1	35.39209658943646	NaN	NaN	110.0	16.939344601253023
1000	851.2	42.48322654865094	873.5	40.74395123917168	NaN	NaN	104.1	18.20720319313211
2000	1857.8	60.166478735455335	1908.7	64.41741535209248	NaN	NaN	120.6	9.167102107863748
3000	2909.9	52.962159043943814	2970.9	34.65432724200543	NaN	NaN	148.1	11.10201951520533
4000	3930.3	46.498324757823255	3982.3	25.409117587275635	NaN	NaN	175.0	17.09569259433498
5000	4916.4	55.4436457035069	4974.7	43.38212895564254	NaN	NaN	184.8	15.186765453644169
6000	5931.8	28.87184050080631	5995.7	1.281578216107	NaN	NaN	209.1	17.54311887766825
7000	6926.2	28.266493600445028	6995.6	1.8152461915674138	NaN	NaN	231.6	14.86118506768555
8000	7928.9	31.12276914087176	7995.3	1.8938763011347912	NaN	NaN	270.0	20.607800756024403
9000	8940.5	16.71815415947586	8994.8	2.0433260885135294	NaN	NaN	301.2	24.514904398426687
10000	9939.3	23.249244908254546	9995.3	1.8110131981849273	NaN	NaN	320.3	20.969728229140213
