0.5	62.4	7.211488723973713	63.4	7.889160767534148	507.4	67.76885559086857	11.5	0.4798426617131911
1.0	66.5	4.112238857362252	68.2	4.721027564418577	589.3	169.3004020715958	12.9	1.1287357334646584
2.8	68.7	8.061420187783293	71.9	14.131436539715278	578.5	86.66692934643524	12.4	1.3647191711117712
3.9	79.5	2.0793182007571613	79.6	2.355088553749094	494.9	65.02646116309883	15.4	1.786836829707738
4.0	65.3	8.11834289519727	65.6	3.719597474996455	743.0	192.94130736511556	12.5	0.9188287435643271
5.0	66.5	10.484803114031278	68.2	9.520843718074572	802.3	167.40268707187468	12.6	0.6555898839976101
10.0	64.5	2.0545635302905576	69.9	3.5829680149284053	864.4	183.92778094332564	13.6	1.2875529721141572
20.0	67.9	7.241580238870518	83.2	10.394376109416092	1512.0	132.72062123181914	13.4	1.247180731089123
30.0	81.8	9.24269918497838	93.6	7.282094370165769	1932.2	205.47323711195088	13.2	0.893418414853869
50.0	91.6	13.135969787419578	98.7	11.84929651937194	1864.2	275.4263067974154	17.0	2.559160862470353
