10	52.5	0.576699106987344	52.6	0.4744811229121766	80.9	9.715810061749869	2.6	0.3504275331648471
20	63.5	5.661781933278602	70.0	9.402957424129921	220.4	74.58167664953638	5.1	0.5007150447110611
30	64.5	6.01241131826491	67.3	5.048366445098849	459.8	110.67159500352382	7.5	0.6594806593070035
50	81.8	9.24269918497838	93.6	7.282094370165769	1932.2	205.47323711195088	13.2	0.893418414853869
100	137.4	32.197089014008704	198.3	25.778961176975304	8575.5	2025.14186284707	35.5	12.623702997932105
150	193.5	38.694417562485675	300.4	28.701918935430083	158869.9	90757.56888414058	43.0	2.145921620190262
200	239.2	58.08699727808281	364.5	38.480934978505914	NaN	NaN	48.2	4.229395633420927
300	398.7	84.65264144965589	518.3	45.732751044344575	NaN	NaN	72.1	4.89815717550999
400	637.3	107.32662028110266	660.9	58.38453804386911	NaN	NaN	102.5	9.25625214544202
500	808.8	101.12420200834218	871.6	111.89526651050078	NaN	NaN	124.6	4.07411255809164
600	1037.2	117.7695479494763	978.5	136.18451731801233	NaN	NaN	161.4	11.754567392124645
700	1259.0	114.2137537476113	1112.2	123.15122416697285	NaN	NaN	200.7	16.769492266732463
800	1312.0	124.43015073172579	1261.8	150.67086745082472	NaN	NaN	266.6	25.413446681943796
900	1415.6	107.71643049978957	1401.3	186.128666907395	NaN	NaN	348.8	46.64636707037323
1000	1693.8	263.82189989472823	1482.1	162.3008092727698	NaN	NaN	421.4	45.15418881671998
2000	3126.7	523.8850649542169	2442.0	267.81315799907964	NaN	NaN	1779.2	202.50214370634205
3000	4021.1	541.5200079251329	3216.5	506.90226404956996	NaN	NaN	4156.5	566.3836836918415
4000	4686.1	647.3468135105601	3644.4	277.0932827212093	NaN	NaN	8310.2	1242.4493229301163
5000	5332.8	721.7722505809046	4041.0	451.32925928497025	NaN	NaN	13093.6	1945.499168451412
6000	6294.8	991.1627563110228	5041.3	696.2353728266354	NaN	NaN	17950.0	1210.6377419431462
7000	6520.3	771.4590744905681	5654.8	640.125441846568	NaN	NaN	18049.2	2148.848992485154
8000	7867.4	771.3714651380981	6390.8	821.5331638635071	NaN	NaN	21865.8	2680.3111551719035
9000	9865.1	1547.8666325893184	7401.4	1244.6175284376548	NaN	NaN	21252.9	2401.9937707894987
10000	10404.6	1236.253763599503	8328.9	1124.4781473560595	NaN	NaN	23825.8	1157.006600932451
