10	51.3	0.5586727879537358	51.8	0.4291843240380524	89.6	5.606840530637553	2.5	0.3576536033650437
20	59.6	6.439354235946334	60.8	5.096281482021966	222.3	55.79033961828876	5.2	0.5352868987748532
30	59.7	3.416294039452693	64.2	4.97434321131946	363.7	85.40483478354138	7.9	0.7468026486294754
50	67.1	6.9237155946789155	87.4	11.697842841139556	1137.7	193.78622781365033	13.4	1.247180731089123
100	95.0	9.171566243559493	151.1	12.924910442861876	4031.2	2346.0340780633137	28.6	1.573675854806192
150	150.0	50.469473110782516	292.7	30.43554412860069	24149.5	26663.59965623842	44.2	4.994872985772511
200	154.0	93.69814534429162	372.9	49.109317168496645	NaN	NaN	44.8	2.614543245769708
300	177.2	40.83370519734892	581.4	66.74410384997313	NaN	NaN	69.9	2.9397298712636846
400	247.0	70.97923885306182	829.8	86.95135061391512	NaN	NaN	97.5	4.7690127468900725
500	324.9	141.90095905819663	1160.1	76.92559501671728	NaN	NaN	125.8	8.800313834403863
600	525.6	210.97178158534854	1493.8	150.93110884553917	NaN	NaN	162.8	18.334204215727496
700	622.8	284.1221115195085	1863.6	131.12156688545176	NaN	NaN	216.6	14.771396912140705
800	865.4	264.9537289404623	2197.3	158.97533296157616	NaN	NaN	265.2	27.233953948407855
900	991.8	368.8938230560983	2379.2	184.4033122266083	NaN	NaN	292.7	46.01494036423387
1000	1188.9	417.4560620050403	2597.4	184.839368408183	NaN	NaN	378.1	35.94011214723738
2000	3589.4	956.5334567535922	5069.9	691.0175984548265	NaN	NaN	1858.6	308.0729735325966
3000	5570.8	1242.4442163624024	7027.8	876.3955339896614	NaN	NaN	4559.3	566.133100612854
4000	8872.1	1611.1333607871557	9402.1	1527.3442574818148	NaN	NaN	9250.0	1687.4879308507066
5000	11096.7	2196.0517243156737	11228.8	1692.132905366403	NaN	NaN	13388.5	1386.1873837838014
6000	14604.7	3010.332762134925	14507.6	2202.738763731554	NaN	NaN	17875.3	1987.7744556351668
7000	17021.9	3777.688049062309	15677.1	2435.268284988682	NaN	NaN	18215.7	2376.280600911164
8000	19818.6	3325.1973373587102	17976.0	2800.054542126235	NaN	NaN	21945.1	1687.2017802942346
9000	22947.7	4984.571152086719	20071.5	1692.8248913469638	NaN	NaN	21582.5	2119.207796636946
10000	23086.1	4923.013811402787	22212.8	3777.407715381984	NaN	NaN	23572.7	3031.3836506940133
