10	61.4	11.333500384964921	57.8	5.175977973678019	95.7	13.409100894690889	7.6	3.705816036448652
20	58.3	4.410029914184255	59.7	2.098911738020444	208.2	41.005012921641665	7.0	0.78357978534416
30	72.0	12.385353734149056	69.3	2.307905198226305	524.5	117.35671506522326	9.5	0.732971772989929
50	84.4	8.543056245630131	91.2	4.8808907449358045	1301.3	203.32349096708919	16.3	1.2410116212187539
100	199.5	23.735376289833702	227.0	26.726082810617797	7050.4	1149.7278593568549	38.5	3.8153443068745445
150	321.7	39.80098113167563	311.2	37.95147980545686	49833.3	33436.76233510479	51.5	2.503575223555306
200	419.6	45.95836278389384	402.7	45.11320686987348	NaN	NaN	59.5	2.1037816093881987
300	587.6	85.85426885190975	524.5	74.56730260657146	NaN	NaN	82.2	4.933027352853418
400	797.9	155.9630382267414	674.4	96.88872421750632	NaN	NaN	115.9	8.827308280330987
500	764.4	125.32059777201829	685.4	83.4197876545847	NaN	NaN	130.6	3.9980490062029004
600	785.8	121.38230072817042	712.5	63.56199875412982	NaN	NaN	161.9	9.76833117558982
700	920.4	135.27902299593975	787.6	91.41290270862207	NaN	NaN	201.7	18.73244677462077
800	1065.2	105.81654374503071	873.4	100.19419142133938	NaN	NaN	282.2	34.98693247462544
900	1239.3	140.80220508814483	968.7	109.74829121915292	NaN	NaN	340.9	32.943682887558275
1000	1192.6	165.80327303698198	987.9	133.16763053999273	NaN	NaN	409.3	41.468142376576246
2000	1857.8	187.4497440428874	1549.3	153.7774247364157	NaN	NaN	1895.1	337.72234964295143
3000	2657.2	277.82973908274107	2085.9	203.04835156768945	NaN	NaN	4083.7	557.8081955830372
4000	3336.5	194.07729316810867	2792.6	120.03622218453893	NaN	NaN	7664.7	905.3550970008199
5000	4483.1	548.5061715682295	3464.1	260.8250691157504	NaN	NaN	13352.1	2441.283103397317
6000	5199.5	183.5145000414408	4162.7	186.88639345678433	NaN	NaN	18265.8	3907.1043595041965
7000	6145.9	355.3367225153572	4826.3	397.4249737353756	NaN	NaN	18692.5	1985.7362559396702
8000	7650.3	813.6536972131595	5778.9	399.282080064653	NaN	NaN	21146.3	1636.4675352201532
9000	8443.6	236.6897828164452	6444.4	488.29703413034974	NaN	NaN	21299.9	2585.733853036038
10000	10299.3	876.0660908123792	7583.5	961.5828380504823	NaN	NaN	26548.8	2803.424678512048
