10	60.0	9.271441053040244	58.0	8.390770014724513	91.4	18.77378239183569	6.9	4.052074850740051
20	66.9	5.347609121467275	69.6	4.457919390926669	229.8	43.01584207689069	9.1	1.6760183638612078
30	66.9	4.483669733153858	70.3	4.51324271051314	468.5	63.20276539851718	10.8	1.7753457984291396
50	94.6	7.973028599973788	96.6	4.81120540571695	1549.3	443.48424380255494	16.2	1.387032135172073
100	210.4	29.629955182146322	204.0	20.520716391003504	19496.7	12682.011286458406	40.3	4.820236550626951
150	311.1	28.657763551889392	300.0	31.47839381289966	537904.5	262531.53370376345	55.0	3.3090207252297463
200	379.4	38.57781150371285	342.6	27.753919621127388	NaN	NaN	60.8	5.22517103873165
300	571.7	63.14104678071151	502.7	63.30129302631977	NaN	NaN	88.9	6.67539156873962
400	653.3	75.7591382232137	558.0	68.5718127448881	NaN	NaN	125.2	15.260706677739405
500	793.3	92.25413855477703	647.9	36.19829064080236	NaN	NaN	138.5	8.318810618111222
600	856.1	85.80851607827744	705.3	75.53525561646032	NaN	NaN	163.7	8.39717041413356
700	861.4	111.54398840141945	714.1	69.1361714939148	NaN	NaN	212.0	18.47099948351469
800	911.0	111.6195583539014	780.4	79.30186173158862	NaN	NaN	254.5	23.072954405103822
900	902.4	125.86935534631135	813.4	76.83558190484405	NaN	NaN	319.5	21.22245480852769
1000	1036.2	138.362973338043	898.3	103.70131537296909	NaN	NaN	373.0	52.96655459060934
2000	1798.5	257.7469843672667	1407.9	188.0611754402168	NaN	NaN	1788.2	335.5377635686093
3000	2640.2	326.9398115050291	2045.2	193.83236252242295	NaN	NaN	4120.5	585.2700434822373
4000	3347.5	309.25953646233773	2607.6	343.9374086910815	NaN	NaN	7835.6	1172.745988734106
5000	4729.7	591.102371509034	3565.5	544.5732232611699	NaN	NaN	13717.6	1735.564520512843
6000	5705.3	700.8119952722299	4308.7	600.9647484297927	NaN	NaN	16253.0	1815.6999464030393
7000	6532.7	585.1929132610578	5040.8	637.2843523185423	NaN	NaN	18013.6	1281.5210508541854
8000	7728.6	834.2476922345879	6096.4	719.1797834042444	NaN	NaN	19517.8	1436.5192058819625
9000	9077.1	972.847015228086	7120.0	726.1406150479671	NaN	NaN	20348.7	2208.906597999943
10000	10427.3	1398.2220703622452	7898.7	888.9092496160471	NaN	NaN	22876.3	2478.7497616853548
