0.5	47.2	0.5352868987748531	47.2	1.2306610516303833	65.4	3.907437228670475	2.6	0.3504275331648471
1.0	58.4	10.162398461780564	63.8	18.52024155306836	71.5	4.469954677622582	2.3	0.32779494199880516
2.8	53.2	0.5352868987748532	65.2	17.31516306085507	72.2	4.119076535341387	2.3	0.32779494199880516
3.9	64.0	10.336127259278495	59.8	6.701019903268456	81.2	13.071933408031116	7.8	4.933027352853418
4.0	54.5	6.15538372646255	62.0	15.661797896793331	69.8	3.6585708554024206	2.7	0.32779494199880516
5.0	65.1	19.888756396416543	50.9	1.0824562235952087	72.6	5.039744122076041	2.9	0.3852047195972552
10.0	51.7	0.8493802470036608	51.9	0.8124328132221149	71.0	4.966107538102654	2.8	0.5352868987748532
20.0	54.8	11.74411578893873	49.2	0.5352868987748531	86.1	14.899868003307947	2.7	0.32779494199880516
30.0	52.5	0.576699106987344	52.6	0.4744811229121766	80.9	9.715810061749869	2.6	0.3504275331648471
50.0	71.1	9.593920414304051	66.4	3.907437228670475	108.7	26.570654033425672	7.3	3.812661223345185
