0.5	66.9	5.347609121467275	69.6	4.457919390926669	229.8	43.01584207689069	9.1	1.6760183638612078
1.0	65.1	5.102803280158858	65.9	1.8501445446234737	231.4	40.664695676913645	8.8	1.527478204099816
2.8	75.4	6.704073455444831	75.0	6.227693113826339	216.0	39.14894051899744	8.7	1.281578216107
3.9	59.2	2.211676211383574	61.0	1.6622237394526647	195.7	45.46569357926919	7.9	1.5817834605280205
4.0	60.8	3.7823453866615617	63.6	4.341626019822527	224.4	38.32498262512326	7.5	1.700265820393976
5.0	63.6	5.316421865879343	66.6	4.5824346122994495	203.7	51.294110717742235	8.5	1.249230331043879
10.0	58.3	4.410029914184255	59.7	2.098911738020444	208.2	41.005012921641665	7.0	0.78357978534416
20.0	59.1	2.5879889868390085	59.8	1.8039361363418607	194.9	49.65947837055883	7.0	0.78357978534416
30.0	61.2	2.1649124471904173	62.1	0.8731437201285938	206.7	46.45649099796496	7.3	1.199073377237607
50.0	74.4	2.028245985081691	79.8	13.728681596715685	228.5	65.16778424359691	8.8	1.6560559120995884
