0.5	227.2	59.5484549857005	320.7	25.11339594885566	204271.7	182631.01806431677	45.9	2.10864023389482
1.0	252.7	58.987521582144815	328.5	35.04311834326391	161161.5	118103.26160935471	48.7	4.328051950242742
2.8	182.4	42.42947668232546	336.6	31.856798921674475	15535.0	3909.1010838877114	44.7	1.724172312734432
3.9	195.6	30.514706973785607	340.8	42.05836060884922	9017.7	2784.786170142405	55.6	5.009193765068386
4.0	154.0	16.2076680296704	302.6	27.433127165819066	10016.9	3104.0264888063366	46.0	2.807068178723132
5.0	164.4	24.698719891038888	278.8	24.193462071890412	7179.2	3212.4223157796637	45.2	3.064989132770293
10.0	191.6	44.16198018223367	253.1	29.970347638224013	7989.4	1821.1847687151615	39.7	2.2856275995883495
20.0	269.7	45.017835045279554	323.0	42.703301062095896	53004.0	28456.225073518966	47.0	1.1969378931256207
30.0	245.7	26.68402697652661	286.8	26.090186875221878	91687.4	44165.29043076932	49.7	17.289287409375785
50.0	245.6	18.119170665789316	246.1	32.11633770086496	1117874.3	1018480.2962780305	45.4	2.5830415745783113
