10	62.8	17.616899797183383	53.1	0.5007150447110611	87.4	9.333045990243486	2.4	0.3504275331648471
20	60.2	5.89683920621887	59.9	5.40471281346197	172.4	42.236089197935925	5.6	0.6555898839976101
30	68.9	14.737585323111787	67.3	5.429271229548216	358.7	98.63308278465193	7.9	0.7468026486294754
50	74.4	5.994940154496957	94.5	20.105731999109107	1224.1	183.64889501490606	13.5	1.0241640591233419
100	130.4	18.36599137144521	188.8	21.492095145518036	6173.9	2002.514922668362	29.8	1.3496389383831513
150	182.4	42.42947668232546	336.6	31.856798921674475	15535.0	3909.1010838877114	44.7	1.724172312734432
200	227.7	63.015317123410554	425.2	53.9863157541242	NaN	NaN	54.6	5.41180840902558
300	438.9	116.21681842020973	615.5	54.74437237652835	NaN	NaN	76.3	10.316555231471403
400	757.4	180.49149883076487	851.8	41.20045323614777	NaN	NaN	97.1	5.032123920970149
500	1000.3	113.13620882389509	1143.7	96.04423764913749	NaN	NaN	124.6	6.704073455444831
600	1358.4	141.04987533413845	1283.2	114.8618565382956	NaN	NaN	161.7	10.48382705713901
700	1578.3	172.44513923959704	1567.2	143.040624391758	NaN	NaN	201.6	21.708601497470998
800	1827.3	191.47427164693428	1749.7	165.1978880639943	NaN	NaN	252.8	36.66505936152292
900	2008.2	269.00721234045744	1746.7	238.81279656032672	NaN	NaN	322.6	32.5212358525318
1000	2225.7	243.07061946060858	1962.5	248.80318865934976	NaN	NaN	409.6	42.78374330439074
2000	3926.7	594.1781927894056	3343.1	598.7204601337388	NaN	NaN	1557.8	182.35530763030724
3000	6131.9	1127.3457370931935	4698.5	772.6027974260642	NaN	NaN	4038.7	592.034072826019
4000	6890.3	1259.4753457657214	5240.9	785.5464174994346	NaN	NaN	6793.6	847.0788145715462
5000	7607.1	1479.3882744655357	5886.6	1222.1137485273682	NaN	NaN	12982.4	2135.22546951301
6000	8097.7	1279.0781393162515	6387.8	932.1075853418553	NaN	NaN	18732.6	1936.1350120279978
7000	10987.5	1400.6561632562716	7926.0	1043.1052049229934	NaN	NaN	19197.0	3000.91914369837
8000	10719.3	1715.3128578893134	9182.5	1118.6730204879439	NaN	NaN	21283.1	2026.4867644069416
9000	10676.7	2010.54088109619	8985.0	1744.1448140747484	NaN	NaN	20653.7	995.2057650747025
10000	13080.9	2680.855837934244	9911.0	1539.4007720594398	NaN	NaN	25780.9	2474.8437789827212
