10	62.7	9.818487134177037	60.6	6.573046625119892	93.6	12.28247254000594	8.0	4.133955848820836
20	59.2	2.211676211383574	61.0	1.6622237394526647	195.7	45.46569357926919	7.9	1.5817834605280205
30	65.1	2.3820911393143636	71.0	1.9458459754050421	460.0	49.50835426228586	9.6	0.6555898839976103
50	86.3	6.883693781974906	101.3	3.4756864766546482	1455.6	312.2079888880744	16.2	1.271557904304794
100	207.7	36.54939851986623	229.3	32.61526336309428	10814.8	2203.2711815057137	41.0	4.207563218776397
150	277.6	21.248838394980563	292.4	35.4076344798124	132105.4	44697.155916332944	58.4	6.399501431830452
200	368.3	32.66855861779029	367.4	32.615498680473976	NaN	NaN	62.3	3.0187320126172184
300	532.4	80.06725964497596	496.6	59.66296755422076	NaN	NaN	85.2	5.80060780815252
400	687.6	113.5317607537908	593.8	104.59190570165552	NaN	NaN	125.5	15.083486846879934
500	750.3	96.49494218788878	608.3	92.09204569084129	NaN	NaN	135.6	6.212886795685239
600	784.7	122.45217443722262	665.1	83.06281449768001	NaN	NaN	175.6	11.146864262921657
700	924.0	163.7325539999911	806.3	125.66628489075342	NaN	NaN	209.9	21.526944289331915
800	947.6	106.68115758134611	761.2	83.62843745559282	NaN	NaN	268.3	27.365619534079613
900	1088.1	141.69455802632646	888.9	116.66765798024748	NaN	NaN	335.0	36.48207007942394
1000	1192.3	273.0591080294594	1084.5	206.88045980386838	NaN	NaN	401.2	49.23766641001581
2000	2200.0	355.9432198261964	1705.8	222.5745472292463	NaN	NaN	1594.4	182.10665068145093
3000	2783.6	526.3621216495122	2345.5	373.5352109332934	NaN	NaN	3846.9	548.8492533601152
4000	3708.4	542.8204495838527	3061.2	474.85062140220896	NaN	NaN	7074.2	635.422236424052
5000	5010.9	849.6105393943956	3953.5	637.7470019374297	NaN	NaN	14082.1	1465.9451323393369
6000	6103.8	671.2902456555613	4616.4	606.6568621721641	NaN	NaN	18622.3	1867.3556828687147
7000	6885.0	1187.3381286428225	5565.3	691.9939776657048	NaN	NaN	19243.2	1476.6043822109375
8000	8167.6	1288.2791300208257	6529.2	835.7882652529551	NaN	NaN	19896.7	1328.889560244042
9000	9290.4	1289.8360841848144	7159.6	997.5007189281499	NaN	NaN	21660.4	1926.2338604675645
10000	10613.2	1594.1598316162354	8002.8	756.0313159914898	NaN	NaN	24783.8	1914.640281587323
