10	50.1	2.9047109935413538	49.0	0.6397902156175882	86.4	11.675952326726929	2.7	0.32779494199880516
20	52.5	3.2662214774874037	62.6	19.398414015996256	148.2	43.25426659260332	9.0	8.35410223542901
30	56.3	4.109749608431151	58.6	4.317991516434463	251.8	34.925455802666335	7.5	0.6594806593070035
50	71.6	20.965213716439905	71.8	4.301370096143785	860.6	97.43429449724569	13.4	1.3266972284587015
100	96.1	16.193297636861985	138.0	18.81951374717211	2741.8	536.7316384118081	25.2	0.893418414853869
150	191.6	44.16198018223367	253.1	29.970347638224013	7989.4	1821.1847687151615	39.7	2.2856275995883495
200	272.5	43.75113831227709	371.2	45.75931516078448	NaN	NaN	48.4	3.719597474996455
300	486.2	71.20508693839226	618.4	50.193163272461724	NaN	NaN	71.0	2.559160862470353
400	684.1	85.89493407155045	851.0	72.22265267462834	NaN	NaN	100.5	4.50416401344356
500	924.7	161.02868040421868	1020.3	76.31094276657836	NaN	NaN	127.6	3.907437228670475
600	1217.1	173.7494162495978	1168.3	92.78505076403204	NaN	NaN	157.4	11.658410321137266
700	1354.8	176.16429278870334	1304.7	111.87919228669824	NaN	NaN	198.4	18.38548256685149
800	1562.2	218.48690668885402	1544.9	156.7480968689445	NaN	NaN	252.1	23.926892412429993
900	1580.4	341.13362915364416	1642.6	175.02566123816246	NaN	NaN	309.4	41.05539347096798
1000	1856.3	378.4457891365737	1779.1	214.66807845051395	NaN	NaN	371.5	33.986126578061224
2000	3549.4	483.52822262103376	3158.2	309.13369576010956	NaN	NaN	1876.3	260.37792490594126
3000	4832.5	682.5928414310392	4120.2	576.1191706829273	NaN	NaN	4552.0	657.8487920410282
4000	6006.5	490.21910882651235	4760.7	397.76239963063875	NaN	NaN	7868.7	876.3284057750518
5000	7379.9	914.4346691093224	6104.0	465.0802921308965	NaN	NaN	12403.1	1589.4787167313805
6000	8423.4	1662.6322022976265	7177.3	936.2615041681058	NaN	NaN	20322.4	2294.827131571286
7000	9854.5	1327.5564976601863	8360.2	1196.4473815149847	NaN	NaN	18298.5	2377.4412278663162
8000	10609.6	1054.2747984072537	8712.1	1128.0003401603904	NaN	NaN	19555.1	1506.8155891795236
9000	11695.8	1678.2295486643247	9203.8	1397.5327544171205	NaN	NaN	23590.9	2519.5788057921177
10000	13663.0	1630.2745115478676	10143.2	1452.687776017429	NaN	NaN	22977.6	2281.8113824363695
