0.5	64.8	7.742519041242327	77.8	7.649440553661425	1216.1	171.8430695886104	13.0	1.5341630421829355
1.0	67.1	6.9237155946789155	87.4	11.697842841139556	1137.7	193.78622781365033	13.4	1.247180731089123
2.8	67.8	4.395503127515666	81.9	15.30306110671979	876.2	216.08974912305302	12.7	1.1556141587917657
3.9	74.1	3.237901103492816	86.3	7.972065925718376	626.9	126.45265865119643	15.2	1.3111797679952202
4.0	64.0	2.0483281182466837	71.7	8.60779424498518	760.3	147.33802275150836	12.5	1.1644357689456297
5.0	62.0	1.1081491596351098	66.3	2.307905198226305	808.7	191.69220206571785	12.3	0.8493802470036608
10.0	67.4	2.0282459850816914	72.4	3.37333903662232	692.4	147.48385710936637	15.2	1.188357582548283
20.0	69.7	8.016867548113789	82.0	7.217162594815222	1578.4	201.41943404174282	13.1	1.0341076326959395
30.0	94.5	15.554437037064375	100.0	11.49398747519763	1847.0	276.1226652074762	14.2	1.0988757818789163
50.0	93.0	6.875884711075369	97.6	8.791006255031332	1939.3	262.36938877575636	13.1	0.5941787912741415
