10	62.6	9.3549494373834	58.2	5.888155886523385	90.1	14.347037027762909	7.7	4.1715352382546165
20	59.1	2.5879889868390085	59.8	1.8039361363418607	194.9	49.65947837055883	7.0	0.78357978534416
30	65.5	2.356174598793561	68.7	1.8938763011347914	450.3	81.21370716377871	10.7	0.7188748458528785
50	104.0	6.469478179884371	106.0	6.1699133997164015	1370.3	222.71639823884544	15.9	1.5817834605280203
100	200.1	19.301236566500087	208.2	22.90279188885058	5807.8	783.8058024561849	38.0	3.48964363796649
150	317.3	32.87620712922949	302.2	28.28820699556619	53176.7	20979.37562550347	60.1	4.738876503560733
200	395.5	38.21407830656131	362.7	32.79205726519762	NaN	NaN	61.4	5.080192155420895
300	555.8	90.66631008166154	487.5	74.00872011013296	NaN	NaN	86.8	7.335300150914072
400	752.9	132.04867463036499	656.3	130.8308613815716	NaN	NaN	128.0	14.970270779114182
500	732.3	93.44335415386158	635.6	78.76321678255655	NaN	NaN	139.7	9.760995232249629
600	762.4	136.09392130589816	612.8	76.375116099316	NaN	NaN	176.3	12.574156681225185
700	802.4	155.10994343321772	675.2	128.15734251514425	NaN	NaN	204.2	16.102516925747974
800	844.8	102.65134446223291	732.6	74.74409263892365	NaN	NaN	246.3	22.390486724589085
900	857.0	122.09520859198365	717.2	73.7306524972077	NaN	NaN	322.0	40.54725699822368
1000	1130.8	186.7425332217168	939.3	145.23063501315414	NaN	NaN	389.8	69.62022978002874
2000	1905.0	256.5040178997592	1526.9	169.07188831226793	NaN	NaN	1699.9	288.4177644939992
3000	2784.3	434.4289869683237	2295.1	361.33698766015635	NaN	NaN	4093.0	438.6316051244825
4000	3739.8	598.7066454222	2781.7	438.47713896804703	NaN	NaN	9181.7	1970.8123351209883
5000	4811.5	759.7501570724022	3474.5	424.2083238950646	NaN	NaN	12907.8	1659.8236579592133
6000	5296.7	638.7240005058242	4151.0	586.0344792881046	NaN	NaN	16758.5	1461.9605852796785
7000	6681.7	1027.07763580676	4986.7	506.7617166509759	NaN	NaN	18552.3	1961.2374352390082
8000	8781.6	2019.982393734147	5795.6	759.2409789703503	NaN	NaN	21052.5	2532.17082631965
9000	9444.0	1340.865253075789	6474.2	694.2398829536547	NaN	NaN	21415.1	851.732390870393
10000	11570.8	2602.6076737995954	7378.7	805.6737256692463	NaN	NaN	24656.2	3213.638530383189
