0.5	56.0	2.169634181146674	57.3	0.9076230957837069	218.5	45.764290722134	7.7	1.1556141587917657
1.0	58.6	4.937174497220044	64.6	5.287470360767992	255.7	37.26887839584121	5.4	0.4744811229121766
2.8	59.2	4.168467706963795	60.9	4.845645397261339	175.4	26.6612949996057	5.0	0.0
3.9	66.2	6.670407500595447	68.3	5.9508228946927995	210.7	51.867467635927625	5.9	0.5941787912741415
4.0	55.6	2.900303904076261	58.7	3.662065526994294	219.2	42.57946885981552	5.0	0.45239999999999997
5.0	68.7	15.018215079163035	68.7	6.718178080700152	214.2	65.31643974241094	6.3	1.8938763011347919
10.0	56.0	4.996921324175516	62.5	15.181542378164348	157.5	29.726587460049966	5.5	0.3576536033650437
20.0	58.3	7.023500893713902	58.2	5.0761618555755295	176.9	45.62454560733729	5.2	0.4291843240380524
30.0	58.4	6.1216256546770325	57.1	0.8731437201285938	162.5	30.755298617636605	5.2	0.6235903655445615
50.0	66.3	5.1188215366429795	63.3	3.0691597553727963	248.5	77.31094427944856	6.0	0.5540745798175549
