10	58.0	16.802869276406334	47.0	0.5540745798175549	94.1	14.920457894984322	2.7	0.32779494199880516
20	54.7	8.342150504755953	52.8	2.2574714669293168	215.4	48.14947417133441	5.1	0.38520471959725516
30	56.8	3.515936845849197	63.8	4.336909423079988	407.8	61.00257957352296	7.9	0.38520471959725516
50	68.5	5.652737547418949	83.7	4.072228284858303	1301.1	200.6857949628623	13.0	0.9047999999999999
100	141.3	20.028729521464907	200.0	22.22292687473907	10960.5	3521.719230571083	31.4	2.1506850480718924
150	227.2	59.5484549857005	320.7	25.11339594885566	204271.7	182631.01806431677	45.9	2.10864023389482
200	289.1	63.44291044676307	341.2	34.134172102220376	NaN	NaN	50.5	3.9601153846826227
300	390.9	78.18831307168611	510.2	38.02017617402633	NaN	NaN	71.3	2.5198720610380203
400	593.7	90.07365231677906	661.4	55.21800998022293	NaN	NaN	98.6	4.571255199176699
500	769.1	139.5928749131416	847.9	97.16465694868685	NaN	NaN	127.8	6.126638587675954
600	1073.0	143.2840862909765	1042.6	117.30959680783154	NaN	NaN	161.4	9.150342202125557
700	1322.3	181.25270640827407	1180.4	99.43809630406247	NaN	NaN	198.1	15.541931881075788
800	1517.5	171.473699618163	1332.9	106.54641911784739	NaN	NaN	279.2	36.64830942109062
900	1585.1	144.80703191004224	1376.0	112.74521433284873	NaN	NaN	340.6	44.08312441032282
1000	1702.9	151.06890243526627	1554.0	145.82831729701883	NaN	NaN	381.1	55.57200466454309
2000	3228.4	442.6284004414718	2398.1	311.24239681591575	NaN	NaN	1649.6	112.09080756286842
3000	4047.1	766.5675009692726	3253.2	495.0483820095002	NaN	NaN	4561.0	980.9889522904527
4000	5646.2	978.3199319320771	4363.8	675.0768220439983	NaN	NaN	7974.6	1007.212553873042
5000	6449.6	920.3720375799862	4453.7	483.065450744145	NaN	NaN	13583.4	1063.9676756998288
6000	6907.8	1324.7728468698867	4939.5	416.7312810230832	NaN	NaN	16306.2	1514.072764265966
7000	7641.1	1064.5256764975638	5758.1	636.5187173580648	NaN	NaN	18708.8	1189.3286164773738
8000	8792.3	1884.6862931572255	6676.8	773.8567339093096	NaN	NaN	19381.5	1420.7802695953303
9000	10609.8	1815.8280707453514	7594.6	840.2965697460011	NaN	NaN	21053.5	1292.592077437031
10000	12181.0	2053.2004916236697	8653.6	1272.096520341132	NaN	NaN	21324.7	2330.5005202372827
