0.5	111.6	17.12320553447864	170.7	27.365619534079613	5934.2	3318.565449402157	29.6	1.9510979309096712
1.0	95.0	9.171566243559493	151.1	12.924910442861876	4031.2	2346.0340780633137	28.6	1.573675854806192
2.8	86.3	9.205256176989318	140.2	33.26416938485012	1370.4	296.4399458703499	25.2	3.048249580332949
3.9	125.8	16.457662859106087	188.5	34.41400882576745	1580.4	482.1281158162175	39.2	6.0255875915963575
4.0	75.3	1.063380611070185	101.9	9.60458092141453	1576.3	307.5661371480352	23.8	0.6235903655445615
5.0	95.6	16.833900655997706	114.5	12.688388528887344	2871.2	1254.700786981878	26.5	1.6699014881123975
10.0	118.6	18.460470117957453	168.5	33.54363723301336	3035.1	703.0166778059508	37.6	4.246298794950728
20.0	126.8	21.558651961196457	166.0	12.622689656329193	6631.4	1540.743535816995	29.6	1.117345575907472
30.0	195.1	90.63337498005907	197.6	16.970126425457178	7631.6	2516.5564449148396	31.7	4.109749608431152
50.0	197.5	24.152080639563952	191.2	20.367548427437214	33193.3	18148.933588382642	34.4	2.6417990869859875
