10	60.0	10.276552542560173	55.5	0.732971772989929	109.8	34.59129802803012	2.8	0.5352868987748532
20	60.6	1.2875529721141576	61.5	1.0241640591233419	232.2	80.22405513550159	5.3	1.0141229925408457
30	75.2	6.444120010055679	76.5	5.634605223083512	715.6	82.86407171806125	8.4	0.8583686480761048
50	93.0	6.875884711075369	97.6	8.791006255031332	1939.3	262.36938877575636	13.1	0.5941787912741415
100	197.5	24.152080639563952	191.2	20.367548427437214	33193.3	18148.933588382642	34.4	2.6417990869859875
150	265.4	28.444054138888145	256.1	16.384907507703545	2474057.0	3191894.3546097325	45.3	3.703744397768291
200	312.2	27.342705694645506	289.1	43.048718607131626	NaN	NaN	50.5	5.679827499141149
300	411.1	49.43021234706562	346.1	36.443410466585036	NaN	NaN	72.1	3.0591407087612037
400	520.5	66.18756562331023	452.0	64.03657679295482	NaN	NaN	99.5	4.062164066110575
500	604.8	33.30721071335755	501.3	62.83561590120685	NaN	NaN	127.9	17.9382447445674
600	658.0	94.7213681641054	532.2	69.48781530760628	NaN	NaN	157.0	9.430125806159745
700	681.1	115.23172838708962	599.7	85.55747009352251	NaN	NaN	183.1	12.660937559122548
800	684.3	128.07317356138248	594.9	72.43872678033483	NaN	NaN	257.9	30.444620936316486
900	786.3	117.39760387266853	675.6	80.16816489165758	NaN	NaN	318.2	46.20773825479884
1000	882.1	94.33622117784876	776.2	104.97181392613925	NaN	NaN	373.7	54.17955130345765
2000	1784.8	241.050844830181	1412.7	157.7572867814479	NaN	NaN	1463.1	141.03146435500128
3000	2367.9	152.73825662313945	2024.9	153.0290897476555	NaN	NaN	4400.5	569.6804000731112
4000	3246.8	305.7504157589716	2758.2	195.39433052446532	NaN	NaN	8372.5	1502.255329978902
5000	4167.4	379.45064495675325	3588.6	426.97731536625685	NaN	NaN	13478.6	2231.0630200817222
6000	5054.9	641.3188037485537	4364.1	503.66674059679184	NaN	NaN	17244.5	2344.967086263178
7000	6636.1	978.6514937357198	5597.5	809.2389804796726	NaN	NaN	17375.7	1008.5810840525236
8000	7703.3	1136.014597069881	6245.5	1079.1484136076278	NaN	NaN	21014.5	1202.4554245110046
9000	8878.2	912.5525795546381	7413.7	947.5031217408014	NaN	NaN	21257.8	1794.9415068281594
10000	11345.6	1680.4491993464417	8723.5	1049.9612535151284	NaN	NaN	24264.0	2220.975314600322
