10	65.4	11.23829348682441	60.5	5.7157477148663585	106.3	27.12712400391903	8.6	5.865519095186714
20	63.3	1.4324015652043947	64.3	2.416214146966283	150.7	22.73743227376389	7.9	0.9833848259964152
30	63.9	2.2495245977761615	66.0	3.7030535939950964	326.9	98.32050426536675	9.9	0.5941787912741415
50	74.1	3.237901103492816	86.3	7.972065925718376	626.9	126.45265865119643	15.2	1.3111797679952202
100	125.8	16.457662859106087	188.5	34.41400882576745	1580.4	482.1281158162175	39.2	6.0255875915963575
150	144.1	15.99299587056784	247.7	34.85983457568323	3792.2	1092.8840675218134	51.1	5.797519679656121
200	150.9	5.414171541057781	335.8	44.76451708199252	NaN	NaN	59.8	2.1884192431981586
300	211.2	33.83607239122177	639.7	72.97539442746437	NaN	NaN	81.9	4.8138633836036515
400	269.6	55.54875153606964	813.8	126.52884761153874	NaN	NaN	110.0	10.341076326959394
500	421.1	113.92284036046502	1282.9	155.40926095350946	NaN	NaN	155.9	22.407390724401626
600	408.4	117.28822273398126	1381.3	116.64379756302516	NaN	NaN	172.6	11.445809406765429
700	472.8	97.66120492838495	1690.6	194.2045761249101	NaN	NaN	208.5	26.21042171846916
800	716.6	163.6966750570579	1974.6	329.96621363384463	NaN	NaN	267.2	29.442169755369598
900	1218.2	352.58867225534055	2262.2	276.956715747685	NaN	NaN	337.1	31.244189733708893
1000	971.7	244.33747695121187	2213.0	405.0444348610656	NaN	NaN	398.3	49.059906790005215
2000	3010.6	555.4755592407067	4713.8	659.5904187892847	NaN	NaN	1566.1	170.19004496043829
3000	5255.8	1272.669661251302	7090.3	1047.9828691999521	NaN	NaN	3844.5	545.9229334861286
4000	8589.7	1121.5157527900908	9549.7	877.3943764465805	NaN	NaN	7102.8	642.6620106125955
5000	11216.4	1887.9641009608035	10765.1	1477.343057569323	NaN	NaN	13881.9	1540.8638553646836
6000	14780.0	1769.1190067674927	12465.9	1156.0589381580664	NaN	NaN	18557.0	1817.388411941597
7000	18010.0	1938.9380825291146	15008.1	1242.638689703534	NaN	NaN	19026.8	1468.3163425127377
8000	19510.9	2254.3493611503864	18803.7	1932.844204064798	NaN	NaN	19827.5	1375.7675628967925
9000	25139.7	4131.42073439729	21635.3	2683.382485498004	NaN	NaN	21598.0	1937.2166830551093
10000	27574.9	3395.6459072089174	23337.7	3135.188941987223	NaN	NaN	24768.8	1887.1260648399684
