0.5	56.8	3.515936845849197	63.8	4.336909423079988	407.8	61.00257957352296	7.9	0.38520471959725516
1.0	61.9	3.7504205572175504	68.2	4.192945120556671	382.5	94.84674163227749	7.8	0.5352868987748532
2.8	68.9	14.737585323111787	67.3	5.429271229548216	358.7	98.63308278465193	7.9	0.7468026486294754
3.9	79.8	4.407128387510396	86.1	5.376236783847973	404.2	105.26629617947047	10.4	0.6555898839976103
4.0	58.0	3.8653072943816507	63.9	2.9397298712636846	284.9	52.388086036006314	8.1	1.216022251441149
5.0	64.7	11.368884909435927	70.2	9.967184151203387	332.8	101.15354437123791	8.7	1.2815782161069995
10.0	56.3	4.109749608431151	58.6	4.317991516434463	251.8	34.925455802666335	7.5	0.6594806593070035
20.0	71.8	14.500813833161226	67.7	8.061420187783293	460.2	135.06348774137297	8.2	1.0014300894221222
30.0	64.1	4.574052614039327	69.0	8.876728992145699	503.6	136.08752976469225	8.0	0.9596853234263822
50.0	67.0	4.432596638540439	68.5	4.560609373756976	588.5	102.8263750726437	7.6	0.5722457653840699
