10	51.9	0.5941787912741419	56.6	8.946774767255517	79.0	6.671941456577687	2.3	0.32779494199880516
20	59.5	7.537926214815319	57.0	0.9047999999999999	180.9	56.2564902626888	5.3	0.8493802470036608
30	64.1	4.574052614039327	69.0	8.876728992145699	503.6	136.08752976469225	8.0	0.9596853234263822
50	90.3	6.203408701996024	101.2	11.599451307023106	1748.7	150.4725007424413	13.2	0.6235903655445616
100	141.0	15.116524767286958	181.7	34.05050142133006	6869.2	1923.4735495157045	27.8	1.68666951831116
150	245.7	26.68402697652661	286.8	26.090186875221878	91687.4	44165.29043076932	49.7	17.289287409375785
200	348.0	47.92558285091585	343.5	31.122440335230777	NaN	NaN	49.4	3.678098249911223
300	503.6	62.53536180255137	483.9	46.35328681200503	NaN	NaN	73.5	3.3436308318951724
400	653.7	93.38036278749402	623.1	67.67082160662747	NaN	NaN	100.6	2.2889830615362796
500	822.1	75.4860614547878	774.9	62.97828048491003	NaN	NaN	138.8	15.119232366228122
600	951.0	96.16985509316315	796.4	88.19955407152578	NaN	NaN	156.7	8.882779245483928
700	1087.2	128.00234092821896	927.1	99.95094360192904	NaN	NaN	207.3	20.8105229344195
800	1143.3	144.94074554439135	958.8	103.77271074065665	NaN	NaN	281.7	29.709025676450587
900	1273.6	133.4722613397106	1036.4	129.8010419662955	NaN	NaN	292.7	37.47151669100144
1000	1290.7	184.21432748861852	1126.7	149.19430790028147	NaN	NaN	360.6	40.48183798811511
2000	2047.2	114.78075406296998	1793.2	111.83699503538172	NaN	NaN	1920.1	293.6789454071844
3000	2800.6	375.3382888034952	2334.4	298.394274449789	NaN	NaN	3990.0	640.8376544734555
4000	3453.4	477.0684237021099	2868.7	283.37688339821227	NaN	NaN	8963.6	1710.6811713718062
5000	4625.9	642.0210695262547	3782.7	516.6511046739414	NaN	NaN	15442.7	3464.44858473741
6000	5350.5	685.4496951096119	4776.8	692.8440495478791	NaN	NaN	18576.8	1828.2358551910045
7000	6949.1	1285.7840122726195	5673.0	662.3009302066848	NaN	NaN	17987.6	2005.3533172147834
8000	7857.6	1031.8187916235759	6506.1	1040.6127599935896	NaN	NaN	19993.9	2109.8446647897554
9000	9343.1	1158.2176209002675	7611.0	1125.9717972816902	NaN	NaN	22811.3	1549.7482521998224
10000	11219.6	1692.9266861819667	8784.7	1521.9517677770223	NaN	NaN	24982.8	2026.7558575141861
