0.5	59.0	12.77579522378157	54.8	4.912239113072571	228.0	44.30056402169164	5.4	0.9160401825247624
1.0	59.6	6.439354235946334	60.8	5.096281482021966	222.3	55.79033961828876	5.2	0.5352868987748532
2.8	59.8	4.817582088973679	64.3	13.135385503440695	180.2	45.62718097958715	6.1	1.70627384554766
3.9	63.3	1.4324015652043947	64.3	2.416214146966283	150.7	22.73743227376389	7.9	0.9833848259964152
4.0	64.1	13.372419046530062	67.0	15.68138739525301	142.5	21.64025975121371	5.2	0.6235903655445615
5.0	56.1	5.470580477060912	65.5	16.66297352395424	159.5	52.22159038501221	5.7	0.9076230957837069
10.0	56.3	1.3590836927871661	56.4	1.021663044256765	150.6	44.96114075616853	7.5	0.9729229877025211
20.0	59.3	10.488706433302442	58.0	5.138276271280087	194.1	50.71265775993208	5.4	0.47448112291217653
30.0	57.4	2.846886737473059	60.2	3.587962695458245	180.5	53.14424463984788	5.0	0.45239999999999997
50.0	60.6	1.2875529721141576	61.5	1.0241640591233419	232.2	80.22405513550159	5.3	1.0141229925408457
