0.5	58.0	16.802869276406334	47.0	0.5540745798175549	94.1	14.920457894984322	2.7	0.32779494199880516
1.0	51.9	1.0341076326959395	57.4	11.862890734386793	95.8	13.223706944121231	2.9	0.5941787912741415
2.8	62.8	17.616899797183383	53.1	0.5007150447110611	87.4	9.333045990243486	2.4	0.3504275331648471
3.9	75.6	10.232643979734661	71.2	5.5481285406882925	106.8	15.047996440190968	8.2	4.817582088973679
4.0	57.6	15.603537678872701	51.4	1.117345575907472	96.2	15.71333105563553	2.8	0.4291843240380524
5.0	51.6	1.117345575907472	52.0	0.9596853234263822	85.9	9.078767438149299	2.4	0.3504275331648471
10.0	50.1	2.9047109935413538	49.0	0.6397902156175882	86.4	11.675952326726929	2.7	0.32779494199880516
20.0	50.2	0.4291843240380524	54.2	4.9537283558951835	80.1	6.247789775272531	2.5	0.3576536033650437
30.0	51.9	0.5941787912741419	56.6	8.946774767255517	79.0	6.671941456577687	2.3	0.32779494199880516
50.0	55.3	3.63401405665966	55.7	3.591526071741649	108.3	27.438442280931326	2.8	0.4291843240380524
