0.5	311.1	28.657763551889392	300.0	31.47839381289966	537904.5	262531.53370376345	55.0	3.3090207252297463
1.0	300.0	50.95879867971771	288.1	50.48817443437621	588174.8	303385.18094448576	61.7	3.5485293973701277
2.8	309.5	56.719170760687255	311.3	36.47793244256039	145834.4	48460.622634554406	52.9	3.4962354777674802
3.9	277.6	21.248838394980563	292.4	35.4076344798124	132105.4	44697.155916332944	58.4	6.399501431830452
4.0	303.3	45.1166092777815	300.8	34.502433631035366	193093.5	214157.53354144067	56.3	4.268532450854743
5.0	282.7	55.87098789321699	297.2	49.259484203389704	119757.5	50207.87895706951	53.8	1.7753457984291396
10.0	321.7	39.80098113167563	311.2	37.95147980545686	49833.3	33436.76233510479	51.5	2.503575223555306
20.0	317.3	32.87620712922949	302.2	28.28820699556619	53176.7	20979.37562550347	60.1	4.738876503560733
30.0	314.3	19.964761061530385	296.7	23.598742542855963	75013.2	32602.14733798344	53.8	4.6445420768898185
50.0	252.2	28.568979406062095	229.9	25.89461487560686	115923.2	48063.913679490084	55.2	2.8034202653187767
