10	51.9	0.5007150447110611	52.5	0.732971772989929	93.5	15.13090333654934	2.9	0.38520471959725516
20	58.6	4.937174497220044	64.6	5.287470360767992	255.7	37.26887839584121	5.4	0.4744811229121766
30	61.6	2.0533179627130327	68.2	5.055962165997684	462.9	55.411567215844016	7.7	0.9076230957837069
50	87.3	11.516446028354407	112.7	18.276204118032823	1571.5	225.40946334371142	13.7	0.8493802470036608
100	174.7	32.585442754763974	206.2	24.322128046369624	12125.0	2838.257098937966	32.7	2.351827409483953
150	292.8	48.43617594633168	307.9	39.905488287652865	350085.2	196370.13700887782	48.2	3.321367860385235
200	330.7	64.40470537595837	321.0	28.45628365475717	NaN	NaN	48.7	3.199750715915226
300	477.3	38.0837107551772	439.2	48.22974423220591	NaN	NaN	73.1	2.8513763897458357
400	677.8	105.66992981687837	608.4	83.28535328385176	NaN	NaN	102.0	4.723194664631133
500	825.0	70.22772352568464	645.9	63.213450689200634	NaN	NaN	125.9	6.834459969595257
600	930.5	117.04500371472504	809.2	90.50872284097264	NaN	NaN	171.2	18.041630322784027
700	1055.3	127.25918319242822	918.1	171.47137214204588	NaN	NaN	192.2	18.44827071310479
800	1137.1	184.96562245464963	991.1	144.55417144239038	NaN	NaN	254.5	23.683582889841645
900	1159.9	232.81210149997787	1029.2	163.64152866770706	NaN	NaN	313.6	29.442864892126245
1000	1258.6	226.80026218841988	1077.3	155.2391499940785	NaN	NaN	411.6	63.01381496414892
2000	2341.8	491.2606579811414	1704.0	253.52529905758914	NaN	NaN	1723.8	304.7161348980129
3000	3142.5	542.8625870332381	2408.3	415.8980951183162	NaN	NaN	4625.4	678.6394481334075
4000	4060.7	492.0947649553732	3179.8	316.0500203540952	NaN	NaN	7734.5	1317.7398700744618
5000	4900.5	769.5005671105513	3723.8	346.5246387345985	NaN	NaN	14210.9	1018.2453463032747
6000	5705.6	563.4243071145014	4642.7	476.50747274300323	NaN	NaN	18179.5	1407.0585953328666
7000	7169.9	684.9811429305453	5739.6	545.1023150036477	NaN	NaN	19340.6	1317.9703753786641
8000	8073.4	852.8296301854996	6556.1	568.002158287269	NaN	NaN	19724.9	1775.3990133337
9000	9760.8	1569.3096035071164	7763.4	1017.7912271749328	NaN	NaN	22422.6	2236.981113935425
10000	10764.4	1483.7624199843906	8399.9	978.8913368932201	NaN	NaN	22530.2	2429.999248611469
