10	58.4	10.162398461780564	63.8	18.52024155306836	71.5	4.469954677622582	2.3	0.32779494199880516
20	61.7	8.067764766278204	58.7	6.211651342759025	116.3	12.63099665758803	5.0	0.6397902156175882
30	65.3	11.909596480317878	67.7	13.966086994000857	179.1	20.0067474486984	7.6	0.9160401825247624
50	66.5	4.112238857362252	68.2	4.721027564418577	589.3	169.3004020715958	12.9	1.1287357334646584
100	85.8	8.811934483642055	92.2	13.040582041611485	1940.6	481.84881680171844	25.5	2.5641543518282983
150	101.4	5.8567893402443625	121.4	13.834122746889301	2887.1	1007.1888426743596	39.0	2.498460662087758
200	114.5	8.88393120752294	155.5	23.234274794363603	NaN	NaN	46.1	1.8775962601155762
300	141.2	12.58940683844954	248.4	70.3538002272514	NaN	NaN	68.7	1.5687911792204847
400	165.3	9.543656523785836	381.5	95.74233986121291	NaN	NaN	102.5	12.534215333238853
500	189.3	10.256866835637478	608.9	193.4480729730746	NaN	NaN	125.3	7.081541346627866
600	224.7	17.068884732284065	894.4	241.61722175576807	NaN	NaN	156.1	15.22932552268813
700	251.3	17.579829755830968	1145.5	275.7015666513703	NaN	NaN	195.6	22.156518046299603
800	281.8	28.574351837688287	1304.7	242.88888976139685	NaN	NaN	255.3	32.949273748657944
900	294.5	12.173889824538415	1651.6	293.904785836529	NaN	NaN	298.1	36.14312193206336
1000	324.8	10.955181498450859	1958.2	322.9267516018826	NaN	NaN	365.5	50.42002566619735
2000	631.3	29.15445108253626	5098.9	467.02631026137703	NaN	NaN	1914.5	271.42044242042635
3000	952.7	57.57849798322287	8359.2	745.0754549809192	NaN	NaN	4063.1	442.3873443101599
4000	1273.8	68.82043459949959	12357.2	1566.6933627885398	NaN	NaN	7820.3	1270.1555623518575
5000	1592.9	70.99542042495416	17085.9	1892.911757733032	NaN	NaN	12730.9	2081.109763090442
6000	1957.4	89.7755855591931	22041.4	1985.3394549422567	NaN	NaN	15462.2	1573.4083657024782
7000	2400.0	93.08068158968325	26680.4	3299.788825679876	NaN	NaN	19055.7	1605.2924923098108
8000	2770.8	166.5252383881314	31801.3	3876.452605997509	NaN	NaN	20315.8	1425.132841719306
9000	3287.9	203.92916699922054	39568.8	4821.714131622386	NaN	NaN	20450.9	932.9967424855221
10000	3742.5	139.17909722433177	44994.7	6227.537871851848	NaN	NaN	26390.1	2588.2556298793893
