10	53.5	1.1644357689456297	59.4	13.030376606069373	100.8	20.807449356035924	2.8	0.5352868987748532
20	66.3	5.1188215366429795	63.3	3.0691597553727963	248.5	77.31094427944856	6.0	0.5540745798175549
30	80.0	9.65532255701486	79.5	8.005371078219921	530.8	102.96439142453082	8.5	1.474643584056839
50	93.1	5.832715144424592	93.8	5.264194516162943	1722.3	236.3572556601637	13.6	1.2875529721141572
100	183.6	37.40612162221579	174.2	19.378885494888504	19124.5	11679.646553029484	30.8	1.9926153025609334
150	238.4	25.777274029966783	217.4	19.44583395424326	309512.1	148417.8551440887	46.2	1.9667696519928304
200	276.3	35.12886728267793	250.0	27.02498408066136	NaN	NaN	51.5	4.948044213626228
300	357.8	30.789467902904722	296.2	33.546001472366264	NaN	NaN	71.8	2.2574714669293163
400	460.5	82.19141271166959	404.5	77.6516958698263	NaN	NaN	104.7	10.434907808121736
500	525.0	67.42809151622193	425.7	44.844741881339885	NaN	NaN	136.6	7.47624364610999
600	530.7	74.03001084049629	465.8	64.79183026944061	NaN	NaN	151.4	7.9794434602922015
700	611.9	102.13447265970487	538.1	76.71512222890608	NaN	NaN	207.5	19.406457214545885
800	626.6	96.31138064266341	564.6	73.07919545271417	NaN	NaN	244.9	24.19695138392438
900	718.6	109.28161889510972	632.0	81.8156363206936	NaN	NaN	312.5	40.32359995759307
1000	824.2	101.92101115620862	719.0	83.36689917515224	NaN	NaN	445.9	78.48289259371114
2000	1592.7	109.64334237665321	1352.1	108.53756275887163	NaN	NaN	1592.7	309.4351595163097
3000	2432.7	163.27254828171206	2029.3	138.98183411483677	NaN	NaN	4175.1	660.408667637332
4000	3301.0	303.0814963039479	2755.0	189.75874722921208	NaN	NaN	7137.4	1414.4958723711059
5000	4139.4	372.36851354379576	3577.5	319.7261985855085	NaN	NaN	13879.5	2271.2682921195947
6000	5204.7	640.6410546921919	4377.5	523.0403626869537	NaN	NaN	19395.5	3048.609008363575
7000	6686.1	918.6375209732488	5637.5	718.4738901331488	NaN	NaN	17662.2	1701.9058551563373
8000	7825.4	1509.0772991005117	6586.2	1225.1840137111421	NaN	NaN	21286.3	2072.7072723166298
9000	8788.0	1029.6439142453085	7157.7	907.567793920302	NaN	NaN	21106.4	1657.4776931419426
10000	10445.1	1568.5371335252075	8470.8	1083.14186772658	NaN	NaN	22768.5	2132.1524709082933
