0.5	79.8	12.560924901614529	88.4	23.709385829582345	1484.1	211.6679598770584	24.4	2.661096634096552
1.0	85.8	8.811934483642055	92.2	13.040582041611485	1940.6	481.84881680171844	25.5	2.5641543518282983
2.8	84.7	12.52523140241329	85.4	9.082993331275762	1622.0	295.366447860958	24.9	2.7970249687837967
3.9	103.7	14.684021751686421	119.9	24.83146495469005	1824.1	518.4526156104489	35.9	5.338032449882634
4.0	79.7	8.9801684886198	94.3	13.002270355749415	2023.9	555.7313207879829	23.7	1.110455403877166
5.0	89.3	21.545000819772547	107.0	17.862640337867187	2469.9	653.6036729059254	26.0	3.2465807613549367
10.0	86.0	8.795661275879148	120.7	11.60937205898751	3012.8	511.5276617288883	26.8	2.3463820967608835
20.0	118.3	21.064673848032868	183.2	17.61399516248372	6216.4	1884.249644178949	28.9	1.8222793298503936
30.0	137.4	32.197089014008704	198.3	25.778961176975304	8575.5	2025.14186284707	35.5	12.623702997932105
50.0	212.3	20.612890006110256	217.6	24.11805457527617	37785.6	17033.187810211257	39.6	2.1977515637578326
