0.5	46.8	0.9489622458243532	51.0	7.195862511193499	92.5	16.60144659540246	2.8	0.28612288269203495
1.0	51.3	0.5586727879537358	51.8	0.4291843240380524	89.6	5.606840530637553	2.5	0.3576536033650437
2.8	58.5	9.139431782118622	53.6	0.35042753316484704	82.3	3.812661223345185	2.8	0.28612288269203495
3.9	65.4	11.23829348682441	60.5	5.7157477148663585	106.3	27.12712400391903	8.6	5.865519095186714
4.0	51.6	0.4744811229121766	51.7	0.7188748458528785	81.7	9.070873836847252	2.7	0.32779494199880516
5.0	51.0	0.5540745798175549	52.2	2.4529927321539295	83.9	6.0649446589396	2.7	0.32779494199880516
10.0	59.9	8.338469602750854	57.7	3.983304287146539	87.3	10.410361980450054	8.6	4.061534224403384
20.0	49.6	1.117345575907472	49.0	0.7153072067300874	89.9	18.656906889299737	2.6	0.3504275331648471
30.0	60.2	15.933217148586156	52.9	0.5941787912741417	91.0	15.71723806271318	2.8	0.28612288269203495
50.0	60.0	10.276552542560173	55.5	0.732971772989929	109.8	34.59129802803012	2.8	0.5352868987748532
