0.5	210.4	29.629955182146322	204.0	20.520716391003504	19496.7	12682.011286458406	40.3	4.820236550626951
1.0	197.8	28.75285848301	216.3	19.11102209103427	24935.8	18440.67792351992	43.5	6.391901308687423
2.8	214.6	21.118408027500553	221.2	17.62270763032741	9593.4	1669.3635154627575	39.0	3.6613668595211815
3.9	207.7	36.54939851986623	229.3	32.61526336309428	10814.8	2203.2711815057137	41.0	4.207563218776397
4.0	183.4	23.672670264589925	184.7	18.036666603449763	9644.6	1566.2199792841927	36.4	2.220910807754332
5.0	205.8	29.694813695054563	227.7	31.94157056633252	8804.6	1997.506490521564	41.4	4.010826440523199
10.0	199.5	23.735376289833702	227.0	26.726082810617797	7050.4	1149.7278593568549	38.5	3.8153443068745445
20.0	200.1	19.301236566500087	208.2	22.90279188885058	5807.8	783.8058024561849	38.0	3.48964363796649
30.0	219.7	16.427322399100834	212.6	16.41844305943776	6895.9	1011.9512234009483	36.5	2.7191084163747496
50.0	223.4	37.17973923544919	200.6	24.830949812200092	9788.5	2676.253469972996	40.2	3.4572359456652646
