10	49.6	1.117345575907472	49.0	0.7153072067300874	89.9	18.656906889299737	2.6	0.3504275331648471
20	59.3	10.488706433302442	58.0	5.138276271280087	194.1	50.71265775993208	5.4	0.47448112291217653
30	62.3	6.061569150310832	63.7	5.314978036078794	494.1	126.01124701246313	8.0	0.7153072067300874
50	69.7	8.016867548113789	82.0	7.217162594815222	1578.4	201.41943404174282	13.1	1.0341076326959395
100	126.8	21.558651961196457	166.0	12.622689656329193	6631.4	1540.743535816995	29.6	1.117345575907472
150	214.8	35.394048233905096	329.4	47.886278218462536	54857.3	31599.86104259771	46.4	1.4729076875351013
200	278.7	81.55007248362197	352.1	50.873833331841624	NaN	NaN	49.7	3.591526071741649
300	452.0	109.85125340823379	533.4	56.33079450545679	NaN	NaN	71.4	1.6987604940073215
400	626.2	123.83982098010317	796.3	52.32026047951213	NaN	NaN	99.2	3.602195050798887
500	876.9	199.933533876326	956.2	97.66749173918618	NaN	NaN	126.8	7.548440076201175
600	1201.8	163.13201497236523	1177.0	90.55235506953974	NaN	NaN	157.4	7.685475804138609
700	1415.5	220.35369102572346	1236.8	128.10343282575997	NaN	NaN	187.8	13.476661137833805
800	1598.4	136.34558462237052	1441.8	144.02095558072097	NaN	NaN	251.9	33.744688553252345
900	1754.1	248.16695701570742	1641.8	196.6240946547091	NaN	NaN	316.5	34.83810471337383
1000	1880.0	241.85953057508402	1791.7	177.0673748151364	NaN	NaN	459.7	81.45150741345431
2000	3588.8	280.6159927003164	3253.0	307.91528486179436	NaN	NaN	1685.2	237.60817205370697
3000	4978.7	745.3288318087822	4339.0	847.3185700567171	NaN	NaN	4386.3	474.1884773096073
4000	6454.2	624.9890690752151	5330.5	750.6299850975979	NaN	NaN	8466.7	1268.5861910896886
5000	6721.7	1215.1881296464692	5486.4	869.1771542187337	NaN	NaN	12495.5	1434.404357383712
6000	7648.0	876.2259271712976	6190.4	785.8872430297465	NaN	NaN	16785.4	2512.113758918018
7000	8983.1	1173.7516670437387	7402.2	1039.9288501535016	NaN	NaN	18130.3	1400.3855496109077
8000	10710.4	545.2399048349414	8515.2	764.9154797973852	NaN	NaN	19478.6	1462.5308080198297
9000	10839.8	1674.3639613561395	8825.7	1041.8192021004431	NaN	NaN	21043.9	1640.0210549006852
10000	13036.3	2884.673819632771	10286.9	1723.950513821286	NaN	NaN	26158.3	2046.7697981746367
