0.5	184.9	48.24316262058283	309.2	35.435946493694786	36271.5	33917.52024185354	44.9	2.5681421526076007
1.0	150.0	50.469473110782516	292.7	30.43554412860069	24149.5	26663.59965623842	44.2	4.994872985772511
2.8	111.9	17.48176276798195	181.5	20.138788112992298	3110.5	724.2286239098396	36.5	1.5424783499291004
3.9	144.1	15.99299587056784	247.7	34.85983457568323	3792.2	1092.8840675218134	51.1	5.797519679656121
4.0	101.1	4.261334245984466	177.2	28.74929921205037	4075.5	1550.8726719339984	37.7	2.0244584075747274
5.0	120.4	6.431403431289317	192.4	24.69250423946506	5028.5	622.1084185477802	40.8	2.117115996822092
10.0	171.5	23.8493549233517	289.5	21.917484388953035	7259.4	1593.5678488949804	51.8	2.3023560072239047
20.0	214.8	35.394048233905096	329.4	47.886278218462536	54857.3	31599.86104259771	46.4	1.4729076875351013
30.0	239.8	38.45639498424156	304.2	17.506184879179127	117222.0	49827.05531220106	46.4	4.947527149597059
50.0	265.4	28.444054138888145	256.1	16.384907507703545	2474057.0	3191894.3546097325	45.3	3.703744397768291
