10	51.6	0.4744811229121766	51.7	0.7188748458528785	81.7	9.070873836847252	2.7	0.32779494199880516
20	64.1	13.372419046530062	67.0	15.68138739525301	142.5	21.64025975121371	5.2	0.6235903655445615
30	59.5	4.968682652373765	62.8	4.943388690362108	260.3	55.36131205674229	7.6	0.7965323948214534
50	64.0	2.0483281182466837	71.7	8.60779424498518	760.3	147.33802275150836	12.5	1.1644357689456297
100	75.3	1.063380611070185	101.9	9.60458092141453	1576.3	307.5661371480352	23.8	0.6235903655445615
150	101.1	4.261334245984466	177.2	28.74929921205037	4075.5	1550.8726719339984	37.7	2.0244584075747274
200	109.0	3.13431914137664	236.9	26.913902995217917	NaN	NaN	46.6	1.8152461915674138
300	191.5	80.95448032184507	454.8	64.44580514745704	NaN	NaN	69.2	1.8320803650495248
400	220.5	30.924526622407658	715.9	62.79602891677148	NaN	NaN	96.3	4.66926333418881
500	254.7	31.997587112843366	1056.6	95.57114629351267	NaN	NaN	126.9	6.736431966256321
600	393.2	109.12915792392059	1300.2	133.0035995767934	NaN	NaN	165.2	16.811393398050022
700	599.8	211.5115875824868	1642.0	191.3117173490427	NaN	NaN	187.9	13.883042275956663
800	832.1	358.8522308398765	1840.0	163.7953544769814	NaN	NaN	262.0	40.56113548410596
900	874.3	245.29594621714398	2191.7	144.02353127098365	NaN	NaN	307.3	25.73923428861084
1000	1072.0	377.38146672681216	2251.0	219.09008503024504	NaN	NaN	343.8	44.19047275673796
2000	3170.8	838.4900398705186	4417.0	419.4351888559661	NaN	NaN	1679.2	221.61639521114859
3000	5353.0	1235.847172590527	7564.0	713.1969419599048	NaN	NaN	4517.9	730.7345714346599
4000	7890.3	1586.9278291413773	9209.6	1139.3802990425697	NaN	NaN	7648.6	1203.049211444958
5000	10230.6	1777.0508160905288	11512.4	1107.3316072841847	NaN	NaN	13325.2	1528.500193991163
6000	13080.0	2292.966315746483	15033.5	2034.7906778792014	NaN	NaN	17623.4	2155.7451767155635
7000	16883.3	3435.3634978421255	16161.2	2715.5345479743582	NaN	NaN	18819.2	2332.72677731151
8000	17922.2	3480.452963095152	17618.0	2362.7160961315517	NaN	NaN	20807.4	2695.2804063147446
9000	18974.5	3102.4127049950685	19585.6	2683.3773972269382	NaN	NaN	22378.2	2158.426352868493
10000	22753.3	4211.396095932179	21627.9	2273.0185198000027	NaN	NaN	23955.4	2171.8305362585215
