10	46.8	0.9489622458243532	51.0	7.195862511193499	92.5	16.60144659540246	2.8	0.28612288269203495
20	59.0	12.77579522378157	54.8	4.912239113072571	228.0	44.30056402169164	5.4	0.9160401825247624
30	54.6	2.828856874428256	57.9	2.7970249687837967	402.9	82.92471638272873	7.8	0.6235903655445615
50	64.8	7.742519041242327	77.8	7.649440553661425	1216.1	171.8430695886104	13.0	1.5341630421829355
100	111.6	17.12320553447864	170.7	27.365619534079613	5934.2	3318.565449402157	29.6	1.9510979309096712
150	184.9	48.24316262058283	309.2	35.435946493694786	36271.5	33917.52024185354	44.9	2.5681421526076007
200	200.8	79.32095768045164	340.6	37.06810011770228	NaN	NaN	44.4	1.2875529721141572
300	217.2	95.4117928001775	573.1	58.5604234229569	NaN	NaN	73.8	6.372259158571628
400	351.6	181.79901004047298	822.8	90.61719937883757	NaN	NaN	96.2	4.577966123072559
500	313.2	127.8027197519051	1067.0	83.84486780572797	NaN	NaN	125.4	7.86317531891538
600	602.8	286.5311748557633	1325.3	162.4380771036274	NaN	NaN	157.8	15.83658493185952
700	560.5	210.05523190689632	1640.5	123.10819405750374	NaN	NaN	209.2	26.121546226515765
800	810.5	322.34638916721246	1923.4	165.23943287440804	NaN	NaN	256.7	35.486807942163516
900	1009.8	384.3153044467316	2145.2	178.38155520654036	NaN	NaN	306.9	48.42629789562691
1000	1072.2	549.5193507088026	2481.1	227.01904634976336	NaN	NaN	403.3	44.64347978735529
2000	3901.5	902.973471672485	5435.4	198.97917999493316	NaN	NaN	1670.3	226.97793260192492
3000	7769.8	1781.3518364530862	8243.0	765.4786471323677	NaN	NaN	4082.9	541.4275920440294
4000	10859.4	1960.1800597822887	10625.6	864.8149445157014	NaN	NaN	8463.5	1734.4581839832342
5000	16472.6	2246.085249932196	13272.0	1197.574922044245	NaN	NaN	11983.9	1154.38166334295
6000	18916.5	1861.4306345787315	15916.3	1604.5581161103025	NaN	NaN	18160.8	2317.7044713248633
7000	22183.5	2031.0275237502076	18054.3	2305.502485697	NaN	NaN	16421.2	2105.055356623873
8000	24698.3	2484.9439218725247	19785.2	2431.240781339632	NaN	NaN	19906.4	1266.2362920459736
9000	28748.9	3785.92119787192	21676.1	3082.496036917633	NaN	NaN	21878.0	1046.9279872447387
10000	29870.8	3688.4723804016626	23771.2	3413.1975246412303	NaN	NaN	24528.5	2484.1572412594537
