10	50.0	0.5540745798175549	56.0	13.594601181351365	83.8	7.383966309782298	2.7	0.4580200912623812
20	58.3	7.023500893713902	58.2	5.0761618555755295	176.9	45.62454560733729	5.2	0.4291843240380524
30	65.1	7.318889672347849	67.0	6.9203892838481265	464.7	100.83297282657097	8.2	0.8341843824958602
50	85.7	11.780004326145212	88.1	5.867699504575876	1273.0	316.5471604242249	13.0	0.7153072067300874
100	164.2	23.910527681002776	175.4	12.497217348514027	4959.7	1028.319134641617	33.3	9.332223610908601
150	318.7	23.341494591478067	338.5	47.65390354734857	43044.6	26653.912679312172	49.5	4.234836150313256
200	391.0	79.32560194590394	371.1	55.2191682504907	NaN	NaN	54.1	8.051258462873987
300	546.8	78.15516067812797	498.2	61.37302485998224	NaN	NaN	73.6	2.2209108077543323
400	715.6	57.47278631853514	615.0	52.56218311904481	NaN	NaN	103.1	4.835074605008695
500	900.3	78.35539920850381	805.9	68.94348163558321	NaN	NaN	126.2	7.541658617572132
600	987.8	131.14287124256504	902.9	114.62670213853313	NaN	NaN	162.6	10.116983076787267
700	1043.8	188.48549851419338	1048.8	172.3316839817449	NaN	NaN	200.0	7.308745676242949
800	1207.2	253.30942135448493	1030.5	180.81382990319076	NaN	NaN	268.3	38.16691844312296
900	1219.8	203.92498942146352	1045.6	169.56710006536056	NaN	NaN	305.6	28.616222188402162
1000	1240.2	198.8715615528374	1112.4	161.714871347616	NaN	NaN	396.7	55.17430226911801
2000	2360.8	223.60137159253736	1895.9	246.63818420000578	NaN	NaN	1601.5	321.95074686209375
3000	3045.9	345.36887571018326	2540.4	246.79263829753106	NaN	NaN	3752.7	465.68818080205125
4000	4354.8	618.1861676944769	3267.1	505.2103397113285	NaN	NaN	7245.8	1077.9041078711148
5000	4759.6	793.2644820498747	3824.5	510.7221574185517	NaN	NaN	14839.5	2582.2847404772115
6000	5425.1	681.9832429451299	4486.1	548.2032905044953	NaN	NaN	18749.5	2137.6893880545367
7000	6572.7	486.9114650971406	5326.5	552.0616874772056	NaN	NaN	18526.7	2142.619249000868
8000	8345.4	1047.6738255244215	6697.2	872.201200691345	NaN	NaN	18928.2	1345.516045150939
9000	10683.0	1841.8368301443643	7983.0	1423.2163905027512	NaN	NaN	23724.9	2799.735405983079
10000	11254.4	1724.5005627094283	8740.9	1007.3592156163738	NaN	NaN	24515.9	2730.884813400425
