10	54.8	11.74411578893873	49.2	0.5352868987748531	86.1	14.899868003307947	2.7	0.32779494199880516
20	53.2	3.809304711361379	54.2	1.3496389383831513	198.2	55.879916193065284	5.1	0.38520471959725516
30	58.3	3.2157017156446583	69.4	12.562554180420477	481.3	147.0762941118792	7.6	0.7965323948214534
50	67.9	7.241580238870518	83.2	10.394376109416092	1512.0	132.72062123181914	13.4	1.247180731089123
100	118.3	21.064673848032868	183.2	17.61399516248372	6216.4	1884.249644178949	28.9	1.8222793298503936
150	192.0	57.89129312772344	320.7	43.08863607128914	74177.9	33692.469016241805	47.2	2.8576500527531357
200	224.5	58.85048490828262	375.0	45.27165692395187	NaN	NaN	54.7	7.597424627069359
300	387.8	147.2417099783346	543.9	48.26542996924404	NaN	NaN	74.4	4.81120540571695
400	519.9	191.51712951241723	810.0	83.62733615319814	NaN	NaN	100.6	6.772414400787949
500	828.0	133.04098712923022	1112.1	111.08674860718537	NaN	NaN	132.8	18.78086714675337
600	1026.7	226.84218632010226	1285.1	79.80434096335863	NaN	NaN	168.0	6.365832269232359
700	1324.7	272.8264675095948	1398.0	166.91567604679912	NaN	NaN	193.5	12.042893098421159
800	1367.3	252.00589632309	1699.3	123.0370190432294	NaN	NaN	272.9	38.33466064276557
900	1841.9	256.25863459816526	1878.0	189.2111282915463	NaN	NaN	323.1	42.24244877319495
1000	1898.6	312.21175823753975	1917.6	106.95706204723463	NaN	NaN	373.9	56.78066074110093
2000	4301.5	614.3235741327367	4024.1	415.71344072968816	NaN	NaN	1634.0	197.14364938409759
3000	6481.1	734.9505306588437	5718.5	666.8654715851015	NaN	NaN	4364.3	619.3097450812186
4000	8622.8	930.8867828011224	7196.9	819.1607093571541	NaN	NaN	7706.9	1347.1229076967686
5000	9455.1	1651.525421269644	7977.3	1457.2971839743886	NaN	NaN	13213.7	1585.6881386304947
6000	10902.3	2153.5286636655296	8755.6	1436.8450554322187	NaN	NaN	16614.8	1450.1999297511443
7000	12260.9	2067.3485968572877	9667.6	1336.4898011588775	NaN	NaN	18485.0	2293.0806301768457
8000	12902.4	2651.6481415352405	10035.6	1443.6685179020892	NaN	NaN	20520.4	2160.8890901433547
9000	13906.2	2520.8131275812225	11577.4	1419.4302584748627	NaN	NaN	21139.4	1777.6404543709552
10000	15674.4	2657.479048465808	13339.1	1573.2673760080436	NaN	NaN	22773.8	2246.375465556438
