10	58.5	9.139431782118622	53.6	0.35042753316484704	82.3	3.812661223345185	2.8	0.28612288269203495
20	59.8	4.817582088973679	64.3	13.135385503440695	180.2	45.62718097958715	6.1	1.70627384554766
30	64.0	6.469478179884371	66.5	6.619974007501843	318.8	100.5981363409084	8.0	1.011597153020905
50	67.8	4.395503127515666	81.9	15.30306110671979	876.2	216.08974912305302	12.7	1.1556141587917657
100	86.3	9.205256176989318	140.2	33.26416938485012	1370.4	296.4399458703499	25.2	3.048249580332949
150	111.9	17.48176276798195	181.5	20.138788112992298	3110.5	724.2286239098396	36.5	1.5424783499291004
200	118.7	18.17513832915722	243.3	31.452457258599054	NaN	NaN	47.7	3.263086907209184
300	165.6	30.447561913821605	477.9	68.5937840218485	NaN	NaN	72.4	3.4185398777840805
400	247.1	60.88474599533121	777.3	90.35326751990765	NaN	NaN	96.9	4.950111929643611
500	264.7	28.01968900619706	1114.2	96.69609495229886	NaN	NaN	122.3	4.6030449491613705
600	458.0	216.37067562680483	1437.6	114.59355403693526	NaN	NaN	159.4	12.595095496898782
700	676.6	251.62250492945972	1734.1	108.47720461459171	NaN	NaN	207.6	24.02665691801504
800	690.9	368.3316015609249	2081.0	97.22601224528341	NaN	NaN	260.4	37.36095488308616
900	822.6	262.5193430991628	2233.0	193.3622378699626	NaN	NaN	306.1	28.664904383513996
1000	1256.3	398.9923134833602	2475.5	233.98643417176987	NaN	NaN	409.2	59.02892593825506
2000	3256.6	710.873597632783	4711.2	552.8957140796662	NaN	NaN	1709.0	213.5196205678532
3000	6333.1	1010.7447483679131	7818.5	716.413021636053	NaN	NaN	4225.1	749.9618922110883
4000	8157.4	1298.8091681093476	10058.5	999.7061074134638	NaN	NaN	7687.2	1065.3541079172053
5000	12206.8	2421.261595883448	12625.0	1618.634410709917	NaN	NaN	12523.7	1376.038131988821
6000	15735.5	2306.2505675674224	14727.4	1731.1163055022548	NaN	NaN	16871.7	1404.5460572232453
7000	18085.8	3469.374306855664	16992.1	1747.072901043696	NaN	NaN	19708.2	1538.424890655941
8000	20925.2	3698.2542114571716	20293.3	1837.1506149564561	NaN	NaN	19631.8	1365.8761350154646
9000	24741.6	2482.547714398516	22022.1	2152.7964280901892	NaN	NaN	22078.4	2278.2350417801445
10000	27677.6	3323.9233630710705	23940.8	2327.8957735823965	NaN	NaN	24684.8	1592.3450114083387
