10	54.5	6.15538372646255	62.0	15.661797896793331	69.8	3.6585708554024206	2.7	0.32779494199880516
20	56.5	5.030089917685369	60.2	11.290983212457629	106.2	4.081640952362174	5.1	0.5007150447110611
30	58.4	5.496241095148575	66.7	13.59478936666545	192.4	33.783710234608634	7.1	0.38520471959725516
50	65.3	8.11834289519727	65.6	3.719597474996455	743.0	192.94130736511556	12.5	0.9188287435643271
100	79.7	8.9801684886198	94.3	13.002270355749415	2023.9	555.7313207879829	23.7	1.110455403877166
150	98.2	3.630492383134827	141.3	29.20530211184263	4130.4	1248.3968040474374	38.1	2.2945645939916357
200	111.2	13.020949104577591	184.9	37.08224586451042	NaN	NaN	46.9	2.10864023389482
300	132.7	7.309095703573732	329.0	72.11630625149904	NaN	NaN	67.7	2.4582018965089096
400	165.6	8.963915292772462	552.4	75.13599974403746	NaN	NaN	96.9	8.879322462665717
500	188.1	8.698853264425145	808.8	90.29817871332733	NaN	NaN	122.7	3.3862072003939745
600	225.9	11.21208394706354	1152.6	127.92212985787877	NaN	NaN	155.5	8.151050382619408
700	243.5	8.975609159271587	1445.1	141.43504787157954	NaN	NaN	211.1	21.662001398670437
800	281.8	9.142510398353396	1637.2	140.6374010703554	NaN	NaN	239.4	21.106290370787566
900	301.9	9.101282861003716	2071.6	135.90618569180728	NaN	NaN	322.6	32.032986971807674
1000	348.2	20.912920947203908	2305.0	295.5273350597538	NaN	NaN	359.0	52.34563205158574
2000	971.9	154.3789562647578	5337.7	420.42348264216156	NaN	NaN	1712.2	206.78362227890293
3000	1662.2	481.33688982273526	9068.8	893.3647394121083	NaN	NaN	3898.7	488.0455732935644
4000	2189.3	388.04252996609017	12257.8	1058.2013057754107	NaN	NaN	8071.4	732.3846159031032
5000	3097.5	1055.8803390211694	15740.8	1060.7237869493001	NaN	NaN	13113.9	1730.3732110407036
6000	3802.9	535.8452606868105	20393.0	1741.0575354640753	NaN	NaN	17359.1	2430.588426303926
7000	5263.3	1045.5841479208855	23923.7	1930.8019146136774	NaN	NaN	19448.0	1693.7623696323635
8000	6103.0	1396.7812818897883	29235.9	3529.2330517278956	NaN	NaN	20873.0	1384.2123763896636
9000	6788.9	940.2272011705447	34868.8	3729.916184715552	NaN	NaN	20966.6	2627.1238089730023
10000	9153.9	2347.074056422054	38607.8	2610.1102988445796	NaN	NaN	24287.1	3351.7182149124224
