10	56.4	14.698475303785763	55.5	11.83287636460383	80.7	4.8835107949097445	3.0	0.3198951078087941
20	56.0	4.996921324175516	62.5	15.181542378164348	157.5	29.726587460049966	5.5	0.3576536033650437
30	63.4	6.604110345534815	67.8	4.785613706098728	345.7	67.1711554815309	8.4	0.7294730810660528
50	87.1	10.549023194400512	110.1	16.309788622664612	1082.7	168.81554687837257	14.9	1.7939813477291229
100	175.4	49.114265890227855	213.0	32.94764317883754	5445.6	1455.2567884842097	33.9	4.771158051877971
150	287.5	42.878177495084834	350.2	47.49963022660281	13305.3	2404.5981603702357	46.1	3.0085450363921753
200	332.5	34.78960412220869	405.8	69.61067495136072	NaN	NaN	51.3	3.75859735592947
300	549.5	75.31220213285494	561.3	71.52503375465125	NaN	NaN	75.6	7.075397154647928
400	781.9	122.59057117427915	764.0	108.9654963767889	NaN	NaN	115.9	20.359130968585077
500	1007.8	157.07397058603948	872.8	126.20005934762472	NaN	NaN	132.2	10.46795337704558
600	1156.3	177.5109598320171	996.1	120.83545989003395	NaN	NaN	167.4	10.247633944281965
700	1214.7	167.28925291364055	1075.8	104.82889957022348	NaN	NaN	218.6	26.672807282624
800	1422.3	157.88372733072904	1265.1	119.84222444178846	NaN	NaN	260.2	37.365884816821875
900	1403.2	200.3871061568184	1278.1	189.17419886072202	NaN	NaN	320.1	42.05306824806009
1000	1572.3	185.00949025605144	1430.6	113.93754849748173	NaN	NaN	418.4	54.58333019243145
2000	2730.3	362.98271782177727	2293.3	312.3704966743242	NaN	NaN	1654.1	268.2767188555056
3000	3963.1	309.8361154625393	3030.8	316.8498952551255	NaN	NaN	4529.1	768.441881209214
4000	4065.1	646.719404295523	3559.3	283.6243226928255	NaN	NaN	8615.6	1097.304952333678
5000	4722.7	401.10433688286633	3837.9	399.0308346681444	NaN	NaN	12862.8	2336.263197952453
6000	5387.3	233.12213043433692	4449.7	245.06785058983968	NaN	NaN	18719.5	1811.586846766497
7000	6525.6	750.9174451954196	5506.8	555.2668475673872	NaN	NaN	18767.1	2057.828798571571
8000	7962.6	856.4909515368483	6639.2	756.0078314742935	NaN	NaN	19365.4	1500.4137127795173
9000	9760.0	1551.2559507383687	7612.9	901.5969624403776	NaN	NaN	22626.6	1578.0293118370696
10000	11489.5	1373.9950043739532	8907.5	915.3734787828735	NaN	NaN	25867.7	3334.5027169724367
