10	75.6	10.232643979734661	71.2	5.5481285406882925	106.8	15.047996440190968	8.2	4.817582088973679
20	77.9	4.344571292544294	77.6	5.019397877833557	167.0	29.24548189105455	8.6	2.6027747993247514
30	79.8	4.407128387510396	86.1	5.376236783847973	404.2	105.26629617947047	10.4	0.6555898839976103
50	79.6	4.648946574870483	97.9	8.139743433057333	1001.3	180.16771071466718	14.8	0.6235903655445616
100	182.5	30.66699774056795	272.2	47.459757217078135	5704.7	2368.701577217511	45.8	6.624223648398354
150	195.6	30.514706973785607	340.8	42.05836060884922	9017.7	2784.786170142405	55.6	5.009193765068386
200	236.3	35.792603165514514	447.4	35.12180237539069	NaN	NaN	59.5	2.6037575347946667
300	439.8	113.33626793601418	756.3	60.13266526143673	NaN	NaN	86.6	8.50102816463985
400	645.7	201.56693296035436	1003.2	132.52262473307718	NaN	NaN	119.3	9.597119809817944
500	931.1	223.80005548318346	1112.6	177.94083061584266	NaN	NaN	142.3	9.4032294965081
600	1137.4	249.13590368137625	1337.8	93.80664271523632	NaN	NaN	178.6	12.203065474543681
700	1347.1	335.79044488960074	1505.3	234.232268058532	NaN	NaN	209.6	25.334803925351384
800	1480.3	392.3664508855006	1598.7	298.95272680356004	NaN	NaN	254.3	24.028466984058724
900	1764.7	364.2991625883375	1902.8	311.76856417359335	NaN	NaN	327.5	32.50400338942882
1000	2021.6	535.7055206117032	1975.2	406.3819832013028	NaN	NaN	401.9	47.97834774683263
2000	4067.4	853.211119969223	3382.5	648.1283499511651	NaN	NaN	1556.6	172.53120857542268
3000	5484.3	1180.8770967503112	4453.4	1046.7319982183099	NaN	NaN	3859.5	540.6498232265502
4000	6812.8	926.8076675501902	5514.7	631.6243684154721	NaN	NaN	7067.2	648.3213849512478
5000	7236.2	1104.2862894468192	5741.5	1351.850354434521	NaN	NaN	13872.4	1516.725708713509
6000	8892.1	1392.2272239428576	6358.6	801.5455776036794	NaN	NaN	18534.5	1829.4135081606728
7000	8673.4	1389.9195866232608	6576.8	677.7016779263158	NaN	NaN	19004.9	1434.6538961632648
8000	9344.3	860.7122554037696	7338.7	733.3565205846907	NaN	NaN	19835.7	1304.1950944452153
9000	12385.7	2238.7333413513998	9473.4	1128.3739904912093	NaN	NaN	21674.6	1999.3798473958104
10000	13163.7	1863.3908715571417	9538.3	971.6952282960764	NaN	NaN	24674.8	1947.7683315464556
