10	50.8	0.7008550663296941	51.0	0.6397902156175882	93.1	20.48440523412872	2.7	0.32779494199880516
20	55.6	2.900303904076261	58.7	3.662065526994294	219.2	42.57946885981552	5.0	0.45239999999999997
30	60.3	1.8938763011347914	66.4	2.0028601788442444	445.6	72.94394123007064	8.1	1.0341076326959397
50	79.0	11.784129928000624	94.9	11.30751152623777	1314.7	310.58965926199795	14.0	1.56715957068832
100	158.9	31.67518911255306	181.2	11.195414749976885	9055.1	987.1358903272619	29.5	1.5089422056526882
150	261.7	47.4729621246031	301.7	20.74156561506387	64514.5	48463.071048670936	46.3	2.2404079458884265
200	278.6	46.61388749735426	333.9	23.184010342388998	NaN	NaN	49.2	2.8576500527531357
300	496.2	51.43829778194453	493.3	59.962245250190556	NaN	NaN	73.6	2.3112283175835313
400	718.2	98.08048693712729	762.9	56.779759609529876	NaN	NaN	106.7	15.934019954926628
500	860.5	115.51989929228642	819.7	99.12674002066242	NaN	NaN	128.8	6.340059563127148
600	1037.1	108.6252109103407	909.8	132.4959814387742	NaN	NaN	166.6	12.311598671821624
700	1161.0	201.8340404120177	976.5	141.98451656156033	NaN	NaN	205.3	20.196632796681726
800	1295.1	333.899466140867	1167.9	199.51364459093017	NaN	NaN	241.1	11.928484941349424
900	1512.0	205.46282791512434	1187.5	153.99760125307145	NaN	NaN	311.6	46.99432252789692
1000	1509.3	261.203719097267	1273.0	219.07397013301238	NaN	NaN	401.8	71.5463126707729
2000	2615.6	412.62143897216004	2040.0	331.7899872811113	NaN	NaN	1812.9	346.3083511804415
3000	3327.1	455.11793576658346	2360.5	266.0456759546751	NaN	NaN	4323.9	336.4007660441278
4000	3923.3	332.4315190967367	3028.2	295.125871481956	NaN	NaN	7418.3	1081.216505453965
5000	4872.7	547.7543156377355	3500.4	230.26364508852888	NaN	NaN	13326.6	2051.4696979017594
6000	5179.1	551.2235910618085	4378.0	431.85827706218623	NaN	NaN	17644.2	1341.7569981837933
7000	6698.7	1017.0873184948102	5659.7	823.8230116680184	NaN	NaN	18812.4	2532.7075150595533
8000	7927.9	1133.074272313495	6331.2	346.84549432169933	NaN	NaN	20144.5	1540.7268332964998
9000	8589.5	673.9885695480747	7047.0	615.0860080775695	NaN	NaN	21839.5	2108.855582038092
10000	10489.8	1501.7477045613698	7985.3	690.7122876493249	NaN	NaN	22468.3	1463.341282437369
