0.5	54.6	2.828856874428256	57.9	2.7970249687837967	402.9	82.92471638272873	7.8	0.6235903655445615
1.0	59.7	3.416294039452693	64.2	4.97434321131946	363.7	85.40483478354138	7.9	0.7468026486294754
2.8	64.0	6.469478179884371	66.5	6.619974007501843	318.8	100.5981363409084	8.0	1.011597153020905
3.9	63.9	2.2495245977761615	66.0	3.7030535939950964	326.9	98.32050426536675	9.9	0.5941787912741415
4.0	59.5	4.968682652373765	62.8	4.943388690362108	260.3	55.36131205674229	7.6	0.7965323948214534
5.0	59.9	6.206707071869914	62.0	6.469478179884371	319.5	111.04611634856934	7.5	0.576699106987344
10.0	59.9	0.9298993687491137	65.4	9.327562091779393	246.9	39.04090117448623	8.9	0.5941787912741415
20.0	62.3	6.061569150310832	63.7	5.314978036078794	494.1	126.01124701246313	8.0	0.7153072067300874
30.0	63.1	1.877596260115577	66.2	1.6248656264442298	601.4	132.5312729987002	7.8	0.4291843240380524
50.0	75.2	6.444120010055679	76.5	5.634605223083512	715.6	82.86407171806125	8.4	0.8583686480761048
