10	72.2	13.480457273549735	68.4	8.01782484318534	105.7	20.158595762701328	8.1	5.517147374866834
20	74.4	2.028245985081691	79.8	13.728681596715685	228.5	65.16778424359691	8.8	1.6560559120995884
30	80.2	2.389597184464361	80.3	1.8666640201171711	640.4	118.90428434037185	10.4	1.2875529721141572
50	113.0	8.317272803028645	117.9	10.925483416123976	1861.0	255.19069570766092	17.4	2.6802552445616072
100	223.4	37.17973923544919	200.6	24.830949812200092	9788.5	2676.253469972996	40.2	3.4572359456652646
150	252.2	28.568979406062095	229.9	25.89461487560686	115923.2	48063.913679490084	55.2	2.8034202653187767
200	294.1	36.8483202010078	255.9	25.552491545757334	NaN	NaN	58.0	4.033723827928729
300	385.3	46.083829867796354	330.7	34.50725298142406	NaN	NaN	83.2	2.8034202653187763
400	508.8	94.23384491945558	426.5	79.5087369112351	NaN	NaN	119.6	9.73553868340114
500	489.6	44.87798879022989	433.8	70.9048065715153	NaN	NaN	135.7	6.0615691503108335
600	502.4	52.50004053804148	447.5	44.43347653582825	NaN	NaN	153.8	8.334480124398882
700	634.7	133.13980968562333	531.8	102.2463033768165	NaN	NaN	208.0	22.80248590132225
800	647.3	115.06847581750614	547.6	65.5068326483276	NaN	NaN	242.2	25.236865465901264
900	716.6	121.02702003377593	589.9	51.66127718316688	NaN	NaN	354.4	60.091084781821
1000	777.8	105.69946250186895	673.9	95.70770330269136	NaN	NaN	391.5	54.530857413578225
2000	1483.9	96.31204471609979	1285.0	85.18585085893079	NaN	NaN	1649.0	218.28264839349916
3000	2331.0	213.93163219570874	1887.2	196.8462010766375	NaN	NaN	4195.5	370.1305630315065
4000	3269.1	387.07115710757375	2569.1	226.84971988670384	NaN	NaN	7621.3	880.8570168777701
5000	4238.9	681.1442368478764	3478.5	485.48836008021857	NaN	NaN	12730.5	1759.0164083720708
6000	5096.5	556.7555631127361	4184.7	461.4994520873931	NaN	NaN	18455.4	2502.9640558788883
7000	6610.4	776.104376861628	5298.4	931.9584503345715	NaN	NaN	19074.3	2834.6001541704754
8000	7531.1	1122.1112157169966	5998.7	1021.9888752656772	NaN	NaN	20510.4	1848.5304315177978
9000	9167.1	1039.3295783427873	7033.9	1042.4959207994034	NaN	NaN	22562.7	2662.343059234824
10000	10594.1	1866.2568853499338	7934.4	1170.4830941033945	NaN	NaN	26036.0	3647.2880803640173
