0.5	53.0	0.9047999999999999	54.8	3.321367860385235	160.8	4.8808907449358045	7.0	0.5540745798175549
1.0	65.3	11.909596480317878	67.7	13.966086994000857	179.1	20.0067474486984	7.6	0.9160401825247624
2.8	58.3	1.6942364899859754	62.2	8.229453200790438	184.3	20.56816089406148	7.2	0.6235903655445615
3.9	72.5	1.6699014881123975	72.3	1.9207030806452101	199.6	27.272254003217256	10.1	0.8124328132221149
4.0	58.4	5.496241095148575	66.7	13.59478936666545	192.4	33.783710234608634	7.1	0.38520471959725516
5.0	55.7	0.8493802470036608	60.5	8.52536967057734	200.0	33.11339319973113	7.1	0.5007150447110611
10.0	58.6	4.388513189680532	60.7	5.494844514997672	231.0	26.775812915390635	7.3	0.7188748458528785
20.0	58.3	3.2157017156446583	69.4	12.562554180420477	481.3	147.0762941118792	7.6	0.7965323948214534
30.0	64.5	6.01241131826491	67.3	5.048366445098849	459.8	110.67159500352382	7.5	0.6594806593070035
50.0	70.8	4.817582088973679	73.2	3.5879626954582458	627.8	66.16711523456347	9.6	0.9702899030702112
