10	50.2	0.4291843240380524	54.2	4.9537283558951835	80.1	6.247789775272531	2.5	0.3576536033650437
20	56.7	5.476189412721221	57.7	4.59191571394772	204.1	59.22074113244446	5.3	0.5586727879537359
30	71.8	14.500813833161226	67.7	8.061420187783293	460.2	135.06348774137297	8.2	1.0014300894221222
50	82.7	5.295689356825983	90.8	5.639597423930186	1381.2	216.27483438491865	13.3	0.786837927403096
100	161.3	31.154975259884253	169.0	14.140666445397828	5055.3	1147.9017313422278	29.8	2.2116762113835744
150	269.7	45.017835045279554	323.0	42.703301062095896	53004.0	28456.225073518966	47.0	1.1969378931256207
200	348.3	79.44938107804239	362.8	52.05824809253573	NaN	NaN	53.3	5.559644449423002
300	525.8	76.39387200439576	486.1	48.638207581653326	NaN	NaN	71.5	4.13704896997848
400	758.7	94.03885158594824	673.7	45.93703772691487	NaN	NaN	99.2	3.6445586597007873
500	938.0	100.00700822402398	847.4	93.44179357662179	NaN	NaN	129.8	6.034073143739641
600	1145.9	134.57833586322874	1101.6	104.27952480720269	NaN	NaN	169.7	24.102881080982826
700	1325.8	117.64740067228004	1138.5	116.00741484551752	NaN	NaN	200.1	18.999318870843766
800	1316.6	246.04139074150916	1171.6	197.9593018733295	NaN	NaN	259.9	18.62671503502429
900	1516.0	206.98424789108952	1297.8	119.03442680159381	NaN	NaN	313.9	39.25915887377109
1000	1690.0	143.18227723234463	1435.8	76.85529064354645	NaN	NaN	383.3	54.70491622664273
2000	2960.1	575.8819620567014	2435.9	370.53789480542474	NaN	NaN	1739.3	226.98920355876837
3000	3854.0	637.2791496192543	3191.3	539.2665925485871	NaN	NaN	4383.4	699.3804929698967
4000	4844.4	733.0341916045224	3906.1	583.1453943300555	NaN	NaN	7123.3	1354.4779712059712
5000	5224.5	796.4717050916622	4510.5	566.3022825554034	NaN	NaN	13568.3	1951.144375141707
6000	6349.7	921.927158646801	5351.6	608.1392952628665	NaN	NaN	19131.0	2902.7602187436974
7000	7619.9	1021.643885390969	6460.4	648.190077990967	NaN	NaN	18866.9	1947.0637057844092
8000	8642.2	1172.389288674058	6967.8	820.9499383262684	NaN	NaN	19996.3	1486.3141933543407
9000	10359.2	1452.8725736319145	8419.7	1100.0211378088713	NaN	NaN	22012.9	2460.2659705290152
10000	11176.1	1717.9947167896985	9421.1	1257.1627210936997	NaN	NaN	25970.7	2604.4196117064403
