10	51.6	1.247180731089123	57.3	10.91423790120043	86.3	9.766235754066148	2.5	0.3576536033650437
20	68.7	15.018215079163035	68.7	6.718178080700152	214.2	65.31643974241094	6.3	1.8938763011347919
30	70.6	9.003782956957592	74.9	8.550539521924918	422.0	86.0107467759698	8.1	0.8124328132221149
50	87.9	8.902342327500106	108.1	13.719920412159832	1436.9	154.10660869319005	14.5	0.732971772989929
100	169.0	34.39430320271076	217.9	26.203002532457994	7637.7	1346.89798222648	36.0	2.498460662087758
150	252.0	56.078442696637005	338.8	48.28805791398117	27032.3	16626.435601668334	48.7	2.0743908995172533
200	300.9	64.8752089664149	389.2	51.40844767452134	NaN	NaN	53.7	3.8659691054119922
300	492.0	97.01158680776228	502.8	79.42796475690409	NaN	NaN	77.7	3.7449594395667347
400	752.9	179.09711226425733	685.8	107.89943910022888	NaN	NaN	106.7	4.680208645349051
500	832.4	180.91848753849342	857.2	115.29802532005482	NaN	NaN	129.2	7.808324397974254
600	1037.3	167.31463704483238	966.2	147.80497202213462	NaN	NaN	161.5	12.102228493132989
700	1166.6	250.47811454451661	1073.0	175.21727082271315	NaN	NaN	230.7	30.681676612662482
800	1303.2	232.1133419847812	1134.8	113.7517496350012	NaN	NaN	237.7	22.74643176245452
900	1368.8	259.5048975882805	1195.5	180.5603864546706	NaN	NaN	341.6	58.81304399073389
1000	1461.1	269.61511398784006	1225.0	172.35341618546468	NaN	NaN	378.2	41.79598219810129
2000	2305.1	406.28548271878475	1935.3	343.14443823859943	NaN	NaN	1734.8	304.9073302128107
3000	3372.6	758.5323629081728	2259.1	502.2172305976329	NaN	NaN	4442.1	820.704378084506
4000	3853.7	578.5969662930527	3163.0	417.25298609558206	NaN	NaN	8390.4	1609.918530855725
5000	4886.3	942.4480717958756	3766.3	519.9936108045982	NaN	NaN	13613.0	1390.542417958057
6000	5759.3	397.2244673410791	4572.7	391.97282237614894	NaN	NaN	17217.1	1685.5433344198648
7000	6937.6	627.0222546183317	5350.0	625.1627846420802	NaN	NaN	17193.8	2089.212388314942
8000	8438.8	708.460191108847	6359.1	859.6447880787249	NaN	NaN	21354.0	1656.7000111308264
9000	9607.1	1346.7109677620792	7535.9	1123.8654272868953	NaN	NaN	23879.2	1629.9964717400537
10000	11063.2	1256.7507030882712	8205.6	1150.1891748234877	NaN	NaN	24519.1	2267.7178601651567
