10	53.4	0.7965323948214535	53.7	0.6437764860570786	88.4	14.809450645314296	2.7	0.32779494199880516
20	59.2	4.168467706963795	60.9	4.845645397261339	175.4	26.6612949996057	5.0	0.0
30	64.8	5.045831997203236	68.8	4.622456635167063	477.8	91.41043986845268	7.8	0.8341843824958602
50	80.4	7.510385040462305	90.7	4.433173761990386	1347.6	176.39835398374896	17.3	8.067764766278204
100	181.0	30.30066994902918	188.5	19.644919793676937	8898.5	1570.0974368128177	29.8	1.9926153025609334
150	271.0	41.065113289993484	317.9	30.692347746563804	86173.4	29632.96740757927	46.4	3.9335393039856608
200	359.4	95.0751724833355	382.1	63.46871306491097	NaN	NaN	53.8	13.758465082413807
300	580.8	80.81186135948113	549.9	71.34912401898147	NaN	NaN	73.8	2.164912447190417
400	742.2	75.36215478225128	677.0	75.32901518591625	NaN	NaN	96.8	3.5304595712173223
500	924.5	115.69958635094596	840.0	69.21054673906282	NaN	NaN	129.4	9.294590754627123
600	1060.2	108.0302403636315	986.8	66.34396255865337	NaN	NaN	160.9	10.602242783298257
700	1176.2	110.8388309356608	1041.3	125.17387655610894	NaN	NaN	209.5	15.468673396901234
800	1299.8	228.85064384874255	1099.5	181.88203145978989	NaN	NaN	250.7	54.749793037088274
900	1347.6	210.85193900596695	1157.2	184.23869887269612	NaN	NaN	333.2	36.80851619698898
1000	1420.3	167.76601493176142	1154.2	150.45405252416433	NaN	NaN	364.3	41.67123417135614
2000	2264.2	417.27895766461063	2021.1	269.734266898583	NaN	NaN	1900.4	234.58242195291612
3000	3366.4	630.5964474532472	2680.1	554.679525262395	NaN	NaN	4673.8	908.7167597221832
4000	4157.5	786.2339926035378	3351.0	651.0228557958314	NaN	NaN	7512.4	945.3358453825053
5000	5571.8	1165.9129974473326	4279.3	777.8409262049946	NaN	NaN	12673.6	2456.4323991631472
6000	6340.7	1317.6307873062788	5172.4	733.3039921992623	NaN	NaN	17554.1	1853.9238416672554
7000	7246.4	1234.869087598105	6277.6	1037.4643309509274	NaN	NaN	18505.2	1027.0924688602404
8000	8101.1	1327.4626527264547	6799.2	870.1204442763448	NaN	NaN	20210.2	1902.1402059868415
9000	9727.6	1647.8035851545458	7867.3	1326.5987271745453	NaN	NaN	23229.1	1894.6711692822996
10000	10935.1	1792.8191458845245	8651.6	1442.355434131773	NaN	NaN	25103.9	1704.5958777388485
