0.5	66.9	4.483669733153858	70.3	4.51324271051314	468.5	63.20276539851718	10.8	1.7753457984291396
1.0	74.7	6.868811711205948	76.0	3.8916919508100842	482.7	68.14595520677658	10.7	1.0141229925408455
2.8	86.3	3.2315739824426117	88.2	2.2574714669293168	503.0	90.79950886475102	10.7	0.7868379274030962
3.9	65.1	2.3820911393143636	71.0	1.9458459754050421	460.0	49.50835426228586	9.6	0.6555898839976103
4.0	68.8	3.6585708554024206	73.5	8.762148322186745	437.0	61.850707781237226	9.7	0.558672787953736
5.0	71.6	5.430684672856637	81.0	10.51282599494541	483.5	104.74757583801163	10.5	0.576699106987344
10.0	72.0	12.385353734149056	69.3	2.307905198226305	524.5	117.35671506522326	9.5	0.732971772989929
20.0	65.5	2.356174598793561	68.7	1.8938763011347914	450.3	81.21370716377871	10.7	0.7188748458528785
30.0	70.9	2.6850235373270004	74.0	2.559160862470353	478.7	108.22437293439957	10.5	0.861343938273208
50.0	80.2	2.389597184464361	80.3	1.8666640201171711	640.4	118.90428434037185	10.4	1.2875529721141572
