10	59.0	10.21162106229956	56.2	5.844545777389378	94.9	13.912495314500557	7.4	3.854702864813318
20	56.0	2.169634181146674	57.3	0.9076230957837069	218.5	45.764290722134	7.7	1.1556141587917657
30	65.4	3.801236990244097	67.2	2.4529927321539295	471.0	81.4853908305041	10.9	1.7939813477291229
50	81.6	6.011985796390406	93.2	5.835784648528422	1467.7	375.6774177806327	16.6	1.6683687649917205
100	189.4	24.72770560678851	204.7	20.143360837854242	16037.9	8763.080776834373	37.9	2.9570837992860466
150	299.7	38.33946537138983	328.2	37.168177429408615	424204.8	322138.23982680385	55.9	2.9570837992860466
200	359.6	51.49734994906048	400.0	28.219753226419254	NaN	NaN	63.7	5.038221003886193
300	598.9	97.82696281964394	555.0	56.75772249130509	NaN	NaN	96.6	13.371462445671378
400	699.2	144.6855548988357	675.4	109.61027434951522	NaN	NaN	123.6	14.199163361832273
500	771.5	123.55045242401987	744.1	60.60340842721636	NaN	NaN	138.8	8.647824507007527
600	924.7	151.32764784745711	824.9	102.30766189272434	NaN	NaN	165.8	8.89860565167375
700	980.6	83.65315176140108	879.9	90.76425446416668	NaN	NaN	211.3	19.052029865712473
800	1263.0	94.52291478747362	1050.5	67.84887758850547	NaN	NaN	256.8	22.19251416275317
900	1303.8	93.38186959867531	1089.5	96.44890550887553	NaN	NaN	323.7	18.21169900706686
1000	1270.8	140.35260691438543	1057.0	121.02439883924232	NaN	NaN	378.0	48.845584213928696
2000	2210.3	273.8986018774174	1721.0	253.5531486684399	NaN	NaN	1800.2	342.02723571152046
3000	2691.4	344.4440325396507	2130.4	300.25853095906535	NaN	NaN	4131.4	575.3382837470283
4000	3519.8	406.21776696139716	2840.5	176.57492780329827	NaN	NaN	7834.1	1175.3255115824704
5000	4682.2	521.7120266624338	3704.9	229.06041113164008	NaN	NaN	13609.7	1715.605904917095
6000	5328.1	779.2614918073367	4405.8	442.6904253547663	NaN	NaN	16141.6	1843.0083395233826
7000	6969.9	758.6716605748998	5324.1	647.8372304432926	NaN	NaN	17977.9	1239.9508017292767
8000	8282.8	1448.424317681329	6365.1	517.2770611839229	NaN	NaN	19242.1	1402.3642008854745
9000	9470.4	1178.0922158651315	7307.3	652.4437804748575	NaN	NaN	20059.6	2238.2944841401754
10000	10374.5	1504.0847572811913	7678.3	718.494955353873	NaN	NaN	22806.8	2652.723672687026
