0.5	96.2	9.429040573886613	107.1	20.924294741663335	2081.9	185.7771249568579	35.6	3.3428656114178446
1.0	101.4	5.8567893402443625	121.4	13.834122746889301	2887.1	1007.1888426743596	39.0	2.498460662087758
2.8	110.8	16.1944035044209	130.1	20.45941174608889	3700.1	922.5366961825399	36.3	1.110455403877166
3.9	127.3	12.803999000468563	171.5	36.39255028408974	3775.7	968.9043549387956	49.2	3.630492383134827
4.0	98.2	3.630492383134827	141.3	29.20530211184263	4130.4	1248.3968040474374	38.1	2.2945645939916357
5.0	110.2	4.03118609642373	180.4	29.591940131326297	5851.0	664.2570882750744	42.8	2.5551590447563144
10.0	126.5	23.099550202114322	244.3	35.224867446791045	9239.7	2683.1600684202804	41.8	2.963133662864367
20.0	192.0	57.89129312772344	320.7	43.08863607128914	74177.9	33692.469016241805	47.2	2.8576500527531357
30.0	193.5	38.694417562485675	300.4	28.701918935430083	158869.9	90757.56888414058	43.0	2.145921620190262
50.0	256.6	34.77187719660818	253.7	21.26051381326425	2759439.7	2785922.059904721	52.9	5.563324505724972
