10	87.5	75.70725103409843	51.8	0.42918432403805234	86.0	12.679312066512125	2.5	0.3576536033650437
20	58.4	6.1216256546770325	57.1	0.8731437201285938	162.5	30.755298617636605	5.2	0.6235903655445615
30	75.0	9.69762428226625	72.6	5.297138444103571	454.8	113.96475915889087	8.2	0.7704094391945103
50	88.2	5.14623642519463	98.1	9.705271732208223	1771.9	242.78320081281566	13.3	1.063380611070185
100	161.4	17.030321444294586	174.9	22.848327524700792	5557.5	1303.194689879582	25.8	1.4234433687365293
150	250.7	25.547685321453294	264.3	21.590076077772398	77902.5	37396.22277671188	42.6	3.054956408199632
200	320.2	39.60347945804762	318.4	31.504715039117556	NaN	NaN	48.4	2.8648031304087893
300	490.7	71.13265331930195	459.6	58.89129055009748	NaN	NaN	72.1	2.8692647483283933
400	622.5	91.09838172316783	571.3	59.0871896742771	NaN	NaN	100.0	4.04638861208362
500	708.3	121.79732646065757	630.6	72.20224631142719	NaN	NaN	135.4	14.31758447560202
600	802.5	134.73367123722267	714.9	102.1530069162724	NaN	NaN	162.0	10.115971530209048
700	965.9	117.33805317813997	838.2	120.21537275100886	NaN	NaN	201.6	24.49903687445692
800	1022.2	97.46453774611565	862.9	92.52074972089233	NaN	NaN	241.6	23.09279334026094
900	1092.9	157.05496207416053	943.1	112.51100230055725	NaN	NaN	288.6	25.651917764097096
1000	1156.4	126.90130466790325	954.2	85.28057994071098	NaN	NaN	371.6	58.23338770856457
2000	1803.5	215.47737676336234	1508.1	180.05902205742424	NaN	NaN	1957.5	399.71943382750356
3000	2688.8	331.72209562557634	2217.3	301.8740572176483	NaN	NaN	4363.7	493.38882237748766
4000	3567.5	557.5456275710715	2884.8	397.3062210058936	NaN	NaN	8116.8	1025.4259411300966
5000	4307.2	651.8361721125822	3515.7	470.7717146519362	NaN	NaN	14961.7	3107.483487778946
6000	5448.3	846.0223556954531	4350.9	623.0362274995861	NaN	NaN	15354.2	1857.5889081256444
7000	6851.1	1519.751443281103	5331.2	742.6821399868343	NaN	NaN	18398.1	2513.2050418474887
8000	7379.6	905.4275552287194	6581.4	1062.1513928694042	NaN	NaN	21783.6	2066.8962883096806
9000	8999.7	1617.8312969833673	7134.6	1047.7364341479854	NaN	NaN	24493.5	2454.726886684989
10000	10320.4	1360.9721170465527	8341.8	1347.1149447441758	NaN	NaN	25725.1	2253.602672765835
