10	47.2	0.5352868987748531	47.2	1.2306610516303833	65.4	3.907437228670475	2.6	0.3504275331648471
20	56.5	11.57494376401026	51.0	2.931887091959716	108.4	12.542172983020127	5.1	0.38520471959725516
30	53.0	0.9047999999999999	54.8	3.321367860385235	160.8	4.8808907449358045	7.0	0.5540745798175549
50	62.4	7.211488723973713	63.4	7.889160767534148	507.4	67.76885559086857	11.5	0.4798426617131911
100	79.8	12.560924901614529	88.4	23.709385829582345	1484.1	211.6679598770584	24.4	2.661096634096552
150	96.2	9.429040573886613	107.1	20.924294741663335	2081.9	185.7771249568579	35.6	3.3428656114178446
200	118.5	18.7766438646527	118.5	3.072492177370026	NaN	NaN	45.4	2.220910807754332
300	134.5	11.73736084901542	169.4	13.568983664814398	NaN	NaN	69.9	2.2266629821326798
400	167.7	14.30989900467505	225.2	21.305590559850714	NaN	NaN	92.8	4.156174941457589
500	191.5	17.664612487682824	302.2	37.52575509039091	NaN	NaN	124.5	3.449086444263176
600	220.9	20.379226600536143	401.3	52.196893717576714	NaN	NaN	166.6	10.9383546887089
700	241.7	17.965606590482828	509.3	58.24379871406053	NaN	NaN	200.8	16.064341156237933
800	271.6	23.696433890693342	643.4	97.88434853487048	NaN	NaN	258.4	27.998041491790104
900	304.5	26.905917125048905	817.4	178.97215026259252	NaN	NaN	323.4	27.554094129475565
1000	341.1	36.841376701149485	1016.3	285.4991792680392	NaN	NaN	379.5	40.122613555201006
2000	618.7	20.22448115537207	4863.6	342.4045221048577	NaN	NaN	1727.4	294.95564083939126
3000	925.8	27.960735623799312	9423.4	811.4631218417359	NaN	NaN	3716.7	718.4668967421143
4000	1299.0	92.74586187081341	13586.5	1055.5196488168754	NaN	NaN	7595.3	1251.0911195855574
5000	1585.1	32.050951612019254	19366.0	1073.40358926946	NaN	NaN	12903.5	1207.9715058867653
6000	2008.4	119.04663379439168	24558.4	1265.7739368256623	NaN	NaN	18071.3	3778.7633007948725
7000	2317.2	100.92059459824837	30540.1	1963.4166371646434	NaN	NaN	17528.7	1113.457273185282
8000	2768.4	122.7285408570313	37379.5	2358.70429892046	NaN	NaN	18291.8	1866.2870803907483
9000	2984.8	39.47536738352158	44962.1	3204.944846953176	NaN	NaN	19764.6	1824.4023317706256
10000	3417.9	92.7709325357679	51510.5	3212.795502779512	NaN	NaN	24470.0	2198.8176337681484
