0.5	68.5	5.652737547418949	83.7	4.072228284858303	1301.1	200.6857949628623	13.0	0.9047999999999999
1.0	79.0	8.230696602353898	94.4	6.41547226133821	1424.9	482.50537962285557	14.5	1.1196328773307793
2.8	74.4	5.994940154496957	94.5	20.105731999109107	1224.1	183.64889501490606	13.5	1.0241640591233419
3.9	79.6	4.648946574870483	97.9	8.139743433057333	1001.3	180.16771071466718	14.8	0.6235903655445616
4.0	66.3	9.834108411238915	74.9	4.517775217515807	991.5	241.45920284209507	12.2	0.8341843824958602
5.0	71.1	7.812582561227755	89.8	16.070710082133893	994.5	260.07241097313647	12.8	0.9489622458243531
10.0	71.6	20.965213716439905	71.8	4.301370096143785	860.6	97.43429449724569	13.4	1.3266972284587015
20.0	82.7	5.295689356825983	90.8	5.639597423930186	1381.2	216.27483438491865	13.3	0.786837927403096
30.0	90.3	6.203408701996024	101.2	11.599451307023106	1748.7	150.4725007424413	13.2	0.6235903655445616
50.0	96.1	10.774578215224945	96.5	8.88968877857937	1920.8	275.8755082381617	14.2	1.051282599494541
