10	51.7	0.8493802470036608	51.9	0.8124328132221149	71.0	4.966107538102654	2.8	0.5352868987748532
20	53.3	0.786837927403096	57.3	9.24961644199369	114.9	18.714410628069484	5.2	0.4291843240380524
30	58.6	4.388513189680532	60.7	5.494844514997672	231.0	26.775812915390635	7.3	0.7188748458528785
50	64.5	2.0545635302905576	69.9	3.5829680149284053	864.4	183.92778094332564	13.6	1.2875529721141572
100	86.0	8.795661275879148	120.7	11.60937205898751	3012.8	511.5276617288883	26.8	2.3463820967608835
150	126.5	23.099550202114322	244.3	35.224867446791045	9239.7	2683.1600684202804	41.8	2.963133662864367
200	122.8	12.718797769600709	322.5	48.965116447732456	NaN	NaN	50.0	3.3244474789053293
300	151.4	10.620324869607332	568.2	61.74373364920525	NaN	NaN	70.9	1.3363041405308898
400	216.3	49.34277046948214	858.3	167.3592793062996	NaN	NaN	97.8	5.055962165997685
500	361.7	175.9062592391868	981.8	115.84081644042396	NaN	NaN	124.9	10.65039345921079
600	461.3	155.53747869939255	1246.6	108.19654618820326	NaN	NaN	152.9	11.028032972203158
700	473.8	135.9041526655606	1639.6	172.12889612176102	NaN	NaN	205.7	18.295790967432918
800	636.4	247.2158417086089	1830.6	236.22541550226128	NaN	NaN	249.0	28.63731307787097
900	737.2	231.8314519358924	1869.4	223.30607894998292	NaN	NaN	302.1	36.87885606951495
1000	893.8	194.99326935744216	2242.6	208.73399687797863	NaN	NaN	397.4	50.425048695425176
2000	2787.2	621.1971595747552	4915.6	524.5432367706745	NaN	NaN	1604.1	252.79738977741837
3000	5127.9	1332.7752161471024	7677.5	660.7082649731119	NaN	NaN	4333.0	765.1727151151692
4000	7789.0	2127.1648835307524	10242.7	1227.033697829723	NaN	NaN	8466.3	1058.8984247430742
5000	11908.1	3069.251919639448	13445.0	991.8736652011282	NaN	NaN	12795.2	2353.9688557607174
6000	13368.5	3626.355496441972	16580.2	1987.4999843335606	NaN	NaN	18572.6	1835.086537731454
7000	16955.8	5046.414169074771	18853.9	2695.640906718006	NaN	NaN	18706.3	2022.7569971752523
8000	20980.6	5374.773515491064	21547.6	3340.0546346858364	NaN	NaN	19302.3	1470.6713404469415
9000	25031.7	5443.2132471485265	24844.1	3355.4677939295966	NaN	NaN	22574.2	1551.261089618348
10000	28255.3	5805.191053773262	26907.9	3777.2595618652254	NaN	NaN	25854.4	3268.638968411044
