10	60.2	15.933217148586156	52.9	0.5941787912741417	91.0	15.71723806271318	2.8	0.28612288269203495
20	57.4	2.846886737473059	60.2	3.587962695458245	180.5	53.14424463984788	5.0	0.45239999999999997
30	63.1	1.877596260115577	66.2	1.6248656264442298	601.4	132.5312729987002	7.8	0.4291843240380524
50	94.5	15.554437037064375	100.0	11.49398747519763	1847.0	276.1226652074762	14.2	1.0988757818789163
100	195.1	90.63337498005907	197.6	16.970126425457178	7631.6	2516.5564449148396	31.7	4.109749608431152
150	239.8	38.45639498424156	304.2	17.506184879179127	117222.0	49827.05531220106	46.4	4.947527149597059
200	285.3	62.99582687007132	366.1	31.221254487864513	NaN	NaN	51.0	4.243888179488239
300	448.8	71.93857060564936	503.9	39.979786173965465	NaN	NaN	72.1	3.45205212533067
400	664.7	129.6037372362541	625.5	73.11702879753798	NaN	NaN	99.2	3.9542969114622646
500	838.2	84.94934901542213	749.6	51.028233343669655	NaN	NaN	126.0	6.508902543440022
600	1060.5	85.4037563882292	925.4	108.06831356404152	NaN	NaN	162.2	14.240902414664598
700	1128.6	115.8696997663151	1004.4	113.21268194728007	NaN	NaN	192.7	21.724740716611553
800	1293.8	126.1611311889046	1082.3	120.90302185836381	NaN	NaN	260.5	36.38551980912187
900	1441.0	106.7059990163627	1304.0	148.3813379939674	NaN	NaN	298.6	32.080870323854995
1000	1399.6	121.2323115259954	1275.7	117.49693311607753	NaN	NaN	395.0	25.657502159017742
2000	2461.7	187.2714840928111	2040.4	192.38657741125283	NaN	NaN	1624.8	202.71049018653179
3000	3065.6	524.8509977232928	2659.3	338.2701393973816	NaN	NaN	4090.8	587.3796686317155
4000	4082.4	518.8202807272052	3253.6	374.6415878631949	NaN	NaN	9091.8	1421.8969352098568
5000	4889.1	755.5890246941626	3916.0	615.4630570641264	NaN	NaN	13851.9	2242.5864416901736
6000	5726.9	887.8266982771107	4697.5	666.2979122567473	NaN	NaN	18521.0	3076.683345557251
7000	6798.1	760.0744416096334	5706.2	620.8986705087265	NaN	NaN	18970.1	1922.1218110631478
8000	7714.7	1010.302393039076	6277.2	730.880154172915	NaN	NaN	19049.7	1943.8961561895026
9000	9379.2	1014.532282641486	7179.4	903.1084899837097	NaN	NaN	22392.2	2482.0642408349836
10000	11212.0	2070.8265199641805	8463.5	1362.3812961724702	NaN	NaN	25052.3	2784.143499044416
