10	57.6	15.603537678872701	51.4	1.117345575907472	96.2	15.71333105563553	2.8	0.4291843240380524
20	58.9	6.826969327307689	60.7	7.139109950406983	157.8	43.451365564548134	5.2	0.6235903655445615
30	58.0	3.8653072943816507	63.9	2.9397298712636846	284.9	52.388086036006314	8.1	1.216022251441149
50	66.3	9.834108411238915	74.9	4.517775217515807	991.5	241.45920284209507	12.2	0.8341843824958602
100	94.4	10.905561569034397	163.1	25.40992305608185	2785.1	720.2400842864246	27.9	1.8222793298503936
150	154.0	16.2076680296704	302.6	27.433127165819066	10016.9	3104.0264888063366	46.0	2.807068178723132
200	193.7	54.942904398693734	365.6	26.73029432565231	NaN	NaN	50.0	6.010283407627297
300	313.1	109.16462151977625	588.1	59.54385787195855	NaN	NaN	73.9	4.039427894640527
400	457.8	96.1282403741169	877.7	58.639530612070885	NaN	NaN	99.3	4.830839811461357
500	757.1	191.89559380172332	1138.7	93.56975649644494	NaN	NaN	123.9	2.1802206943334883
600	1070.9	222.5468789091323	1330.5	125.3430718108504	NaN	NaN	158.9	12.897169448991509
700	1171.1	229.8433438006765	1490.9	224.77302900365066	NaN	NaN	197.5	19.613640129766836
800	1540.3	291.78099943499404	1642.5	179.65414347979842	NaN	NaN	247.3	21.856234819474277
900	1860.3	448.1166498477869	1776.1	267.3841780369886	NaN	NaN	342.0	73.86391200850385
1000	2003.7	337.32238345203837	1962.3	279.43548129169994	NaN	NaN	372.7	44.66410504380447
2000	3868.9	615.462179990644	3107.0	418.5443337222951	NaN	NaN	1673.9	320.9505320975742
3000	5441.6	742.395236970346	4653.0	637.4470115950973	NaN	NaN	4285.2	719.6538549207555
4000	7336.0	1043.5401077664817	5683.7	690.5410726554098	NaN	NaN	8562.8	1018.5775099394567
5000	7342.4	1225.9889004310014	6174.3	1214.4206358154179	NaN	NaN	11486.2	3118.3351612588253
6000	7747.1	1292.4595105087185	6810.5	1068.2764453474858	NaN	NaN	16185.7	1205.0007138270764
7000	9531.3	1924.537836242084	7564.4	748.9656003233899	NaN	NaN	18156.9	1386.570665486168
8000	10645.7	1375.0634575293766	8567.6	1002.3066826170999	NaN	NaN	20144.1	2217.8771107459033
9000	12147.1	1443.3086751513256	8990.0	857.5297192383714	NaN	NaN	23944.9	2524.871665646544
10000	12777.0	1922.4675587967877	10127.5	948.5753704909799	NaN	NaN	25523.8	2892.1773804635395
