0.5	299.7	38.33946537138983	328.2	37.168177429408615	424204.8	322138.23982680385	55.9	2.9570837992860466
1.0	292.8	48.43617594633168	307.9	39.905488287652865	350085.2	196370.13700887782	48.2	3.321367860385235
2.8	271.0	41.065113289993484	317.9	30.692347746563804	86173.4	29632.96740757927	46.4	3.9335393039856608
3.9	260.7	38.78396730304933	298.7	26.836988021832852	49840.4	31476.521745637117	49.2	3.321367860385235
4.0	261.7	47.4729621246031	301.7	20.74156561506387	64514.5	48463.071048670936	46.3	2.2404079458884265
5.0	252.0	56.078442696637005	338.8	48.28805791398117	27032.3	16626.435601668334	48.7	2.0743908995172533
10.0	287.5	42.878177495084834	350.2	47.49963022660281	13305.3	2404.5981603702357	46.1	3.0085450363921753
20.0	318.7	23.341494591478067	338.5	47.65390354734857	43044.6	26653.912679312172	49.5	4.234836150313256
30.0	250.7	25.547685321453294	264.3	21.590076077772398	77902.5	37396.22277671188	42.6	3.054956408199632
50.0	238.4	25.777274029966783	217.4	19.44583395424326	309512.1	148417.8551440887	46.2	1.9667696519928304
