10	65.1	19.888756396416543	50.9	1.0824562235952087	72.6	5.039744122076041	2.9	0.3852047195972552
20	61.6	16.598210130492987	55.5	4.6933093249859414	120.1	13.671352847322755	5.1	0.38520471959725516
30	55.7	0.8493802470036608	60.5	8.52536967057734	200.0	33.11339319973113	7.1	0.5007150447110611
50	66.5	10.484803114031278	68.2	9.520843718074572	802.3	167.40268707187468	12.6	0.6555898839976101
100	89.3	21.545000819772547	107.0	17.862640337867187	2469.9	653.6036729059254	26.0	3.2465807613549367
150	110.2	4.03118609642373	180.4	29.591940131326297	5851.0	664.2570882750744	42.8	2.5551590447563144
200	112.7	9.650286909931745	242.8	42.4169332882989	NaN	NaN	47.7	3.1676077541261325
300	134.1	5.6091214959207285	415.1	57.57085518937512	NaN	NaN	70.7	3.6057443619868565
400	169.0	13.833383013565408	564.9	61.946966971079384	NaN	NaN	101.4	4.365132558811932
500	186.1	7.586641441112135	798.7	63.881419092596865	NaN	NaN	122.1	5.1327965044408295
600	259.8	62.97043989479507	1120.7	138.24430953816506	NaN	NaN	163.2	17.514950975209725
700	278.4	33.29245995501083	1364.1	120.57603677462616	NaN	NaN	217.9	37.75907485566881
800	344.0	61.78449176484339	1657.3	231.21137867467507	NaN	NaN	257.8	25.553192377939784
900	363.4	43.99249814611577	1925.0	267.0907685461255	NaN	NaN	326.9	46.67887885067506
1000	357.8	24.399840763086956	2143.9	320.85167549526057	NaN	NaN	360.6	45.445601005333835
2000	1115.8	320.74072052070966	4858.4	383.6839045970211	NaN	NaN	1690.4	231.37577727241887
3000	1822.5	223.7522218789793	8447.0	690.8579795935485	NaN	NaN	3841.7	585.5999572687176
4000	2773.4	842.6407063415438	11217.3	651.5982273597158	NaN	NaN	7811.1	1113.6407658361811
5000	3703.9	1214.8524328688961	15157.3	1225.1128174483213	NaN	NaN	11983.9	2104.5898279670446
6000	5010.6	1733.8661058359767	17775.7	1470.9228594098342	NaN	NaN	16611.2	1426.0527009646114
7000	7290.9	1851.4887836567943	22182.9	1738.7322169784156	NaN	NaN	17372.8	1445.4672675734944
8000	7108.5	1529.2858980924984	24937.2	2106.065533707929	NaN	NaN	19112.2	1612.667666263767
9000	8993.4	2521.719138646034	29058.5	2278.7507285721135	NaN	NaN	21615.7	1447.89014045304
10000	10245.8	2169.8394801428753	36053.5	2383.045529800742	NaN	NaN	22859.8	2700.0473986815828
