0.5	59.0	10.21162106229956	56.2	5.844545777389378	94.9	13.912495314500557	7.4	3.854702864813318
1.0	51.9	0.5007150447110611	52.5	0.732971772989929	93.5	15.13090333654934	2.9	0.38520471959725516
2.8	53.4	0.7965323948214535	53.7	0.6437764860570786	88.4	14.809450645314296	2.7	0.32779494199880516
3.9	52.6	2.197751563757833	55.0	7.188748458528786	83.0	8.00377304026045	3.1	0.9833848259964155
4.0	50.8	0.7008550663296941	51.0	0.6397902156175882	93.1	20.48440523412872	2.7	0.32779494199880516
5.0	51.6	1.247180731089123	57.3	10.91423790120043	86.3	9.766235754066148	2.5	0.3576536033650437
10.0	56.4	14.698475303785763	55.5	11.83287636460383	80.7	4.8835107949097445	3.0	0.3198951078087941
20.0	50.0	0.5540745798175549	56.0	13.594601181351365	83.8	7.383966309782298	2.7	0.4580200912623812
30.0	87.5	75.70725103409843	51.8	0.42918432403805234	86.0	12.679312066512125	2.5	0.3576536033650437
50.0	53.5	1.1644357689456297	59.4	13.030376606069373	100.8	20.807449356035924	2.8	0.5352868987748532
