0.5	94.6	7.973028599973788	96.6	4.81120540571695	1549.3	443.48424380255494	16.2	1.387032135172073
1.0	98.2	9.347289069243551	103.5	6.581215044351612	1672.0	547.7200279487321	16.5	0.861343938273208
2.8	96.0	8.24312030240976	102.1	5.526413668555766	1428.9	217.7885387117421	15.8	1.1444915307681398
3.9	86.3	6.883693781974906	101.3	3.4756864766546482	1455.6	312.2079888880744	16.2	1.271557904304794
4.0	84.8	5.035681449813918	94.0	3.7579166355841367	1425.6	161.92008415911843	16.2	1.6248656264442298
5.0	97.8	7.568747995804854	110.0	4.59135854404772	1447.9	300.5152685756183	17.3	1.281578216107
10.0	84.4	8.543056245630131	91.2	4.8808907449358045	1301.3	203.32349096708919	16.3	1.2410116212187539
20.0	104.0	6.469478179884371	106.0	6.1699133997164015	1370.3	222.71639823884544	15.9	1.5817834605280203
30.0	106.9	8.809901976526184	110.3	6.656970308180741	1574.6	236.95077845142438	17.0	1.2389484250766856
50.0	113.0	8.317272803028645	117.9	10.925483416123976	1861.0	255.19069570766092	17.4	2.6802552445616072
