10	70.8	9.29238850586866	70.9	6.409487863784438	104.6	11.940275056128312	7.4	3.854702864813318
20	75.4	6.704073455444831	75.0	6.227693113826339	216.0	39.14894051899744	8.7	1.281578216107
30	86.3	3.2315739824426117	88.2	2.2574714669293168	503.0	90.79950886475102	10.7	0.7868379274030962
50	96.0	8.24312030240976	102.1	5.526413668555766	1428.9	217.7885387117421	15.8	1.1444915307681398
100	214.6	21.118408027500553	221.2	17.62270763032741	9593.4	1669.3635154627575	39.0	3.6613668595211815
150	309.5	56.719170760687255	311.3	36.47793244256039	145834.4	48460.622634554406	52.9	3.4962354777674802
200	382.0	48.11524440590529	373.4	37.0667197558133	NaN	NaN	61.7	3.75859735592947
300	588.9	99.8894948496387	545.0	85.65486461141597	NaN	NaN	89.6	8.017824843185338
400	725.8	66.43798596694513	667.4	99.89039124888839	NaN	NaN	124.1	12.086151974718835
500	815.8	122.53769902190915	676.5	99.90936741397174	NaN	NaN	130.4	4.947527149597059
600	907.3	79.04649540975235	752.7	83.57350761625361	NaN	NaN	171.2	11.691717628475295
700	889.0	109.04717016851012	739.9	82.34826455898146	NaN	NaN	200.0	15.052076146498862
800	943.9	158.9854387756187	818.5	115.06634142589222	NaN	NaN	274.2	43.0063251922784
900	904.4	99.31555654144016	798.2	76.28260890756162	NaN	NaN	346.1	49.81584476645959
1000	1020.0	150.72831526186442	886.3	87.69039125516545	NaN	NaN	397.3	53.48379297772364
2000	1830.5	462.0676657722113	1478.2	302.0605723008284	NaN	NaN	1767.6	329.686822034148
3000	2820.2	540.2051740779831	2339.3	516.5296737361019	NaN	NaN	4579.0	926.5022221259051
4000	3863.1	761.8216829908401	3021.5	630.7778539049862	NaN	NaN	9066.3	1146.2680056407419
5000	5389.4	1117.8986258409016	3799.1	712.9864510639987	NaN	NaN	13208.4	1032.2448184347434
6000	5767.1	855.7819819862275	4605.8	666.8863064166064	NaN	NaN	17180.4	1745.779395950707
7000	7669.1	1702.9553028493604	5912.1	915.2539189183054	NaN	NaN	16264.1	1649.1903192912682
8000	8282.0	1908.40442489378	6877.2	1108.9537901240355	NaN	NaN	20678.4	1967.2043537020388
9000	9378.8	1649.2044465501974	7542.8	1289.6441356663565	NaN	NaN	20928.1	1279.0207103069895
10000	10715.9	1966.3307337180581	8651.2	1536.1719740561027	NaN	NaN	25808.6	3887.1275958932265
