10	53.2	0.5352868987748532	65.2	17.31516306085507	72.2	4.119076535341387	2.3	0.32779494199880516
20	59.3	5.846734008316096	57.4	4.492220379277935	109.4	4.832428293932566	5.1	0.38520471959725516
30	58.3	1.6942364899859754	62.2	8.229453200790438	184.3	20.56816089406148	7.2	0.6235903655445615
50	68.7	8.061420187783293	71.9	14.131436539715278	578.5	86.66692934643524	12.4	1.3647191711117712
100	84.7	12.52523140241329	85.4	9.082993331275762	1622.0	295.366447860958	24.9	2.7970249687837967
150	110.8	16.1944035044209	130.1	20.45941174608889	3700.1	922.5366961825399	36.3	1.110455403877166
200	107.0	4.255927602767697	191.1	32.581359916921826	NaN	NaN	45.2	2.2574714669293163
300	133.4	5.715300105506271	353.9	66.25339692812739	NaN	NaN	69.1	3.0591407087612037
400	163.8	8.48053937341252	600.0	93.44223163602204	NaN	NaN	94.0	3.3244474789053293
500	187.0	6.252292392394969	834.1	84.57669120198544	NaN	NaN	120.1	5.423613772753365
600	211.4	3.7470082914239726	1124.0	70.54902043657303	NaN	NaN	154.9	9.050544392245143
700	247.3	11.60937205898751	1467.0	136.52589532656435	NaN	NaN	197.1	18.322060369838322
800	277.1	15.389747695007868	1843.3	145.85289350549067	NaN	NaN	240.1	22.38683012746557
900	307.4	16.40285365709272	2085.2	233.7701872377742	NaN	NaN	289.5	38.83564816840321
1000	333.3	16.84256096928255	2326.9	161.98082340288306	NaN	NaN	391.3	51.27116283140065
2000	638.1	20.419358533411373	5647.6	489.08951236886685	NaN	NaN	1843.2	249.41312974834347
3000	1064.2	85.66549688680969	9630.1	1013.7084014191238	NaN	NaN	3685.4	424.97053122683224
4000	1490.1	92.32643331157117	13060.3	1217.2501526859644	NaN	NaN	7505.4	1090.5637669357698
5000	1842.2	165.27336706288764	17746.5	1851.4980082955153	NaN	NaN	13845.0	2204.0080430132193
6000	2255.5	175.46188341409083	22719.9	1545.1277590578832	NaN	NaN	16953.5	1288.300459799817
7000	2884.5	583.9471400019869	27574.7	2021.3806111038868	NaN	NaN	19550.2	1287.3690375975275
8000	3627.7	561.0722225177824	33429.5	2701.574683580659	NaN	NaN	20411.7	1623.0444114854045
9000	3801.2	471.0862292836673	36075.9	3493.7354773170387	NaN	NaN	23118.1	1427.2725810763254
10000	4672.2	822.4544779405508	43679.9	5956.455913677196	NaN	NaN	23882.8	2626.3649759822765
