0.5	54.7	8.342150504755953	52.8	2.2574714669293168	215.4	48.14947417133441	5.1	0.38520471959725516
1.0	56.9	3.695446229618285	61.7	5.614592031839891	237.1	57.283960930403545	5.2	0.4291843240380524
2.8	60.2	5.89683920621887	59.9	5.40471281346197	172.4	42.236089197935925	5.6	0.6555898839976101
3.9	77.9	4.344571292544294	77.6	5.019397877833557	167.0	29.24548189105455	8.6	2.6027747993247514
4.0	58.9	6.826969327307689	60.7	7.139109950406983	157.8	43.451365564548134	5.2	0.6235903655445615
5.0	67.7	19.228463591353314	58.7	4.904420806170693	186.9	68.0154851712167	5.6	0.7294730810660526
10.0	52.5	3.2662214774874037	62.6	19.398414015996256	148.2	43.25426659260332	9.0	8.35410223542901
20.0	56.7	5.476189412721221	57.7	4.59191571394772	204.1	59.22074113244446	5.3	0.5586727879537359
30.0	59.5	7.537926214815319	57.0	0.9047999999999999	180.9	56.2564902626888	5.3	0.8493802470036608
50.0	59.2	2.8576500527531357	65.6	14.705435798234609	241.1	87.53469467974396	5.4	0.3504275331648471
