10	51.9	1.0341076326959395	57.4	11.862890734386793	95.8	13.223706944121231	2.9	0.5941787912741415
20	56.9	3.695446229618285	61.7	5.614592031839891	237.1	57.283960930403545	5.2	0.4291843240380524
30	61.9	3.7504205572175504	68.2	4.192945120556671	382.5	94.84674163227749	7.8	0.5352868987748532
50	79.0	8.230696602353898	94.4	6.41547226133821	1424.9	482.50537962285557	14.5	1.1196328773307793
100	141.1	24.98143214541552	214.7	24.343681412719803	8838.4	3302.491929390292	32.1	1.8222793298503936
150	252.7	58.987521582144815	328.5	35.04311834326391	161161.5	118103.26160935471	48.7	4.328051950242742
200	295.6	69.33330732466179	355.3	45.40713581458315	NaN	NaN	51.5	6.343690176860784
300	448.8	114.24546692549336	569.9	45.1533389467047	NaN	NaN	72.6	2.6027747993247514
400	668.0	88.0850798630506	733.7	81.75998921773412	NaN	NaN	105.9	8.264507290576976
500	871.4	161.42764228228074	985.3	108.24375522460407	NaN	NaN	129.0	4.12156015120488
600	1128.8	135.70748302280165	1165.7	117.09692583805945	NaN	NaN	160.4	13.489563640681638
700	1259.9	221.95060520979885	1268.2	167.41269677268804	NaN	NaN	218.8	17.999039738386045
800	1494.1	190.67263304721	1352.2	192.4266262754299	NaN	NaN	258.4	29.887860011984795
900	1668.5	255.67430127273252	1567.0	197.60690106633422	NaN	NaN	338.0	50.203152306603215
1000	1841.5	201.4572935524053	1657.3	232.94845436311442	NaN	NaN	397.8	56.44929657439498
2000	3631.1	445.0230136870182	2906.3	430.99049513974666	NaN	NaN	1890.0	287.18617822966337
3000	5267.6	592.907283212625	3986.8	614.2424910352457	NaN	NaN	4475.2	608.7886135671592
4000	6291.1	1133.498399493125	4758.1	893.2430614179076	NaN	NaN	8053.1	1318.0945324631446
5000	6849.3	1144.9183576953267	5356.0	756.6999599658507	NaN	NaN	12635.0	1091.873421673886
6000	7497.9	824.9536297447244	6164.7	820.7278567038429	NaN	NaN	17423.0	1768.7723138398337
7000	7861.8	1070.1493456017736	6646.8	876.2206600060421	NaN	NaN	20017.2	1725.3888287213592
8000	9329.8	1372.7223825230444	7519.1	909.0295800454658	NaN	NaN	20073.3	2000.5820616809308
9000	11154.1	1762.3609545762968	8513.2	1302.1334508907694	NaN	NaN	20553.7	1142.2442903694832
10000	12225.6	2006.2191068802867	9400.4	1420.1460468334149	NaN	NaN	25460.6	2189.1647265589163
