10	51.0	0.5540745798175549	52.2	2.4529927321539295	83.9	6.0649446589396	2.7	0.32779494199880516
20	56.1	5.470580477060912	65.5	16.66297352395424	159.5	52.22159038501221	5.7	0.9076230957837069
30	59.9	6.206707071869914	62.0	6.469478179884371	319.5	111.04611634856934	7.5	0.576699106987344
50	62.0	1.1081491596351098	66.3	2.307905198226305	808.7	191.69220206571785	12.3	0.8493802470036608
100	95.6	16.833900655997706	114.5	12.688388528887344	2871.2	1254.700786981878	26.5	1.6699014881123975
150	120.4	6.431403431289317	192.4	24.69250423946506	5028.5	622.1084185477802	40.8	2.117115996822092
200	129.8	7.22991252395214	258.1	37.88488738000947	NaN	NaN	46.7	1.4324015652043947
300	173.1	23.291900881551083	465.4	50.32347611141345	NaN	NaN	69.4	2.6802552445616072
400	272.8	45.68769658960714	640.6	75.1053491965519	NaN	NaN	94.2	5.630517402868053
500	349.2	81.51539995892801	927.6	99.16552275390877	NaN	NaN	127.4	6.5496521507634275
600	451.6	142.7313754968262	1144.0	91.960802536733	NaN	NaN	160.7	13.781688645590568
700	618.9	249.86315550484028	1383.7	138.40410732288257	NaN	NaN	196.9	16.45035514862825
800	789.0	271.36421241983993	1731.2	148.05815554242193	NaN	NaN	247.4	30.514706973785607
900	774.4	176.26545557520907	1923.7	172.666344073893	NaN	NaN	317.4	50.270577261217106
1000	927.3	264.89711133888187	2168.7	230.50591331157645	NaN	NaN	417.5	46.898466638686585
2000	2588.1	659.5781349825629	4567.9	485.0364620482423	NaN	NaN	1573.5	189.41579301299035
3000	6118.0	1019.7184311951216	6983.4	1189.9824634619183	NaN	NaN	4147.1	957.5599033143126
4000	7803.8	1604.6596687818337	9048.5	632.7518156917607	NaN	NaN	7759.9	1316.9953944515507
5000	9962.9	1117.2412755305616	11384.6	1543.9741669949585	NaN	NaN	11876.0	1885.0407638152335
6000	13258.1	1618.0060685692488	13042.5	735.6337174606531	NaN	NaN	15960.6	1730.484677442044
7000	14536.2	1006.4111997063942	14621.8	969.398503812	NaN	NaN	16940.9	1676.6503829549783
8000	16017.2	1943.759061927703	14848.2	1195.6033670680858	NaN	NaN	20266.8	2177.071739895161
9000	18413.2	2038.3517162515166	18239.3	2045.5092791050356	NaN	NaN	21763.7	1810.3313278851042
10000	20797.6	2782.1138709625266	19376.4	1686.6154954841652	NaN	NaN	23933.4	3003.4731093987602
