10	74.3	12.003741570193855	69.3	6.477777199317679	104.7	17.244838819890433	9.4	7.889160767534148
20	65.1	5.102803280158858	65.9	1.8501445446234737	231.4	40.664695676913645	8.8	1.527478204099816
30	74.7	6.868811711205948	76.0	3.8916919508100842	482.7	68.14595520677658	10.7	1.0141229925408455
50	98.2	9.347289069243551	103.5	6.581215044351612	1672.0	547.7200279487321	16.5	0.861343938273208
100	197.8	28.75285848301	216.3	19.11102209103427	24935.8	18440.67792351992	43.5	6.391901308687423
150	300.0	50.95879867971771	288.1	50.48817443437621	588174.8	303385.18094448576	61.7	3.5485293973701277
200	359.8	42.24045015271499	332.3	27.170471342323083	NaN	NaN	57.7	3.703744397768291
300	487.9	61.90978708827869	465.6	90.59822536063274	NaN	NaN	88.6	7.771542046209362
400	607.9	134.79107869779807	557.0	87.89667480263402	NaN	NaN	123.2	4.555557931143012
500	696.6	115.78223272029263	698.3	100.54637071880815	NaN	NaN	145.8	16.407843877365483
600	886.1	118.27143392533971	701.6	101.24475487854174	NaN	NaN	171.4	9.255975752777228
700	896.0	196.64496356571146	706.3	99.0864704310533	NaN	NaN	216.6	14.349711534940344
800	973.9	188.11667022216824	792.5	110.24889147279441	NaN	NaN	273.2	38.982339609418
900	974.5	164.09192535728255	782.2	122.73671197055914	NaN	NaN	311.7	14.155313337542195
1000	1065.3	173.68096466154256	877.0	147.28625269372563	NaN	NaN	386.1	56.12536647502624
2000	1594.4	233.90593784668226	1311.2	195.3152320515325	NaN	NaN	1732.9	239.67925073104678
3000	2698.4	408.79080286280407	1970.3	165.73316033939614	NaN	NaN	3841.8	546.0515601118121
4000	3391.5	114.28865525195401	2496.7	193.9936486948065	NaN	NaN	7931.2	954.228650515705
5000	4474.9	259.8878434527402	3363.6	402.3444013974297	NaN	NaN	12537.3	1402.1433200887006
6000	5525.2	536.2724296987716	4315.0	455.96545189204846	NaN	NaN	17988.2	1902.9528248313839
7000	6600.7	300.4850625142022	5291.5	471.1863007908655	NaN	NaN	19518.2	2094.2316954278153
8000	7772.1	489.71724832188204	6307.4	526.9967967762384	NaN	NaN	21442.5	2379.2223374652694
9000	9877.7	1120.8162317577685	7680.0	1049.0893608620383	NaN	NaN	22735.2	1963.0506269438652
10000	11523.4	1108.968065556234	8636.7	875.8559836536621	NaN	NaN	24464.5	3088.0281567569714
