0.5	81.6	6.011985796390406	93.2	5.835784648528422	1467.7	375.6774177806327	16.6	1.6683687649917205
1.0	87.3	11.516446028354407	112.7	18.276204118032823	1571.5	225.40946334371142	13.7	0.8493802470036608
2.8	80.4	7.510385040462305	90.7	4.433173761990386	1347.6	176.39835398374896	17.3	8.067764766278204
3.9	78.4	7.5443719325070395	96.2	10.245636549478025	1437.6	197.50853480600782	14.1	0.9833848259964155
4.0	79.0	11.784129928000624	94.9	11.30751152623777	1314.7	310.58965926199795	14.0	1.56715957068832
5.0	87.9	8.902342327500106	108.1	13.719920412159832	1436.9	154.10660869319005	14.5	0.732971772989929
10.0	87.1	10.549023194400512	110.1	16.309788622664612	1082.7	168.81554687837257	14.9	1.7939813477291229
20.0	85.7	11.780004326145212	88.1	5.867699504575876	1273.0	316.5471604242249	13.0	0.7153072067300874
30.0	88.2	5.14623642519463	98.1	9.705271732208223	1771.9	242.78320081281566	13.3	1.063380611070185
50.0	93.1	5.832715144424592	93.8	5.264194516162943	1722.3	236.3572556601637	13.6	1.2875529721141572
