0.5	189.4	24.72770560678851	204.7	20.143360837854242	16037.9	8763.080776834373	37.9	2.9570837992860466
1.0	174.7	32.585442754763974	206.2	24.322128046369624	12125.0	2838.257098937966	32.7	2.351827409483953
2.8	181.0	30.30066994902918	188.5	19.644919793676937	8898.5	1570.0974368128177	29.8	1.9926153025609334
3.9	164.0	31.949498869309355	192.2	17.99335337684446	8043.7	975.7399157217686	32.3	1.8390491249556111
4.0	158.9	31.67518911255306	181.2	11.195414749976885	9055.1	987.1358903272619	29.5	1.5089422056526882
5.0	169.0	34.39430320271076	217.9	26.203002532457994	7637.7	1346.89798222648	36.0	2.498460662087758
10.0	175.4	49.114265890227855	213.0	32.94764317883754	5445.6	1455.2567884842097	33.9	4.771158051877971
20.0	164.2	23.910527681002776	175.4	12.497217348514027	4959.7	1028.319134641617	33.3	9.332223610908601
30.0	161.4	17.030321444294586	174.9	22.848327524700792	5557.5	1303.194689879582	25.8	1.4234433687365293
50.0	183.6	37.40612162221579	174.2	19.378885494888504	19124.5	11679.646553029484	30.8	1.9926153025609334
