10	59.9	8.338469602750854	57.7	3.983304287146539	87.3	10.410361980450054	8.6	4.061534224403384
20	56.3	1.3590836927871661	56.4	1.021663044256765	150.6	44.96114075616853	7.5	0.9729229877025211
30	59.9	0.9298993687491137	65.4	9.327562091779393	246.9	39.04090117448623	8.9	0.5941787912741415
50	67.4	2.0282459850816914	72.4	3.37333903662232	692.4	147.48385710936637	15.2	1.188357582548283
100	118.6	18.460470117957453	168.5	33.54363723301336	3035.1	703.0166778059508	37.6	4.246298794950728
150	171.5	23.8493549233517	289.5	21.917484388953035	7259.4	1593.5678488949804	51.8	2.3023560072239047
200	220.8	44.634023359585235	394.1	54.70716094147091	NaN	NaN	59.4	2.4404453724679023
300	380.2	105.99433678260363	753.9	90.39029550718374	NaN	NaN	93.8	10.637654755819064
400	464.3	145.53190128492102	881.3	127.52065876431158	NaN	NaN	105.3	9.72949282563074
500	642.1	139.34487324489552	1005.8	116.10376888828374	NaN	NaN	129.5	4.594143717821636
600	814.7	231.59677855808786	1289.3	106.42562163691599	NaN	NaN	159.5	9.387981300577882
700	1082.1	333.8712689634075	1452.1	169.58467594342358	NaN	NaN	204.3	20.455910220862823
800	1191.7	364.7397740484083	1651.7	192.71763434248564	NaN	NaN	283.5	35.59794427014009
900	1498.9	321.2606166933569	1804.5	189.92699505425762	NaN	NaN	352.9	35.894526170378676
1000	1679.3	354.8216562185628	2190.7	400.57983381883315	NaN	NaN	417.2	42.701863216304744
2000	4591.3	748.2345922010318	4362.6	585.8504191941967	NaN	NaN	1888.3	323.6110281242035
3000	6108.2	988.5888131096688	5866.8	642.6048434899818	NaN	NaN	4077.3	540.1394603851157
4000	8039.4	898.8468616509134	7376.3	659.9555510342223	NaN	NaN	7457.7	836.640326108994
5000	10087.7	1464.917656537897	9626.0	1383.8969240825993	NaN	NaN	13138.4	2254.288232256491
6000	12202.7	2391.1879222316934	11356.3	1363.8495998316544	NaN	NaN	18251.2	3993.8169456504415
7000	15090.0	2042.0991485574248	12981.1	1697.85260276356	NaN	NaN	18689.4	2014.6871274818473
8000	17276.9	2687.5289008222467	15757.9	2726.134818362796	NaN	NaN	21096.4	1641.5806123760406
9000	18973.3	3288.8800467333563	16574.5	2609.258097088569	NaN	NaN	21289.7	2551.71328510958
10000	20265.0	2654.5899698864378	16867.0	2656.546306239076	NaN	NaN	26506.2	2795.1498725445085
