10	62.4	9.958967180184903	63.5	10.357144464571302	102.4	21.366502855076682	7.7	3.7857258014811377
20	60.8	3.7823453866615617	63.6	4.341626019822527	224.4	38.32498262512326	7.5	1.700265820393976
30	68.8	3.6585708554024206	73.5	8.762148322186745	437.0	61.850707781237226	9.7	0.558672787953736
50	84.8	5.035681449813918	94.0	3.7579166355841367	1425.6	161.92008415911843	16.2	1.6248656264442298
100	183.4	23.672670264589925	184.7	18.036666603449763	9644.6	1566.2199792841927	36.4	2.220910807754332
150	303.3	45.1166092777815	300.8	34.502433631035366	193093.5	214157.53354144067	56.3	4.268532450854743
200	342.9	37.279036470863886	327.3	26.34244438020131	NaN	NaN	57.9	3.5686589800652
300	516.4	95.2735496108757	450.6	69.90070448812372	NaN	NaN	85.1	8.381312873052766
400	633.0	159.16606036288013	579.5	104.24666952809571	NaN	NaN	120.1	13.117454824622037
500	715.7	88.73445724454507	659.4	66.26324281783981	NaN	NaN	131.4	7.448817861647576
600	836.2	86.73158138385348	682.2	117.95014583417858	NaN	NaN	175.3	11.679676608707965
700	857.4	142.07240073038815	752.7	95.2976331559394	NaN	NaN	200.4	20.138661078035945
800	901.9	125.30600075605318	779.1	107.56824403268838	NaN	NaN	255.7	16.52978845127789
900	966.5	172.1895406354869	860.1	137.50074531185638	NaN	NaN	307.6	39.336953937182265
1000	974.0	169.82694692115265	875.2	139.163122775195	NaN	NaN	343.0	44.39632419108591
2000	1867.3	240.88485021770046	1472.1	215.67228764464846	NaN	NaN	1741.8	337.5604055811996
3000	2391.7	272.97121159038727	1957.6	233.84052306821417	NaN	NaN	4362.3	327.32711794326485
4000	3290.8	378.8334499020698	2647.4	323.5484338596866	NaN	NaN	8455.7	938.840534434514
5000	4226.9	280.25339268261496	3254.2	316.2701188582696	NaN	NaN	12790.3	865.4478836934804
6000	4845.9	218.85746014215738	4196.4	412.4490383020138	NaN	NaN	17011.4	1926.5272523907506
7000	6226.5	570.7972456002394	5232.4	520.0834553674786	NaN	NaN	18849.3	2111.2655443371978
8000	7536.3	546.1914635671305	6227.0	498.4350747673361	NaN	NaN	19312.2	2024.9318075862368
9000	8764.4	613.7704481002129	7039.8	609.2707644449584	NaN	NaN	22274.5	1818.9366985966774
10000	9952.3	771.6346811024528	7779.1	544.5594302059932	NaN	NaN	23743.7	1715.8749272300947
