10	64.0	10.336127259278495	59.8	6.701019903268456	81.2	13.071933408031116	7.8	4.933027352853418
20	61.4	4.947527149597059	61.5	5.742540429113233	116.6	9.139151856490843	7.4	1.247180731089123
30	72.5	1.6699014881123975	72.3	1.9207030806452101	199.6	27.272254003217256	10.1	0.8124328132221149
50	79.5	2.0793182007571613	79.6	2.355088553749094	494.9	65.02646116309883	15.4	1.786836829707738
100	103.7	14.684021751686421	119.9	24.83146495469005	1824.1	518.4526156104489	35.9	5.338032449882634
150	127.3	12.803999000468563	171.5	36.39255028408974	3775.7	968.9043549387956	49.2	3.630492383134827
200	129.6	3.0381615783233116	231.6	57.661215195103196	NaN	NaN	56.2	2.7481205475742874
300	153.1	11.544845583895869	402.7	119.68184071112876	NaN	NaN	80.3	4.893976968070038
400	161.7	4.4447004942965505	550.8	115.08659431846961	NaN	NaN	98.2	3.602195050798887
500	258.2	30.656234330784986	1007.6	173.9841823330385	NaN	NaN	162.8	20.13510377385724
600	226.0	5.138276271280087	1081.5	162.2748930915069	NaN	NaN	170.8	10.394376109416092
700	243.9	5.681628903404375	1341.7	218.34359678067958	NaN	NaN	203.8	24.025805075043788
800	271.5	4.198432871917807	1566.9	269.6496509822254	NaN	NaN	251.7	26.697446054707175
900	298.6	8.626498150234541	1828.2	267.2020089356815	NaN	NaN	325.3	30.65665158760819
1000	335.1	14.584024630944644	2189.2	230.3304311487824	NaN	NaN	402.8	49.900355734844204
2000	691.1	72.9286831228701	4880.0	591.308000461553	NaN	NaN	1533.4	165.84030057671748
3000	1105.0	110.44723156512343	8813.2	914.1704908599402	NaN	NaN	3879.2	587.7405401847178
4000	1645.9	156.34444270659571	12165.3	1027.0894424863707	NaN	NaN	7046.2	630.2272833424969
5000	2318.7	266.7083231989658	16007.8	1828.8162089551765	NaN	NaN	13812.4	1522.3852948392846
6000	2802.5	443.08154503362016	19922.5	2053.1132000716034	NaN	NaN	18553.2	1800.0793277270152
7000	3528.9	454.4495305491645	23711.3	2157.469371502345	NaN	NaN	19013.3	1466.5259002888713
8000	4407.2	420.3226707532013	27063.1	3190.6761484487697	NaN	NaN	19696.7	1360.4836204762494
9000	4904.1	743.9941480042677	31188.5	3867.4837530828154	NaN	NaN	21483.4	1866.262581142283
10000	6319.0	1061.5098696085684	35126.2	4543.025845915823	NaN	NaN	24623.2	1779.2298969979975
