0.5	65.4	3.801236990244097	67.2	2.4529927321539295	471.0	81.4853908305041	10.9	1.7939813477291229
1.0	61.6	2.0533179627130327	68.2	5.055962165997684	462.9	55.411567215844016	7.7	0.9076230957837069
2.8	64.8	5.045831997203236	68.8	4.622456635167063	477.8	91.41043986845268	7.8	0.8341843824958602
3.9	69.0	10.800901962336292	75.9	11.388670192608092	454.4	65.64415975923524	8.2	1.051282599494541
4.0	60.3	1.8938763011347914	66.4	2.0028601788442444	445.6	72.94394123007064	8.1	1.0341076326959397
5.0	70.6	9.003782956957592	74.9	8.550539521924918	422.0	86.0107467759698	8.1	0.8124328132221149
10.0	63.4	6.604110345534815	67.8	4.785613706098728	345.7	67.1711554815309	8.4	0.7294730810660528
20.0	65.1	7.318889672347849	67.0	6.9203892838481265	464.7	100.83297282657097	8.2	0.8341843824958602
30.0	75.0	9.69762428226625	72.6	5.297138444103571	454.8	113.96475915889087	8.2	0.7704094391945103
50.0	80.0	9.65532255701486	79.5	8.005371078219921	530.8	102.96439142453082	8.5	1.474643584056839
