0.5	56.5	11.57494376401026	51.0	2.931887091959716	108.4	12.542172983020127	5.1	0.38520471959725516
1.0	61.7	8.067764766278204	58.7	6.211651342759025	116.3	12.63099665758803	5.0	0.6397902156175882
2.8	59.3	5.846734008316096	57.4	4.492220379277935	109.4	4.832428293932566	5.1	0.38520471959725516
3.9	61.4	4.947527149597059	61.5	5.742540429113233	116.6	9.139151856490843	7.4	1.247180731089123
4.0	56.5	5.030089917685369	60.2	11.290983212457629	106.2	4.081640952362174	5.1	0.5007150447110611
5.0	61.6	16.598210130492987	55.5	4.6933093249859414	120.1	13.671352847322755	5.1	0.38520471959725516
10.0	53.3	0.786837927403096	57.3	9.24961644199369	114.9	18.714410628069484	5.2	0.4291843240380524
20.0	53.2	3.809304711361379	54.2	1.3496389383831513	198.2	55.879916193065284	5.1	0.38520471959725516
30.0	63.5	5.661781933278602	70.0	9.402957424129921	220.4	74.58167664953638	5.1	0.5007150447110611
50.0	59.4	3.0212733898143016	60.2	2.0181299819387255	233.4	89.68777229352952	7.7	1.467687679310554
