10	51.6	1.117345575907472	52.0	0.9596853234263822	85.9	9.078767438149299	2.4	0.3504275331648471
20	67.7	19.228463591353314	58.7	4.904420806170693	186.9	68.0154851712167	5.6	0.7294730810660526
30	64.7	11.368884909435927	70.2	9.967184151203387	332.8	101.15354437123791	8.7	1.2815782161069995
50	71.1	7.812582561227755	89.8	16.070710082133893	994.5	260.07241097313647	12.8	0.9489622458243531
100	113.6	20.383619879108814	162.6	16.958061781229596	2860.2	1246.5739695540508	28.5	2.793363939768679
150	164.4	24.698719891038888	278.8	24.193462071890412	7179.2	3212.4223157796637	45.2	3.064989132770293
200	191.0	42.423205448904966	354.9	38.21702386575909	NaN	NaN	48.9	3.141656613317248
300	404.6	99.71813484104081	600.5	60.89634216157814	NaN	NaN	76.3	11.37338458700839
400	568.9	98.09908299773244	845.4	74.80499322061328	NaN	NaN	97.4	3.5650727476448494
500	787.8	191.35792723768722	1074.5	105.22470495781872	NaN	NaN	124.5	5.1902919628860955
600	932.5	208.04061746731094	1232.1	126.91995123744728	NaN	NaN	161.5	17.638524269904213
700	1102.6	278.3597017284219	1505.9	201.43219861014273	NaN	NaN	209.2	22.16944645371192
800	1385.8	283.0561633302903	1630.1	173.17835659052776	NaN	NaN	259.6	21.023705080123246
900	1710.8	254.82949500633552	1672.3	179.06728363585572	NaN	NaN	325.7	34.60054161084766
1000	1886.7	349.39869343339564	1942.2	254.84375048186683	NaN	NaN	362.7	53.223903472067875
2000	3562.1	547.436288630372	3233.0	419.54667190070757	NaN	NaN	1572.1	304.9775756965026
3000	4939.1	627.7209723697591	4348.4	546.2629496963673	NaN	NaN	4354.5	307.53456056115056
4000	6465.3	860.4667058101924	5287.9	793.5673375773199	NaN	NaN	8348.8	776.0225963716674
5000	7953.0	1019.9287014390368	6309.5	1085.5088536100016	NaN	NaN	14437.7	1847.6335316425289
6000	8625.7	1529.0732192582288	6533.3	1082.306704320547	NaN	NaN	17530.7	1517.868444374256
7000	9435.1	1544.759678455816	7315.6	1204.5600989754294	NaN	NaN	18015.3	1510.9096026776992
8000	11359.5	1260.2271832224615	8426.6	903.3724679784391	NaN	NaN	19235.2	1015.9231432599139
9000	11597.7	1776.7465311842102	8805.0	827.8755601646421	NaN	NaN	20820.3	2579.9222540859646
10000	12877.5	2125.8784149651315	9174.6	1600.3324108823192	NaN	NaN	25279.2	1469.1178490033208
