10	71.1	9.593920414304051	66.4	3.907437228670475	108.7	26.570654033425672	7.3	3.812661223345185
20	59.4	3.0212733898143016	60.2	2.0181299819387255	233.4	89.68777229352952	7.7	1.467687679310554
30	70.8	4.817582088973679	73.2	3.5879626954582458	627.8	66.16711523456347	9.6	0.9702899030702112
50	91.6	13.135969787419578	98.7	11.84929651937194	1864.2	275.4263067974154	17.0	2.559160862470353
100	212.3	20.612890006110256	217.6	24.11805457527617	37785.6	17033.187810211257	39.6	2.1977515637578326
150	256.6	34.77187719660818	253.7	21.26051381326425	2759439.7	2785922.059904721	52.9	5.563324505724972
200	365.9	37.604278820846964	321.1	27.16745811363294	NaN	NaN	59.6	5.345216562123559
300	497.8	51.072934560528225	444.0	54.69551548271577	NaN	NaN	82.9	6.353361670485949
400	705.1	128.54786986347148	655.0	113.57402662580911	NaN	NaN	128.0	12.151804221596066
500	682.8	42.021848016287905	644.2	61.10817177353614	NaN	NaN	141.0	7.529436600436981
600	787.7	121.51385259238553	714.6	85.49294759040654	NaN	NaN	158.5	10.470152706622764
700	771.7	89.28687361624888	629.5	60.64375173634956	NaN	NaN	193.2	19.47107736680228
800	786.1	148.42976156376454	639.6	89.38604330842706	NaN	NaN	235.8	22.528884087410983
900	862.4	153.1302830547113	738.0	83.64752439325386	NaN	NaN	346.5	54.33157313846158
1000	1005.9	172.56004695489622	835.5	107.61475400678104	NaN	NaN	403.5	65.48968557643256
2000	1725.0	204.5110715424473	1479.5	151.0488502985044	NaN	NaN	1655.5	207.64624061711302
3000	2411.5	122.24734099267762	1955.3	130.28415069471805	NaN	NaN	4192.5	355.3545485546794
4000	3263.3	352.38359925876796	2779.6	219.37020144298543	NaN	NaN	7641.1	871.9674918309031
5000	4194.9	358.91809841427056	3492.5	305.8652695914657	NaN	NaN	12747.6	1773.336999476663
6000	5366.0	729.7950303010291	4435.1	564.8531912118369	NaN	NaN	18398.0	2449.4434832049014
7000	6752.3	1012.2313798882567	5587.0	907.5975579547136	NaN	NaN	19092.9	2881.3503647596276
8000	7977.9	1192.7848565503655	6504.4	1038.4997052512706	NaN	NaN	20510.0	1982.0820659433855
9000	9110.1	1219.1423927187652	7367.8	913.5753883383593	NaN	NaN	22405.9	2594.022435821378
10000	10974.1	1666.8142942002733	8636.7	1210.7915753824207	NaN	NaN	25915.1	3638.521415653435
