0.5	60.0	9.271441053040244	58.0	8.390770014724513	91.4	18.77378239183569	6.9	4.052074850740051
1.0	74.3	12.003741570193855	69.3	6.477777199317679	104.7	17.244838819890433	9.4	7.889160767534148
2.8	70.8	9.29238850586866	70.9	6.409487863784438	104.6	11.940275056128312	7.4	3.854702864813318
3.9	62.7	9.818487134177037	60.6	6.573046625119892	93.6	12.28247254000594	8.0	4.133955848820836
4.0	62.4	9.958967180184903	63.5	10.357144464571302	102.4	21.366502855076682	7.7	3.7857258014811377
5.0	63.0	9.271441053040244	60.4	6.253928903977084	88.5	11.86310638998066	7.3	4.316213711576385
10.0	61.4	11.333500384964921	57.8	5.175977973678019	95.7	13.409100894690889	7.6	3.705816036448652
20.0	62.6	9.3549494373834	58.2	5.888155886523385	90.1	14.347037027762909	7.7	4.1715352382546165
30.0	67.1	11.041943211047592	62.1	4.981024669282416	93.4	15.521342277522262	8.2	5.5296532028690555
50.0	72.2	13.480457273549735	68.4	8.01782484318534	105.7	20.158595762701328	8.1	5.517147374866834
