10	67.1	11.041943211047592	62.1	4.981024669282416	93.4	15.521342277522262	8.2	5.5296532028690555
20	61.2	2.1649124471904173	62.1	0.8731437201285938	206.7	46.45649099796496	7.3	1.199073377237607
30	70.9	2.6850235373270004	74.0	2.559160862470353	478.7	108.22437293439957	10.5	0.861343938273208
50	106.9	8.809901976526184	110.3	6.656970308180741	1574.6	236.95077845142438	17.0	1.2389484250766856
100	219.7	16.427322399100834	212.6	16.41844305943776	6895.9	1011.9512234009483	36.5	2.7191084163747496
150	314.3	19.964761061530385	296.7	23.598742542855963	75013.2	32602.14733798344	53.8	4.6445420768898185
200	367.9	27.77833625320278	346.5	44.36548429962193	NaN	NaN	57.6	5.874235876775804
300	538.8	65.84153194499653	475.9	53.29729948914859	NaN	NaN	89.0	13.247674860140554
400	706.3	85.52875955235174	603.4	87.93578458679946	NaN	NaN	121.7	10.970350200608914
500	668.3	83.01265720264591	573.6	71.75939651485372	NaN	NaN	134.7	5.881634983913912
600	799.7	101.13748301161147	702.9	94.93312449106473	NaN	NaN	169.8	13.289322191293278
700	828.6	111.49305986838822	704.3	88.63926318107568	NaN	NaN	211.8	15.526615816204123
800	914.7	117.31040371187886	743.0	98.76369671453169	NaN	NaN	232.2	20.98862982245387
900	944.6	117.94815035029588	808.2	95.46486872386092	NaN	NaN	308.7	35.34956738524533
1000	1036.7	90.39403143396137	881.1	111.63764078139594	NaN	NaN	380.4	46.091767761456055
2000	1841.2	242.85702567853374	1452.2	193.59331988636384	NaN	NaN	1625.1	226.54818181789938
3000	2712.7	403.8926323370655	2007.8	191.50252845532873	NaN	NaN	4314.2	646.6758371023182
4000	3362.8	452.26253999665283	2749.8	268.8232214601707	NaN	NaN	8534.6	1045.3533488114417
5000	4200.3	561.3544882492025	3473.4	376.76395124610315	NaN	NaN	14182.6	1522.553567751577
6000	5815.1	912.0651851200746	4401.8	680.2838398273356	NaN	NaN	15978.6	1385.351081174998
7000	6822.2	1390.492624679262	5680.9	887.6330366186444	NaN	NaN	18414.6	1748.8678182889453
8000	8062.8	1447.707596136977	6583.2	1083.8726905283222	NaN	NaN	19408.9	1293.8425048896315
9000	9453.1	1403.0426734398195	7409.1	1154.0306551034923	NaN	NaN	22247.2	1579.3676265194445
10000	10541.5	1857.0681730110446	8069.4	1296.7141918145323	NaN	NaN	25606.5	2762.8211018255993
