10	52.6	2.197751563757833	55.0	7.188748458528786	83.0	8.00377304026045	3.1	0.9833848259964155
20	66.2	6.670407500595447	68.3	5.9508228946927995	210.7	51.867467635927625	5.9	0.5941787912741415
30	69.0	10.800901962336292	75.9	11.388670192608092	454.4	65.64415975923524	8.2	1.051282599494541
50	78.4	7.5443719325070395	96.2	10.245636549478025	1437.6	197.50853480600782	14.1	0.9833848259964155
100	164.0	31.949498869309355	192.2	17.99335337684446	8043.7	975.7399157217686	32.3	1.8390491249556111
150	260.7	38.78396730304933	298.7	26.836988021832852	49840.4	31476.521745637117	49.2	3.321367860385235
200	302.9	50.0545897079978	354.7	48.23531358169033	NaN	NaN	50.9	2.5879889868390094
300	477.8	85.3237673944605	505.2	42.055927422231456	NaN	NaN	76.3	2.8079794165912255
400	630.1	98.70122370080323	622.7	58.00347586484796	NaN	NaN	100.2	3.5013538844281356
500	802.7	107.62416768999424	824.1	91.21075701448815	NaN	NaN	128.1	5.979985360851646
600	958.9	181.3273294178128	900.0	157.89148877732453	NaN	NaN	167.0	12.058815135824911
700	1143.3	206.35070669073073	1034.4	140.29258809935754	NaN	NaN	208.6	21.977981257977266
800	1197.4	182.23472779823277	1145.8	116.7664469490444	NaN	NaN	275.1	35.93584091844798
900	1334.6	266.3703001684985	1282.9	191.76676495022798	NaN	NaN	347.5	48.18458222979628
1000	1530.5	225.05575724859827	1445.3	212.50789960263592	NaN	NaN	413.8	50.46622881555545
2000	2394.8	347.71771249228016	2053.0	331.4273878121722	NaN	NaN	1757.7	268.90567141003925
3000	3609.9	855.2735637674043	2766.4	512.8188177008484	NaN	NaN	4702.2	1015.4622037078013
4000	3974.8	574.6129887496662	3327.8	443.97474363912187	NaN	NaN	8386.5	1468.9290151108664
5000	4726.5	473.82288992324965	3833.5	449.43694450699087	NaN	NaN	13622.5	2225.790397018807
6000	5691.8	827.137149086162	4584.1	522.9533107296253	NaN	NaN	17694.0	2320.5134673491557
7000	6608.8	789.0881096709442	5772.1	861.0914651242318	NaN	NaN	19023.6	2368.6513574852365
8000	8165.3	1092.2834289264688	6949.2	1058.3762298467514	NaN	NaN	19064.0	2383.482613031612
9000	9506.8	1517.0838490535664	6969.0	787.0426086980551	NaN	NaN	22551.9	1943.926699524001
10000	10051.1	1204.4356022451495	8062.4	815.5820474283724	NaN	NaN	24046.8	1703.986619300182
