10	63.0	9.271441053040244	60.4	6.253928903977084	88.5	11.86310638998066	7.3	4.316213711576385
20	63.6	5.316421865879343	66.6	4.5824346122994495	203.7	51.294110717742235	8.5	1.249230331043879
30	71.6	5.430684672856637	81.0	10.51282599494541	483.5	104.74757583801163	10.5	0.576699106987344
50	97.8	7.568747995804854	110.0	4.59135854404772	1447.9	300.5152685756183	17.3	1.281578216107
100	205.8	29.694813695054563	227.7	31.94157056633252	8804.6	1997.506490521564	41.4	4.010826440523199
150	282.7	55.87098789321699	297.2	49.259484203389704	119757.5	50207.87895706951	53.8	1.7753457984291396
200	361.1	49.14056388724085	339.0	55.94964521067135	NaN	NaN	61.1	2.272156199736277
300	535.0	66.22678639946226	438.2	66.16788852112481	NaN	NaN	89.1	8.5025327447767
400	613.9	123.33831653705997	584.4	137.5813781478293	NaN	NaN	130.0	16.799823899077037
500	750.0	100.76188113170575	664.9	63.98817790401599	NaN	NaN	148.5	6.30323255639517
600	828.6	128.78676688268868	702.2	123.30568456151566	NaN	NaN	178.6	13.808208501322682
700	923.3	166.17251514641038	785.2	162.1940124073142	NaN	NaN	219.2	14.401676332427416
800	1083.0	181.12194328749896	893.1	132.25813608136173	NaN	NaN	276.6	27.14249195810878
900	1127.5	247.17900852560277	968.7	187.39002434559848	NaN	NaN	300.1	27.012580109941364
1000	1085.1	163.21970377021276	969.9	132.98345902448168	NaN	NaN	395.5	58.25012347952577
2000	1630.5	164.04701775021695	1323.8	158.17342918525853	NaN	NaN	1642.4	244.8450072182318
3000	2370.5	370.3835919601461	1768.1	158.96387463734015	NaN	NaN	4948.8	1075.127805230087
4000	3369.4	308.3078948817497	2625.4	194.26621755152385	NaN	NaN	8397.9	860.1312300834772
5000	4393.5	455.069680581271	3555.7	342.54658074020244	NaN	NaN	12445.0	955.3103290457608
6000	4971.6	307.39609604992705	4147.7	500.66282967179006	NaN	NaN	18487.9	2172.8762686849973
7000	6362.0	887.0777859610283	4877.1	485.2793444387634	NaN	NaN	20116.2	1641.0937924877005
8000	7462.6	1019.4907124521419	5699.6	606.9191923232087	NaN	NaN	21578.3	1268.333315575493
9000	8418.5	749.5930978996138	6659.6	644.508242737931	NaN	NaN	22886.9	1583.6876824931217
10000	10379.0	1213.5173586011863	8092.8	909.0234644552494	NaN	NaN	24866.8	1340.8107910587773
