10	55.3	3.63401405665966	55.7	3.591526071741649	108.3	27.438442280931326	2.8	0.4291843240380524
20	59.2	2.8576500527531357	65.6	14.705435798234609	241.1	87.53469467974396	5.4	0.3504275331648471
30	67.0	4.432596638540439	68.5	4.560609373756976	588.5	102.8263750726437	7.6	0.5722457653840699
50	96.1	10.774578215224945	96.5	8.88968877857937	1920.8	275.8755082381617	14.2	1.051282599494541
100	176.5	15.75706667181427	176.5	21.22727617618426	26639.9	14810.878882901356	32.4	3.021273389814301
150	245.6	18.119170665789316	246.1	32.11633770086496	1117874.3	1018480.2962780305	45.4	2.5830415745783113
200	305.7	38.04338363610681	283.6	51.29525784257254	NaN	NaN	56.9	11.375183959655333
300	382.0	50.45527777903912	322.2	47.671670124550914	NaN	NaN	73.8	3.412547691095319
400	481.1	70.29650412442997	426.4	58.08646876042647	NaN	NaN	100.9	3.0924112980003153
500	567.7	34.37800965390521	504.6	69.37904685952381	NaN	NaN	127.2	6.017090072784352
600	592.9	74.85507928120843	492.2	56.34587061554733	NaN	NaN	160.1	8.993832608849242
700	662.1	110.97107804845368	548.9	67.68216227423589	NaN	NaN	195.5	15.8735356420679
800	722.0	119.67583389740804	606.1	68.89225421856943	NaN	NaN	254.4	22.21647917236212
900	765.2	102.18573420856748	678.2	74.62392509955504	NaN	NaN	338.6	50.57601343577802
1000	811.8	90.19839517454841	714.2	82.40500460811829	NaN	NaN	387.3	49.83186513390804
2000	1732.1	204.39331115952893	1364.5	112.0406071026929	NaN	NaN	1750.9	235.88950071683138
3000	2501.7	211.79231746823115	2066.6	134.13534120825878	NaN	NaN	4284.2	525.0574942334448
4000	3378.7	386.91482559768104	2775.5	180.12374317213153	NaN	NaN	7861.5	1298.7423940296783
5000	4261.2	327.63019144307196	3744.1	412.05128066671017	NaN	NaN	14515.2	1097.12665580717
6000	5241.9	595.4411953029417	4463.7	521.4043019604691	NaN	NaN	16870.9	2081.087537108143
7000	6923.9	1053.2841880148565	5838.3	826.648019150354	NaN	NaN	19248.9	2011.5517295895215
8000	7825.6	1361.814785086671	6595.5	1184.7738122778119	NaN	NaN	21137.9	1555.4777974350764
9000	9299.6	995.532294122906	7278.8	953.8719523500753	NaN	NaN	20659.6	1463.5479540790782
10000	12101.0	3033.4667532288004	8865.3	1395.5670386051988	NaN	NaN	24177.3	1752.4024828803924
