0.5	141.3	20.028729521464907	200.0	22.22292687473907	10960.5	3521.719230571083	31.4	2.1506850480718924
1.0	141.1	24.98143214541552	214.7	24.343681412719803	8838.4	3302.491929390292	32.1	1.8222793298503936
2.8	130.4	18.36599137144521	188.8	21.492095145518036	6173.9	2002.514922668362	29.8	1.3496389383831513
3.9	182.5	30.66699774056795	272.2	47.459757217078135	5704.7	2368.701577217511	45.8	6.624223648398354
4.0	94.4	10.905561569034397	163.1	25.40992305608185	2785.1	720.2400842864246	27.9	1.8222793298503936
5.0	113.6	20.383619879108814	162.6	16.958061781229596	2860.2	1246.5739695540508	28.5	2.793363939768679
10.0	96.1	16.193297636861985	138.0	18.81951374717211	2741.8	536.7316384118081	25.2	0.893418414853869
20.0	161.3	31.154975259884253	169.0	14.140666445397828	5055.3	1147.9017313422278	29.8	2.2116762113835744
30.0	141.0	15.116524767286958	181.7	34.05050142133006	6869.2	1923.4735495157045	27.8	1.68666951831116
50.0	176.5	15.75706667181427	176.5	21.22727617618426	26639.9	14810.878882901356	32.4	3.021273389814301
