10	0.12000000000000002	0.7	0.19836829836829836	0.32489352459218646	0.7	0.6666666666666666	0.6799999999999999	0.5423861365789221	0.6599999999999999	0.7	0.675	0.5437423143580487	0.7	0.6666666666666666	0.6799999999999999	0.545268510197834
20	0.12000000000000002	0.8	0.20613965744400525	0.3262563879754957	0.75	0.6883333333333334	0.7096031746031745	0.5386513083524783	0.7416666666666666	0.8	0.7657142857142857	0.5928420442717954	0.7416666666666666	0.8	0.7657142857142857	0.5940150578829843
30	0.10666666666666666	1.0	0.18989317134478428	0.31271235485337395	0.8638888888888889	0.9133333333333333	0.8636075036075038	0.5611983228062952	0.7972222222222223	1.0	0.8694805194805196	0.5941485677361926	0.8472222222222221	1.0	0.8980519480519481	0.6048148056194124
50	0.11000000000000001	1.0	0.19455406194782285	0.3182164233837375	0.8386507936507936	0.8670238095238094	0.8464835164835165	0.5307946198041675	0.7296253746253746	0.99	0.824047619047619	0.5514921861915412	0.838953823953824	0.949047619047619	0.8828002699055331	0.5640710015748255
100	0.10400000000000001	1.0	0.18686557980765942	0.3072531278700009	0.6816390831390832	0.7611871461871462	0.6972455404119764	0.4671928926148829	0.4131769619269619	0.9415501165501166	0.560020170358651	0.47676204957147733	0.5787038500951545	0.8974592074592074	0.6877402246875932	0.5094780543507521
150	0.10533333333333332	1.0	0.18916322848928713	0.3102949988131915	0.4494505036141049	0.7825400605586365	0.5544019944720612	0.42937158860668123	0.27191869236072874	0.9237281552297032	0.4105455462812565	0.41975334717047963	0.5001199464450239	0.8076439968700029	0.6083907151635147	0.47182729256897565
200	0.1075	1.0	0.19334299214132938	0.3122984466547706	0.37462711274801663	0.7261346548188654	0.4841206978905446	0.4117750541303586	0.24057606190543396	0.8627394243183717	0.37389999647040895	0.39432087697824636	?	?	?	?
300	0.10633333333333335	1.0	0.19165068196644214	0.3117150589253219	0.24637181963792115	0.7088594024495938	0.3623161553423008	0.3695264458843654	0.20330021869902973	0.8262986180329713	0.32413113676046246	0.37111566019020725	?	?	?	?
400	0.10124999999999999	1.0	0.1836153960299456	0.30603371850836847	0.21292128392843984	0.7306596270868785	0.32764632230843715	0.3568291667342422	0.16689324429512217	0.8346373468904064	0.277411653761103	0.34779873396533756	?	?	?	?
500	0.1004	1.0	0.18234295875798887	0.3055687257414636	0.18411442633488329	0.7303507724159897	0.29191269148053484	0.34277964838628555	0.15642619807570676	0.8300259595476985	0.2619841773116235	0.3395007025260271	?	?	?	?
600	0.10133333333333334	1.0	0.1838780894238057	0.30616017822111696	0.17485497302458627	0.7645221409018795	0.2796732710424754	0.33873121204432094	0.14491062263143342	0.8369804147722071	0.2458105398503197	0.3317723210820748	?	?	?	?
700	0.10028571428571428	1.0	0.182160752747237	0.30590709006604494	0.1574520945513081	0.7695700437805593	0.2594285858747845	0.3313495611812606	0.13957217141408504	0.8223322759158341	0.23738274041007434	0.3264879535363657	?	?	?	?
800	0.10212500000000002	1.0	0.18519179443475126	0.30806506112087795	0.15955310041637666	0.7701392413938547	0.2602290805246533	0.33066702053648755	0.1335186590706418	0.8396910790498762	0.2295586387587892	0.32361909705256575	?	?	?	?
900	0.10255555555555555	1.0	0.18592205246387214	0.3084495673568431	0.1415107445842508	0.800136658107486	0.2391154275705925	0.32482729578536135	0.12847224628221326	0.8584458670560918	0.22303199402262003	0.3223593844495247	?	?	?	?
1000	0.10149999999999999	1.0	0.18416286781859156	0.3070759094629357	0.13423665818988087	0.8156831319743221	0.23009273381342538	0.321941141405005	0.11984844886955856	0.8908870060046858	0.21113028156552271	0.3177594020886405	?	?	?	?
2000	0.1002	1.0	0.18207923173137944	0.3058983170730627	0.11420306429331077	0.8864737352807355	0.20199447140758217	0.31155769496063945	0.10858012410238013	0.9301375285213966	0.19433272401259016	0.31001147717104227	?	?	?	?
3000	0.10043333333333333	1.0	0.18249602113461935	0.30522083350807583	0.10809837315649114	0.9274765860731009	0.19356309556857218	0.30864678850150934	0.10508997579147365	0.9479616372110715	0.18910654795218773	0.30736469592092297	?	?	?	?
4000	0.10000000000000002	1.0	0.18179041243337113	0.30472407138467145	0.10452963614610618	0.9441569554542653	0.18812191456176697	0.3063681935246905	0.10159969871534943	0.9833534299492213	0.18413087972077774	0.30569591691734077	?	?	?	?
5000	0.09942	1.0	0.18084495335335418	0.3042084313405139	0.10265677367660753	0.9651440935198448	0.1855387553039483	0.30564948345835424	0.10108948553459984	0.9798167645572289	0.18324315582854073	0.3049636519284479	?	?	?	?
6000	0.09953333333333333	1.0	0.18103011714233783	0.30442439093396534	0.10195305095211296	0.9751686026054298	0.18457206820508248	0.3055704278765773	0.10001106547977082	0.998353091888136	0.18179008053735782	0.3048656783989784	?	?	?	?
7000	0.09958571428571426	1.0	0.1811172609869539	0.30469238372167123	0.10111617252691447	0.9834218294871621	0.18336124647277058	0.3053950021550795	0.09988763161735163	0.9988365105304025	0.18159781887331147	0.304986885305295	?	?	?	?
8000	0.099275	1.0	0.1806074028930951	0.3043879218518109	0.10074943190541981	0.9845528162382668	0.18278834204922131	0.3050884951892663	0.09948473659446787	0.9993603555401307	0.1809443645598568	0.304609152522032	?	?	?	?
9000	0.09914444444444445	1.0	0.18039463339586378	0.30428113811482926	0.10056772795646911	0.9854803059086954	0.18250349470210883	0.30497778393626157	0.09942433730887645	0.9988676317750329	0.18083930404860732	0.3045473467463382	?	?	?	?
10000	0.09958	1.0	0.18111660346277034	0.3049364098821643	0.10082352185586296	0.9894118743404787	0.18299336819134446	0.3056440368697017	0.09985942125540144	0.9990045526302364	0.18156105949746967	0.3052102037325312	?	?	?	?
