0.0	0.0	0
0.1	0.1	0
0.1	0.1	0
0.1	0.1	0
0.06488095238095239	0.36666666666666664	0.0910746
0.06572222222222222	0.36666666666666664	0.0905676
0.05868828152629526	0.42444444444444446	0.133778
0.027707252816816113	0.72	0.479269
0.03241874272797388	0.7019047619047619	0.448212
0.018812194866218185	0.7430303030303029	0.524492
0.015924700462899583	0.8233333333333335	0.651909
0.014394691442724492	0.7999999999999999	0.617176
0.012034085910498548	0.6971428571428571	0.469374
0.010219767730837718	0.6471428571428571	0.405671
0.010521428044470364	0.5931890331890333	0.339502
0.010567662045408972	0.3437201687201687	0.110991
0.009953918018310097	0.2637695747664789	0.0644224
0.009526249398018858	0.22343053145684727	0.045755
0.009313354503489113	0.19129566933741501	0.0331176
0.009293042621146564	0.1475945737171374	0.0191273
0.009291651627904516	0.13287402439100232	0.0152726
0.009563860358699043	0.14296656732826946	0.0177963
0.009452362059616559	0.10699651634955051	0.00951486
0.009589423952943002	0.10240867338711004	0.00861541
0.0	0.0	0
0.1	0.1	0
0.05	0.1	0.0025
0.02	0.1	0.0064
0.031851957804398354	0.36666666666666664	0.112101
0.03128389154704944	0.36666666666666664	0.112482
0.03262874380521439	0.43015873015873024	0.15803
0.018689159758167408	0.6885714285714285	0.448742
0.018416375531697057	0.6753749476330122	0.431595
0.01611071073641803	0.6123615464994776	0.355515
0.01486569445242058	0.6863053613053612	0.450831
0.012185143224580811	0.6130901305802577	0.361087
0.01114648592279408	0.4972648784515715	0.236311
0.009573205369508791	0.4434802508484081	0.188275
0.00948834189525467	0.35103556735900754	0.116655
0.009408120917305089	0.10537098665003712	0.00920887
0.009257993228841441	0.05289882421881222	0.00190452
0.009201986364682745	0.0456657540688711	0.00132961
0.009077674841539068	0.03958782883344154	0.000930869
0.0090540324337093	0.03955126199711838	0.000930081
0.009139961078451277	0.03536303421120128	0.00068765
0.00940688562742344	0.034714687183451956	0.000640485
0.009312664676709808	0.030605347981124263	0.000453378
0.009417638340573355	0.030482884906853608	0.000443745
0.0	0.0	0
0.1	0.1	0
0.04	0.1	0.0036
0.02857142857142857	0.1	0.00510204
0.05718614718614719	0.35	0.08574
0.0533939014202172	0.36666666666666664	0.0981398
0.0	0.0	0
0.1	0.1	0
0.2	0.2	0
0.15	0.2	0.0025
0.13319327731092437	0.4	0.0711858
0.08401533450446494	0.7	0.379437
0.057717554804631345	0.6599999999999999	0.362744
0.08757036331088253	0.7638095238095238	0.457299
0.07130155849355209	0.6749206349206349	0.364356
0.05604410113351584	0.5671428571428572	0.261222
0.05655122365622313	0.5404761904761906	0.234183
0.051760873412101914	0.4971717171717172	0.198391
0.04026665052869367	0.39189393939393946	0.123642
0.04004281458829341	0.3646673501936659	0.105381
0.04125507178022697	0.295054945054945	0.0644144
0.02664408238453787	0.2258253323081698	0.0396732
0.02166309270214682	0.1793273087937003	0.024858
0.022016885069765985	0.13560595646697163	0.0129025
0.020421872681854275	0.12924928620466605	0.0118434
0.020144129374374316	0.11446665363256718	0.00889674
0.020177155311924672	0.11447579631218022	0.00889223
0.01992952819942265	0.10700019930572657	0.0075813
0.01987218403403484	0.09897126094715233	0.00625666
0.019755491117115172	0.08685896589140368	0.00450288
0.0	0.0	0
0.1	0.1	0
0.2	0.2	0
0.12857142857142856	0.2	0.00510204
0.04525063251106894	0.4	0.125847
0.043108674615336656	0.7	0.431506
0.0374945878391521	0.6657142857142857	0.39466
0.06493936884648631	0.7363125763125764	0.450742
0.04719194902102862	0.6212554112554112	0.329549
0.04756112504659872	0.4726176698011194	0.180673
0.03836445075991775	0.4008685452395353	0.131409
0.03428536133457351	0.3285185143563072	0.0865731
0.03197883793305893	0.23467211653781117	0.0410846
0.029256147634743074	0.18668565147649072	0.024784
0.02899831704271616	0.16341389709459872	0.0180675
0.022828376142748966	0.10222856790305637	0.00630439
0.020577600375235205	0.08032137678615123	0.00356932
0.020852771245872002	0.07467012202190956	0.00289631
0.019630236387747413	0.06432663287150936	0.00199777
0.019309879734150534	0.061163507126569684	0.00175173
0.01942093553956312	0.0527654248183813	0.00111185
0.019355908430545753	0.05000252770726893	0.000939215
0.019347956244243285	0.045994472150393775	0.000710037
0.019239336685045145	0.04433648772816534	0.000629867
0.1	0.1	0
0.2	0.2	0
0.12222222222222223	0.2	0.00604938
0.07731037078863166	0.4	0.104129
0.07163683051840945	0.7	0.39484
0.2	0.2	0
0.5	0.5	0
0.5	0.5	0
0.6466666666666667	0.6799999999999999	0.00111111
0.507950558213716	0.7942857142857143	0.0819878
0.3816570127783424	0.6876190476190476	0.0936128
0.4036491907437781	0.6744588744588744	0.0733379
0.25800813456192195	0.5065001665001665	0.0617483
0.20470228236315577	0.38796620046620045	0.0335857
0.1906197799952469	0.3423343323343323	0.0230173
0.14291314086689427	0.35092712842712837	0.0432698
0.12570496332087672	0.3020756141003819	0.0311066
0.10739147047412922	0.24895013901609672	0.0200389
0.09017682866876751	0.26191567606401367	0.0294942
0.08674495178883765	0.2793997393581038	0.0371159
0.054874354844927406	0.18450388074107513	0.0168038
0.04572848595011926	0.14434001391756657	0.00972423
0.043291895562854156	0.12966032841479985	0.00745951
0.04303888951917963	0.12734463791942052	0.00710746
0.04128859741732371	0.12211775804771127	0.00653335
0.040066011134677205	0.11238634742270862	0.00523023
0.039363988571699544	0.10535712960083377	0.00435509
0.03966522175982389	0.09758312386714277	0.00335448
0.03997346224888467	0.09670167108939813	0.00321809
0.2	0.2	0
0.5	0.5	0
0.5	0.5	0
0.4440476190476191	0.6857142857142857	0.0584028
0.2871627820563991	0.8514285714285714	0.318396
0.22737105545709468	0.709443173150267	0.232394
0.1933173907244315	0.8211766011766011	0.394207
0.1453309379304475	0.513345663219436	0.135435
0.12551713528227343	0.3754845399698341	0.0624837
0.1130815868146614	0.2677145780944613	0.0239114
0.10147707569872813	0.2475323370591987	0.0213321
0.0907111406505812	0.22535731871458736	0.0181296
0.07599993863579228	0.19038803986137853	0.0130846
0.07072873206012095	0.20145790348422654	0.0170901
0.06557875390032915	0.1995887286250075	0.0179587
0.0487217672196307	0.1294680632094154	0.00651996
0.04431040001605326	0.1085251984719194	0.00412354
0.04176173217443689	0.0841935823632026	0.00180046
0.04109502946502965	0.08478408021157238	0.00190873
0.0401553348411417	0.07836023657651406	0.00145961
0.03868838403525547	0.07285090679916471	0.00116708
0.038410777572190954	0.07026215976763588	0.00101451
0.03870635848770047	0.06590124890981722	0.000739562
0.03905668055153857	0.06687105481026559	0.000773639
0.2	0.2	0
0.5	0.5	0
0.5	0.5	0
0.46761904761904766	0.6857142857142857	0.0475655
0.37802031302031297	0.8800000000000001	0.251984
0.30648191463708707	0.7940476190476191	0.23772
0.4	0.4	0
0.7	0.7	0
0.6666666666666666	0.7	0.00111111
0.7266666666666667	0.8266666666666665	0.01
0.5622816072816074	0.7638095238095237	0.0406135
0.4485287754328001	0.6248412698412699	0.0310861
0.4423110504632244	0.5242857142857142	0.00671985
0.37691198714589463	0.46702491866578555	0.00812034
0.2574465884771148	0.3955405378934791	0.0190699
0.19560910489428257	0.36822510822510823	0.0297963
0.21612770954701488	0.34078993470297814	0.0155407
0.14899136151310985	0.30882159192062136	0.0255457
0.13856524002604775	0.29555277412153474	0.0246451
0.11531014683600456	0.2887241902925996	0.0300724
0.11487182760981637	0.26420755547512703	0.0223012
0.07674466814651762	0.19477489495079586	0.0139311
0.07062361258817872	0.15352742348555587	0.00687304
0.06537233495322783	0.14590648433184947	0.00648575
0.06324551379326124	0.13748321660364493	0.00551124
0.060553700120696365	0.1301948785718112	0.00484989
0.05961870523352506	0.11770217937545964	0.00337369
0.05891767992682364	0.10966815353056555	0.00257561
0.05837104842325922	0.106189443564964	0.0022866
0.05799149388003044	0.10595833364042154	0.00230082
0.4	0.4	0
0.7	0.7	0
0.4866666666666667	0.7	0.0455111
0.45285714285714285	0.8407142857142859	0.150433
0.32910549595332206	0.818868908868909	0.239868
0.253623836253665	0.6985686606658474	0.197976
0.24473562906723273	0.6170826425036952	0.138642
0.2068129962530778	0.45559732895860383	0.0618936
0.15987141993499607	0.3532572105095325	0.0373981
0.13056312468592962	0.32582025569504947	0.0381253
0.1256827697444191	0.29503670671933324	0.0286808
0.10968019763724401	0.2428444176709042	0.0177327
0.10012937898047944	0.2242289504157323	0.0154007
0.09599104534290334	0.20721961346081225	0.0123718
0.09139388502260537	0.19558015794965194	0.0108548
0.07248363566311984	0.13494554116809995	0.00390149
0.06561428794852323	0.12073259844045861	0.00303803
0.06424301654553848	0.11031745106426664	0.00212285
0.060803482735598345	0.10117623320595595	0.00162996
0.059194940375706405	0.09626404073876492	0.00137412
0.05832031703227062	0.08976576182742343	0.000988816
0.05750643978186991	0.09127734070403254	0.00114047
0.05718814641259047	0.0861508488888142	0.000838838
0.056903898833316244	0.0857536832209581	0.00083231
0.4	0.4	0
0.7	0.7	0
0.5566666666666666	0.7	0.0205444
0.5219841269841269	0.8457142857142858	0.104801
0.48114002337531747	0.8760317460317462	0.155939
0.4746981833669139	0.8084415584415584	0.111385
0.4	0.4	0
0.5	0.5	0
0.6	0.6	0
0.6514285714285715	0.62	0.000987755
0.4597860962566845	0.5576190476190477	0.00957129
0.43938336147856266	0.6558730158730158	0.0468678
0.33913395233242405	0.611911421911422	0.0744075
0.29567776147626024	0.473965975544923	0.0317867
0.262664657284553	0.35755291005291007	0.00900378
0.21188260327995967	0.3430032816617485	0.0171926
0.19645812723753123	0.3219010446528149	0.0157359
0.1749881557117952	0.34017749818619214	0.0272875
0.15794486163772964	0.299994458546762	0.0201781
0.13824388980476893	0.26062674084787074	0.0149776
0.14352871491522612	0.25219734665354837	0.0118089
0.0992298278656254	0.20129405617821555	0.0104171
0.08976298916371746	0.17152013003918878	0.00668423
0.08417847927695189	0.15358756998951203	0.00481762
0.08301451573020355	0.13704545695076428	0.00291934
0.08039304212879492	0.12927520641845774	0.00238947
0.07921484990035985	0.12048426263167875	0.00170316
0.07931384559839146	0.1150835790147926	0.00127947
0.07941603238609081	0.11238159564989406	0.00108673
0.0788979345955152	0.10919450055022709	0.000917882
0.4	0.4	0
0.5	0.5	0
0.43	0.6	0.0289
0.5558730158730159	0.6714285714285715	0.0133531
0.3984419919431361	0.6548538011695907	0.065747
0.21716539303921434	0.6777104377104377	0.212102
0.1878036000951491	0.6171643030340078	0.184351
0.18092998581698233	0.4431122327848615	0.0687395
0.17217441392215585	0.3142086838443322	0.0201737
0.16471670124678028	0.3011152040279049	0.0186046
0.14555267854295287	0.2763871187781247	0.0171177
0.13211625562357135	0.2732453300740205	0.0199174
0.11886059826287543	0.2512994187455448	0.01754
0.1269408508736697	0.23768367123028394	0.012264
0.11608268986116863	0.2286708481864345	0.0126761
0.09004752786314044	0.16140669609637653	0.00509213
0.08485914857673774	0.14308703081838886	0.00339049
0.07913269990275812	0.12411718536764901	0.0020236
0.07807242849612614	0.12099908608383991	0.0018427
0.07801968930009506	0.10997707065347992	0.00102127
0.07724965707511419	0.10796694016859447	0.000943551
0.07788179108026683	0.10575627069373753	0.000776987
0.07809446814609887	0.10393638160213663	0.000667804
0.07743794851563135	0.10008067551853383	0.000512693
0.4	0.4	0
0.5	0.5	0
0.4666666666666666	0.6	0.0177778
0.6714285714285715	0.6714285714285715	0
0.47658124589548745	0.7340476190476191	0.0662889
0.4003328117481667	0.8353862150920974	0.189271
0.2	0.2	0
0.5	0.5	0
0.78	0.76	0.0004
0.6036507936507937	0.6733333333333333	0.00485566
0.5293435605674477	0.659011544011544	0.0168138
0.5710610957669783	0.5227838827838828	0.00233069
0.4608801678918029	0.4828552441710336	0.000482904
0.32896539298278754	0.42706539434800306	0.00962361
0.2557170368345894	0.35609278444447007	0.0100753
0.2518523600084579	0.33606809053239967	0.00709229
0.2169002115804933	0.3380098818088918	0.0146676
0.19544622193052716	0.3168562422685399	0.0147404
0.17570273912737044	0.30675630583055846	0.017175
0.16411291073569165	0.2532000954189437	0.00793653
0.15315806600546708	0.25644393092474305	0.010668
0.11502851413132131	0.1947251989078956	0.00635156
0.10401434497612187	0.16637226324511006	0.00388851
0.09972169553825623	0.1599621861774348	0.00362892
0.09862849754074102	0.14535143436596093	0.00218303
0.09876162146200385	0.1388289760375094	0.00160539
0.09798398564566387	0.13150083982383506	0.00112338
0.09726987865883799	0.12432501476393817	0.00073198
0.09662316852487128	0.12354320809601474	0.000724689
0.09719485989475321	0.12200168985360733	0.000615379
0.2	0.2	0
0.45	0.5	0.0025
0.5277056277056277	0.8	0.0741442
0.5949579831932773	0.7714285714285716	0.0311419
0.46595711939610956	0.7428378378378377	0.0766629
0.3850330125077971	0.5481653938082509	0.0266122
0.29393723747353145	0.4481938041991156	0.0237951
0.2561374647985538	0.39081609854301175	0.0181383
0.19052139817997743	0.302529429839824	0.0125458
0.17780348525523246	0.30570488203699026	0.0163588
0.1647336767877941	0.2852579393725048	0.0145261
0.16088545187073872	0.2564297667674304	0.00912872
0.1477065138479698	0.24955710299365164	0.0103735
0.14268617825316726	0.23056999575995252	0.00772357
0.13021070654074773	0.20180617532033787	0.00512591
0.10317635118633177	0.17331618782106348	0.0049196
0.09917701027328849	0.14494369130574972	0.00209459
0.09723635183446552	0.12636691389122606	0.00084859
0.09565641457171327	0.12391895635291068	0.000798771
0.0957578677816816	0.12098865275700214	0.000636593
0.09572953324636183	0.11640593009721582	0.000427513
0.09512889062776822	0.11306457907905243	0.000321689
0.09528305587882181	0.11408515881546613	0.000353519
0.09540898399815796	0.11169993563398892	0.000265395
0.2	0.2	0
0.5	0.5	0
0.6733333333333332	0.8	0.0160444
0.6307142857142857	0.7857142857142858	0.024025
0.5793544137022397	0.8402059052059052	0.0680435
0.5152855328022163	0.7419875222816399	0.0513938
0.6799999999999999	0.6599999999999999	0.0004
0.7096031746031745	0.6683333333333332	0.0017032
0.8636075036075038	0.8166666666666667	0.00220344
0.8464835164835165	0.6723931623931624	0.0303075
0.6972455404119764	0.566009121597357	0.017223
0.5544019944720612	0.48099239285001244	0.00538897
0.4841206978905446	0.49281526261826747	7.55955e-05
0.3623161553423008	0.38954617661133006	0.000741474
0.32764632230843715	0.3582141263853649	0.000934391
0.29191269148053484	0.33720447322730795	0.00205135
0.2796732710424754	0.32759360776050006	0.00229636
0.2594285858747845	0.31681570822246624	0.00329328
0.2602290805246533	0.30179078602424725	0.00172738
0.2391154275705925	0.30370727725430335	0.00417211
0.23009273381342538	0.2768369609994035	0.00218502
0.20199447140758217	0.23887614074567062	0.00136026
0.19356309556857218	0.22147876057446333	0.000779284
0.18812191456176697	0.21319866405520532	0.000628843
0.1855387553039483	0.20831420610706214	0.000518721
0.18457206820508248	0.20027542977637874	0.000246596
0.18336124647277058	0.19739070315619256	0.000196826
0.18278834204922131	0.19324754854651402	0.000109395
0.18250349470210883	0.19202911522589797	9.07374e-05
0.18299336819134446	0.18926265109088516	3.93039e-05
0.675	0.675	0
0.7657142857142857	0.7657142857142857	0
0.8694805194805196	0.9337662337662339	0.00413265
0.824047619047619	0.8359706959706961	0.00014216
0.560020170358651	0.6788941200194535	0.014131
0.4105455462812565	0.5731643514175211	0.0264449
0.37389999647040895	0.5015204824824727	0.016287
0.32413113676046246	0.4033848670228914	0.00628115
0.277411653761103	0.35492404867858685	0.00600817
0.2619841773116235	0.3474352592163548	0.00730189
0.2458105398503197	0.3170503063446037	0.0050751
0.23738274041007434	0.3019151201620699	0.00416443
0.2295586387587892	0.28992852560888704	0.00364452
0.22303199402262003	0.2834679069077246	0.0036525
0.21113028156552271	0.2645274788779582	0.00285126
0.19433272401259016	0.23345591063099397	0.00153062
0.18910654795218773	0.21937162440627694	0.000915975
0.18413087972077774	0.2104349533113723	0.000691904
0.18324315582854073	0.20452767038941708	0.000453031
0.18179008053735782	0.19969912118401684	0.000320734
0.18159781887331147	0.1965109475594935	0.000222401
0.1809443645598568	0.1937369752257411	0.000163651
0.18083930404860732	0.19070174867976505	9.72678e-05
0.18156105949746967	0.18903450461789378	5.58524e-05
0.6799999999999999	0.6799999999999999	0
0.7657142857142857	0.7714285714285716	3.26531e-05
0.8980519480519481	0.9516233766233766	0.0028699
0.8828002699055331	0.9008771929824562	0.000326775
0.6877402246875932	0.7611365204843467	0.00538702
0.6083907151635147	0.6980614151819086	0.00804083
1.0	1.0	0
0.9287290487290489	0.8512193362193361	0.00600776
0.8582581453634086	0.8369774815827448	0.000452867
0.8029984810167876	0.6875207782301604	0.0133351
0.6607458996988729	0.6008508675589421	0.00358741
0.5738068667310982	0.561478369178699	0.000151992
0.5237177222061977	0.5148200968017408	7.91677e-05
0.4689783085871769	0.4727275453330687	1.40568e-05
0.43337584237277593	0.4524269420218724	0.000362944
0.4078434548019544	0.42739466834196244	0.00038225
0.39524466574869715	0.4196711747902285	0.000596654
0.38551735532353526	0.40649081244156837	0.000439886
0.37730255428661036	0.39691741072001985	0.000384743
0.3653069579939811	0.3870843588382029	0.000474255
0.3598214780985673	0.3811614362249913	0.000455394
0.3447150036836811	0.35323989680066903	7.26738e-05
0.3391020868391011	0.3448644837410602	3.32052e-05
0.33913652279787154	0.34097273728557975	3.37168e-06
0.3407528493109394	0.34172954585833953	9.53936e-07
0.33730972361636946	0.3377440871720827	1.88672e-07
0.3358347091406041	0.3361687985520542	1.11616e-07
0.3342246084564835	0.3351698502316128	8.93482e-07
0.3351122003082479	0.3359696968910538	7.353e-07
0.3356276815508034	0.33610291709405127	2.25849e-07
1.0	1.0	0
0.95995670995671	0.95995670995671	0
0.8676880124706212	0.8868945089997723	0.00036889
0.8267683712174325	0.8454159510223012	0.000347732
0.6160283672314363	0.6653710325489586	0.0024347
0.5484047452084926	0.5772431340356858	0.000831653
0.5103765548738669	0.5389802862069099	0.000818173
0.44650959633263565	0.47075882613001585	0.000588025
0.4234171687462059	0.4450655597818245	0.000468653
0.40466314647924106	0.4292104196165874	0.000602569
0.38324192392515644	0.4086146856919683	0.000643777
0.3732889276043982	0.4028328797278126	0.000872845
0.36666756061175165	0.3894356433508738	0.000518386
0.36085665269302397	0.3814211782504935	0.0004229
0.3581942160326496	0.3747232928341099	0.00027321
0.3410906483976689	0.3511509518793505	0.00010121
0.3378070598115623	0.34178600589354113	1.5832e-05
0.3372238270447335	0.33931514352931946	4.3736e-06
0.33903320145320076	0.34015728546256646	1.26356e-06
0.3359695352144162	0.33643151087597745	2.13422e-07
0.33457458541076524	0.3350898213194723	2.65468e-07
0.333561938596593	0.3340294422159757	2.1856e-07
0.3347459805824621	0.33511063434481847	1.32972e-07
0.33527506655852213	0.33561167173382966	1.13303e-07
1.0	1.0	0
0.95995670995671	0.9655122655122655	3.08642e-05
0.9164895033773753	0.926288968618017	9.60295e-05
0.8807628319164085	0.885917505200114	2.65707e-05
0.7256320990978111	0.7457773364767761	0.000405831
0.6456898439815546	0.672574385344784	0.000722779
0.9688888888888888	0.928888888888889	0.0016
0.8944810890863522	0.8024286987522281	0.00847364
0.8338145258653427	0.773328810508377	0.00365852
0.7849391130425614	0.6998292554127794	0.00724369
0.6553906481333192	0.6287209036780869	0.000711275
0.5898000370551751	0.6130594269406973	0.000540999
0.5607507093101759	0.5745681489608362	0.000190922
0.5199943307474777	0.5395979786187886	0.000384303
0.501551977395152	0.5097113666787145	6.65756e-05
0.4803113078782245	0.49044331136761443	0.000102657
0.47359953337812455	0.48147346061384183	6.19987e-05
0.4667492925716812	0.4718400460294624	2.59158e-05
0.466664287465676	0.470348078547618	1.35703e-05
0.46135007552368335	0.4647314047567324	1.14334e-05
0.4626550520041105	0.466802544685242	1.72017e-05
0.46044253998979023	0.4618158551599504	1.88599e-06
0.45968085481003296	0.46006245780501215	1.45621e-07
0.4598067461819314	0.4599822654489018	3.0807e-08
0.4601793853399581	0.46004099634720397	1.91515e-08
0.45913596116230126	0.4592776793333534	2.0084e-08
0.46016393571084385	0.46013816065757096	6.64353e-10
0.46164459838997035	0.4614816014867471	2.6568e-08
0.4619615489784049	0.46181160263485443	2.24839e-08
0.46070653236697073	0.4606640799424072	1.80221e-09
0.9909090909090909	0.9909090909090909	0
0.9430920060331826	0.9418954248366014	1.43181e-06
0.8971467205563315	0.8957650682650684	1.90896e-06
0.7627591071125555	0.7495419267433334	0.000174694
0.6320413511253853	0.6513267040382139	0.000371925
0.5715758959924855	0.600339183630478	0.000827327
0.556161746718451	0.5722881758182982	0.000260062
0.508826802313407	0.530776331318898	0.000481782
0.5006740217452899	0.5090242952084754	6.97271e-05
0.4776818108690814	0.48393427161170505	3.90933e-05
0.46737793041361264	0.4776175013657678	0.000104849
0.4616774403522589	0.4716726168824324	9.99036e-05
0.45898495065391776	0.46718441048343856	6.72311e-05
0.4557406777043094	0.4628381110186733	5.03736e-05
0.4614960677853414	0.466991431506753	3.0199e-05
0.4594894790630306	0.4609315591088047	2.07959e-06
0.4592202906173991	0.4596505757525506	1.85145e-07
0.4591968855411239	0.4595202534470638	1.04567e-07
0.4594482654114261	0.45965722758775984	4.36652e-08
0.45848175967708144	0.4585195094169528	1.42504e-09
0.45953105936042843	0.4595614271430817	9.22202e-10
0.4610743028433621	0.461079792850584	3.01402e-11
0.46144715678036546	0.46151679289837483	4.84919e-09
0.4603278440447068	0.4603278440447068	0
0.9909090909090909	0.9909090909090909	0
0.9552287581699346	0.9552287581699346	0
0.9222222222222223	0.9201118326118326	4.45374e-06
0.838313332609126	0.8492917928739429	0.000120527
0.7148612886019836	0.7265475206090941	0.000136568
0.6586757467899151	0.6687146640257211	0.00010078
0.9358730158730161	0.9077344877344877	0.000791777
0.871038945728601	0.8680070387129211	9.19246e-06
0.8157996772568588	0.8000918112548749	0.000246737
0.8038147019335659	0.7989485712225213	2.36792e-05
0.7289723578316882	0.7322064114581905	1.04591e-05
0.7012795459560515	0.6996880647190551	2.53281e-06
0.6880229844215664	0.6895411723654228	2.30489e-06
0.6798664531627027	0.6798612060487687	2.75322e-11
0.6758808402455466	0.6748320599950804	1.09994e-06
0.6758204632120457	0.6760986204351365	7.73714e-08
0.6741221656042861	0.6747335991730592	3.73851e-07
0.670060592819415	0.6689797036799866	1.16832e-06
0.6673448865689842	0.6666446535999311	4.90326e-07
0.6652930932485549	0.6651531814818809	1.95753e-08
0.6648812651727283	0.6646966980398943	3.4065e-08
0.6633998594101939	0.6634427204144552	1.83707e-09
0.6630768122511659	0.6630296892899141	2.22057e-09
0.6641342361363498	0.6641219228285347	1.51618e-10
0.6656851934032322	0.6655857132011933	9.89631e-09
0.665448852573585	0.6653996666809506	2.41925e-09
0.6658868901830223	0.6658522978880574	1.19663e-09
0.6667163483654022	0.666676476411624	1.58977e-09
0.6661365311142675	0.6660969978174526	1.56288e-09
0.665950738552293	0.6659311384328936	3.84165e-10
0.9422222222222223	0.9422222222222223	0
0.8732936555472708	0.8754581117806925	4.68487e-06
0.8107381850084335	0.8198723837342838	8.34336e-05
0.8013556695368786	0.803828539129495	6.11508e-06
0.7334451291039749	0.7446485547775885	0.000125517
0.7000268474122017	0.7037793702937719	1.40814e-05
0.6870609287827281	0.6904751562142218	1.16569e-05
0.6790610916266466	0.6797282985935819	4.45165e-07
0.672994332207755	0.6746727453426061	2.81707e-06
0.6738992960274846	0.6750137133703475	1.24193e-06
0.673039053076731	0.6738839860882062	7.13912e-07
0.6691481674643025	0.6691481674643025	0
0.6664762434424022	0.6665822949285773	1.12469e-08
0.6649322328241988	0.66496679284787	1.1944e-09
0.6642004297602047	0.664471723516946	7.36003e-08
0.6631907842846083	0.6632152918953231	6.00623e-10
0.6627857260889878	0.6627974554169833	1.37577e-10
0.6640099735491775	0.6640099735491775	0
0.6654638570886532	0.6655187892747415	3.01755e-09
0.6654226799436074	0.6654226799436074	0
0.6659143535915777	0.6659143535915777	0
0.6666512142000158	0.6666512142000158	0
0.6660243237862287	0.6660243237862287	0
0.6659209046265785	0.6659209046265785	0
0.9533333333333335	0.9533333333333335	0
0.8947315389924085	0.8976406299014993	8.46281e-06
0.8477923318558382	0.8528587995911165	2.56691e-05
0.8198724542223337	0.8302431121304199	0.000107551
0.7558316933029892	0.7637241950817157	6.22916e-05
0.719273527135901	0.7215938486824494	5.38389e-06
