0.0	0.0	0
0.1	0.1	0
0.1	0.1	0
0.1	0.1	0
0.36666666666666664	0.36666666666666664	0
0.36666666666666664	0.36666666666666664	0
0.42444444444444446	0.42444444444444446	0
0.72	0.72	0
0.7019047619047619	0.7019047619047619	0
0.7430303030303029	0.7430303030303029	0
0.8233333333333335	0.8233333333333335	0
0.7999999999999999	0.7999999999999999	0
0.6971428571428571	0.6971428571428571	0
0.6471428571428571	0.6471428571428571	0
0.5931890331890333	0.5931890331890333	0
0.3437201687201687	0.3437201687201687	0
0.2637695747664789	0.2637695747664789	0
0.22343053145684727	0.22343053145684727	0
0.19129566933741501	0.19129566933741501	0
0.1475945737171374	0.1475945737171374	0
0.13287402439100232	0.13287402439100232	0
0.14296656732826946	0.14296656732826946	0
0.10699651634955051	0.10699651634955051	0
0.10240867338711004	0.10240867338711004	0
0.0	0.0	0
0.1	0.1	0
0.1	0.1	0
0.1	0.1	0
0.36666666666666664	0.36666666666666664	0
0.36666666666666664	0.36666666666666664	0
0.43015873015873024	0.43015873015873024	0
0.6885714285714285	0.6885714285714285	0
0.6753749476330122	0.6753749476330122	0
0.6123615464994776	0.6123615464994776	0
0.6863053613053612	0.6863053613053612	0
0.6130901305802577	0.6130901305802577	0
0.4972648784515715	0.4972648784515715	0
0.4434802508484081	0.4434802508484081	0
0.35103556735900754	0.35103556735900754	0
0.10537098665003712	0.10537098665003712	0
0.05289882421881222	0.05289882421881222	0
0.0456657540688711	0.0456657540688711	0
0.03958782883344154	0.03958782883344154	0
0.03955126199711838	0.03955126199711838	0
0.03536303421120128	0.03536303421120128	0
0.034714687183451956	0.034714687183451956	0
0.030605347981124263	0.030605347981124263	0
0.030482884906853608	0.030482884906853608	0
0.0	0.0	0
0.1	0.1	0
0.1	0.1	0
0.1	0.1	0
0.35	0.35	0
0.36666666666666664	0.36666666666666664	0
0.0	0.0	0
0.1	0.1	0
0.2	0.2	0
0.2	0.2	0
0.4	0.4	0
0.7	0.7	0
0.6599999999999999	0.6599999999999999	0
0.7638095238095238	0.7638095238095238	0
0.6749206349206349	0.6749206349206349	0
0.5671428571428572	0.5671428571428572	0
0.5404761904761906	0.5404761904761906	0
0.4971717171717172	0.4971717171717172	0
0.39189393939393946	0.39189393939393946	0
0.3646673501936659	0.3646673501936659	0
0.295054945054945	0.295054945054945	0
0.2258253323081698	0.2258253323081698	0
0.1793273087937003	0.1793273087937003	0
0.13560595646697163	0.13560595646697163	0
0.12924928620466605	0.12924928620466605	0
0.11446665363256718	0.11446665363256718	0
0.11447579631218022	0.11447579631218022	0
0.10700019930572657	0.10700019930572657	0
0.09897126094715233	0.09897126094715233	0
0.08685896589140368	0.08685896589140368	0
0.0	0.0	0
0.1	0.1	0
0.2	0.2	0
0.2	0.2	0
0.4	0.4	0
0.7	0.7	0
0.6657142857142857	0.6657142857142857	0
0.7363125763125764	0.7363125763125764	0
0.6212554112554112	0.6212554112554112	0
0.4726176698011194	0.4726176698011194	0
0.4008685452395353	0.4008685452395353	0
0.3285185143563072	0.3285185143563072	0
0.23467211653781117	0.23467211653781117	0
0.18668565147649072	0.18668565147649072	0
0.16341389709459872	0.16341389709459872	0
0.10222856790305637	0.10222856790305637	0
0.08032137678615123	0.08032137678615123	0
0.07467012202190956	0.07467012202190956	0
0.06432663287150936	0.06432663287150936	0
0.061163507126569684	0.061163507126569684	0
0.0527654248183813	0.0527654248183813	0
0.05000252770726893	0.05000252770726893	0
0.045994472150393775	0.045994472150393775	0
0.04433648772816534	0.04433648772816534	0
0.1	0.1	0
0.2	0.2	0
0.2	0.2	0
0.4	0.4	0
0.7	0.7	0
0.2	0.2	0
0.5	0.5	0
0.5	0.5	0
0.6799999999999999	0.6799999999999999	0
0.7942857142857143	0.7942857142857143	0
0.6876190476190476	0.6876190476190476	0
0.6744588744588744	0.6744588744588744	0
0.5065001665001665	0.5065001665001665	0
0.38796620046620045	0.38796620046620045	0
0.3423343323343323	0.3423343323343323	0
0.35092712842712837	0.35092712842712837	0
0.3020756141003819	0.3020756141003819	0
0.24895013901609672	0.24895013901609672	0
0.26191567606401367	0.26191567606401367	0
0.2793997393581038	0.2793997393581038	0
0.18450388074107513	0.18450388074107513	0
0.14434001391756657	0.14434001391756657	0
0.12966032841479985	0.12966032841479985	0
0.12734463791942052	0.12734463791942052	0
0.12211775804771127	0.12211775804771127	0
0.11238634742270862	0.11238634742270862	0
0.10535712960083377	0.10535712960083377	0
0.09758312386714277	0.09758312386714277	0
0.09670167108939813	0.09670167108939813	0
0.2	0.2	0
0.5	0.5	0
0.5	0.5	0
0.6857142857142857	0.6857142857142857	0
0.8514285714285714	0.8514285714285714	0
0.709443173150267	0.709443173150267	0
0.8211766011766011	0.8211766011766011	0
0.513345663219436	0.513345663219436	0
0.3754845399698341	0.3754845399698341	0
0.2677145780944613	0.2677145780944613	0
0.2475323370591987	0.2475323370591987	0
0.22535731871458736	0.22535731871458736	0
0.19038803986137853	0.19038803986137853	0
0.20145790348422654	0.20145790348422654	0
0.1995887286250075	0.1995887286250075	0
0.1294680632094154	0.1294680632094154	0
0.1085251984719194	0.1085251984719194	0
0.0841935823632026	0.0841935823632026	0
0.08478408021157238	0.08478408021157238	0
0.07836023657651406	0.07836023657651406	0
0.07285090679916471	0.07285090679916471	0
0.07026215976763588	0.07026215976763588	0
0.06590124890981722	0.06590124890981722	0
0.06687105481026559	0.06687105481026559	0
0.2	0.2	0
0.5	0.5	0
0.5	0.5	0
0.6857142857142857	0.6857142857142857	0
0.8800000000000001	0.8800000000000001	0
0.7940476190476191	0.7940476190476191	0
0.4	0.4	0
0.7	0.7	0
0.7	0.7	0
0.8266666666666665	0.8266666666666665	0
0.7638095238095237	0.7638095238095237	0
0.6248412698412699	0.6248412698412699	0
0.5242857142857142	0.5242857142857142	0
0.46702491866578555	0.46702491866578555	0
0.3955405378934791	0.3955405378934791	0
0.36822510822510823	0.36822510822510823	0
0.34078993470297814	0.34078993470297814	0
0.30882159192062136	0.30882159192062136	0
0.29555277412153474	0.29555277412153474	0
0.2887241902925996	0.2887241902925996	0
0.26420755547512703	0.26420755547512703	0
0.19477489495079586	0.19477489495079586	0
0.15352742348555587	0.15352742348555587	0
0.14590648433184947	0.14590648433184947	0
0.13748321660364493	0.13748321660364493	0
0.1301948785718112	0.1301948785718112	0
0.11770217937545964	0.11770217937545964	0
0.10966815353056555	0.10966815353056555	0
0.106189443564964	0.106189443564964	0
0.10595833364042154	0.10595833364042154	0
0.4	0.4	0
0.7	0.7	0
0.7	0.7	0
0.8407142857142859	0.8407142857142859	0
0.818868908868909	0.818868908868909	0
0.6985686606658474	0.6985686606658474	0
0.6170826425036952	0.6170826425036952	0
0.45559732895860383	0.45559732895860383	0
0.3532572105095325	0.3532572105095325	0
0.32582025569504947	0.32582025569504947	0
0.29503670671933324	0.29503670671933324	0
0.2428444176709042	0.2428444176709042	0
0.2242289504157323	0.2242289504157323	0
0.20721961346081225	0.20721961346081225	0
0.19558015794965194	0.19558015794965194	0
0.13494554116809995	0.13494554116809995	0
0.12073259844045861	0.12073259844045861	0
0.11031745106426664	0.11031745106426664	0
0.10117623320595595	0.10117623320595595	0
0.09626404073876492	0.09626404073876492	0
0.08976576182742343	0.08976576182742343	0
0.09127734070403254	0.09127734070403254	0
0.0861508488888142	0.0861508488888142	0
0.0857536832209581	0.0857536832209581	0
0.4	0.4	0
0.7	0.7	0
0.7	0.7	0
0.8457142857142858	0.8457142857142858	0
0.8760317460317462	0.8760317460317462	0
0.8084415584415584	0.8084415584415584	0
0.4	0.4	0
0.5	0.5	0
0.6	0.6	0
0.62	0.62	0
0.5576190476190477	0.5576190476190477	0
0.6558730158730158	0.6558730158730158	0
0.611911421911422	0.611911421911422	0
0.473965975544923	0.473965975544923	0
0.35755291005291007	0.35755291005291007	0
0.3430032816617485	0.3430032816617485	0
0.3219010446528149	0.3219010446528149	0
0.34017749818619214	0.34017749818619214	0
0.299994458546762	0.299994458546762	0
0.26062674084787074	0.26062674084787074	0
0.25219734665354837	0.25219734665354837	0
0.20129405617821555	0.20129405617821555	0
0.17152013003918878	0.17152013003918878	0
0.15358756998951203	0.15358756998951203	0
0.13704545695076428	0.13704545695076428	0
0.12927520641845774	0.12927520641845774	0
0.12048426263167875	0.12048426263167875	0
0.1150835790147926	0.1150835790147926	0
0.11238159564989406	0.11238159564989406	0
0.10919450055022709	0.10919450055022709	0
0.4	0.4	0
0.5	0.5	0
0.6	0.6	0
0.6714285714285715	0.6714285714285715	0
0.6548538011695907	0.6548538011695907	0
0.6777104377104377	0.6777104377104377	0
0.6171643030340078	0.6171643030340078	0
0.4431122327848615	0.4431122327848615	0
0.3142086838443322	0.3142086838443322	0
0.3011152040279049	0.3011152040279049	0
0.2763871187781247	0.2763871187781247	0
0.2732453300740205	0.2732453300740205	0
0.2512994187455448	0.2512994187455448	0
0.23768367123028394	0.23768367123028394	0
0.2286708481864345	0.2286708481864345	0
0.16140669609637653	0.16140669609637653	0
0.14308703081838886	0.14308703081838886	0
0.12411718536764901	0.12411718536764901	0
0.12099908608383991	0.12099908608383991	0
0.10997707065347992	0.10997707065347992	0
0.10796694016859447	0.10796694016859447	0
0.10575627069373753	0.10575627069373753	0
0.10393638160213663	0.10393638160213663	0
0.10008067551853383	0.10008067551853383	0
0.4	0.4	0
0.5	0.5	0
0.6	0.6	0
0.6714285714285715	0.6714285714285715	0
0.7340476190476191	0.7340476190476191	0
0.8353862150920974	0.8353862150920974	0
0.2	0.2	0
0.5	0.5	0
0.76	0.76	0
0.6733333333333333	0.6733333333333333	0
0.659011544011544	0.659011544011544	0
0.5227838827838828	0.5227838827838828	0
0.4828552441710336	0.4828552441710336	0
0.42706539434800306	0.42706539434800306	0
0.35609278444447007	0.35609278444447007	0
0.33606809053239967	0.33606809053239967	0
0.3380098818088918	0.3380098818088918	0
0.3168562422685399	0.3168562422685399	0
0.30675630583055846	0.30675630583055846	0
0.2532000954189437	0.2532000954189437	0
0.25644393092474305	0.25644393092474305	0
0.1947251989078956	0.1947251989078956	0
0.16637226324511006	0.16637226324511006	0
0.1599621861774348	0.1599621861774348	0
0.14535143436596093	0.14535143436596093	0
0.1388289760375094	0.1388289760375094	0
0.13150083982383506	0.13150083982383506	0
0.12432501476393817	0.12432501476393817	0
0.12354320809601474	0.12354320809601474	0
0.12200168985360733	0.12200168985360733	0
0.2	0.2	0
0.5	0.5	0
0.8	0.8	0
0.7714285714285716	0.7714285714285716	0
0.7428378378378377	0.7428378378378377	0
0.5481653938082509	0.5481653938082509	0
0.4481938041991156	0.4481938041991156	0
0.39081609854301175	0.39081609854301175	0
0.302529429839824	0.302529429839824	0
0.30570488203699026	0.30570488203699026	0
0.2852579393725048	0.2852579393725048	0
0.2564297667674304	0.2564297667674304	0
0.24955710299365164	0.24955710299365164	0
0.23056999575995252	0.23056999575995252	0
0.20180617532033787	0.20180617532033787	0
0.17331618782106348	0.17331618782106348	0
0.14494369130574972	0.14494369130574972	0
0.12636691389122606	0.12636691389122606	0
0.12391895635291068	0.12391895635291068	0
0.12098865275700214	0.12098865275700214	0
0.11640593009721582	0.11640593009721582	0
0.11306457907905243	0.11306457907905243	0
0.11408515881546613	0.11408515881546613	0
0.11169993563398892	0.11169993563398892	0
0.2	0.2	0
0.5	0.5	0
0.8	0.8	0
0.7857142857142858	0.7857142857142858	0
0.8402059052059052	0.8402059052059052	0
0.7419875222816399	0.7419875222816399	0
0.6599999999999999	0.6599999999999999	0
0.6683333333333332	0.6683333333333332	0
0.8166666666666667	0.8166666666666667	0
0.6723931623931624	0.6723931623931624	0
0.566009121597357	0.566009121597357	0
0.48099239285001244	0.48099239285001244	0
0.49281526261826747	0.49281526261826747	0
0.38954617661133006	0.38954617661133006	0
0.3582141263853649	0.3582141263853649	0
0.33720447322730795	0.33720447322730795	0
0.32759360776050006	0.32759360776050006	0
0.31681570822246624	0.31681570822246624	0
0.30179078602424725	0.30179078602424725	0
0.30370727725430335	0.30370727725430335	0
0.2768369609994035	0.2768369609994035	0
0.23887614074567062	0.23887614074567062	0
0.22147876057446333	0.22147876057446333	0
0.21319866405520532	0.21319866405520532	0
0.20831420610706214	0.20831420610706214	0
0.20027542977637874	0.20027542977637874	0
0.19739070315619256	0.19739070315619256	0
0.19324754854651402	0.19324754854651402	0
0.19202911522589797	0.19202911522589797	0
0.18926265109088516	0.18926265109088516	0
0.675	0.675	0
0.7657142857142857	0.7657142857142857	0
0.9337662337662339	0.9337662337662339	0
0.8359706959706961	0.8359706959706961	0
0.6788941200194535	0.6788941200194535	0
0.5731643514175211	0.5731643514175211	0
0.5015204824824727	0.5015204824824727	0
0.4033848670228914	0.4033848670228914	0
0.35492404867858685	0.35492404867858685	0
0.3474352592163548	0.3474352592163548	0
0.3170503063446037	0.3170503063446037	0
0.3019151201620699	0.3019151201620699	0
0.28992852560888704	0.28992852560888704	0
0.2834679069077246	0.2834679069077246	0
0.2645274788779582	0.2645274788779582	0
0.23345591063099397	0.23345591063099397	0
0.21937162440627694	0.21937162440627694	0
0.2104349533113723	0.2104349533113723	0
0.20452767038941708	0.20452767038941708	0
0.19969912118401684	0.19969912118401684	0
0.1965109475594935	0.1965109475594935	0
0.1937369752257411	0.1937369752257411	0
0.19070174867976505	0.19070174867976505	0
0.18903450461789378	0.18903450461789378	0
0.6799999999999999	0.6799999999999999	0
0.7714285714285716	0.7714285714285716	0
0.9516233766233766	0.9516233766233766	0
0.9008771929824562	0.9008771929824562	0
0.7611365204843467	0.7611365204843467	0
0.6980614151819086	0.6980614151819086	0
1.0	1.0	0
0.8512193362193361	0.8512193362193361	0
0.8369774815827448	0.8369774815827448	0
0.6875207782301604	0.6875207782301604	0
0.6008508675589421	0.6008508675589421	0
0.561478369178699	0.561478369178699	0
0.5148200968017408	0.5148200968017408	0
0.4727275453330687	0.4727275453330687	0
0.4524269420218724	0.4524269420218724	0
0.42739466834196244	0.42739466834196244	0
0.4196711747902285	0.4196711747902285	0
0.40649081244156837	0.40649081244156837	0
0.39691741072001985	0.39691741072001985	0
0.3870843588382029	0.3870843588382029	0
0.3811614362249913	0.3811614362249913	0
0.35323989680066903	0.35323989680066903	0
0.3448644837410602	0.3448644837410602	0
0.34097273728557975	0.34097273728557975	0
0.34172954585833953	0.34172954585833953	0
0.3377440871720827	0.3377440871720827	0
0.3361687985520542	0.3361687985520542	0
0.3351698502316128	0.3351698502316128	0
0.3359696968910538	0.3359696968910538	0
0.33610291709405127	0.33610291709405127	0
1.0	1.0	0
0.95995670995671	0.95995670995671	0
0.8868945089997723	0.8868945089997723	0
0.8454159510223012	0.8454159510223012	0
0.6653710325489586	0.6653710325489586	0
0.5772431340356858	0.5772431340356858	0
0.5389802862069099	0.5389802862069099	0
0.47075882613001585	0.47075882613001585	0
0.4450655597818245	0.4450655597818245	0
0.4292104196165874	0.4292104196165874	0
0.4086146856919683	0.4086146856919683	0
0.4028328797278126	0.4028328797278126	0
0.3894356433508738	0.3894356433508738	0
0.3814211782504935	0.3814211782504935	0
0.3747232928341099	0.3747232928341099	0
0.3511509518793505	0.3511509518793505	0
0.34178600589354113	0.34178600589354113	0
0.33931514352931946	0.33931514352931946	0
0.34015728546256646	0.34015728546256646	0
0.33643151087597745	0.33643151087597745	0
0.3350898213194723	0.3350898213194723	0
0.3340294422159757	0.3340294422159757	0
0.33511063434481847	0.33511063434481847	0
0.33561167173382966	0.33561167173382966	0
1.0	1.0	0
0.9655122655122655	0.9655122655122655	0
0.926288968618017	0.926288968618017	0
0.885917505200114	0.885917505200114	0
0.7457773364767761	0.7457773364767761	0
0.672574385344784	0.672574385344784	0
0.928888888888889	0.928888888888889	0
0.8024286987522281	0.8024286987522281	0
0.773328810508377	0.773328810508377	0
0.6998292554127794	0.6998292554127794	0
0.6287209036780869	0.6287209036780869	0
0.6130594269406973	0.6130594269406973	0
0.5745681489608362	0.5745681489608362	0
0.5395979786187886	0.5395979786187886	0
0.5097113666787145	0.5097113666787145	0
0.49044331136761443	0.49044331136761443	0
0.48147346061384183	0.48147346061384183	0
0.4718400460294624	0.4718400460294624	0
0.470348078547618	0.470348078547618	0
0.4647314047567324	0.4647314047567324	0
0.466802544685242	0.466802544685242	0
0.4618158551599504	0.4618158551599504	0
0.46006245780501215	0.46006245780501215	0
0.4599822654489018	0.4599822654489018	0
0.46004099634720397	0.46004099634720397	0
0.4592776793333534	0.4592776793333534	0
0.46013816065757096	0.46013816065757096	0
0.4614816014867471	0.4614816014867471	0
0.46181160263485443	0.46181160263485443	0
0.4606640799424072	0.4606640799424072	0
0.9909090909090909	0.9909090909090909	0
0.9418954248366014	0.9418954248366014	0
0.8957650682650684	0.8957650682650684	0
0.7495419267433334	0.7495419267433334	0
0.6513267040382139	0.6513267040382139	0
0.600339183630478	0.600339183630478	0
0.5722881758182982	0.5722881758182982	0
0.530776331318898	0.530776331318898	0
0.5090242952084754	0.5090242952084754	0
0.48393427161170505	0.48393427161170505	0
0.4776175013657678	0.4776175013657678	0
0.4716726168824324	0.4716726168824324	0
0.46718441048343856	0.46718441048343856	0
0.4628381110186733	0.4628381110186733	0
0.466991431506753	0.466991431506753	0
0.4609315591088047	0.4609315591088047	0
0.4596505757525506	0.4596505757525506	0
0.4595202534470638	0.4595202534470638	0
0.45965722758775984	0.45965722758775984	0
0.4585195094169528	0.4585195094169528	0
0.4595614271430817	0.4595614271430817	0
0.461079792850584	0.461079792850584	0
0.46151679289837483	0.46151679289837483	0
0.4603278440447068	0.4603278440447068	0
0.9909090909090909	0.9909090909090909	0
0.9552287581699346	0.9552287581699346	0
0.9201118326118326	0.9201118326118326	0
0.8492917928739429	0.8492917928739429	0
0.7265475206090941	0.7265475206090941	0
0.6687146640257211	0.6687146640257211	0
0.9077344877344877	0.9077344877344877	0
0.8680070387129211	0.8680070387129211	0
0.8000918112548749	0.8000918112548749	0
0.7989485712225213	0.7989485712225213	0
0.7322064114581905	0.7322064114581905	0
0.6996880647190551	0.6996880647190551	0
0.6895411723654228	0.6895411723654228	0
0.6798612060487687	0.6798612060487687	0
0.6748320599950804	0.6748320599950804	0
0.6760986204351365	0.6760986204351365	0
0.6747335991730592	0.6747335991730592	0
0.6689797036799866	0.6689797036799866	0
0.6666446535999311	0.6666446535999311	0
0.6651531814818809	0.6651531814818809	0
0.6646966980398943	0.6646966980398943	0
0.6634427204144552	0.6634427204144552	0
0.6630296892899141	0.6630296892899141	0
0.6641219228285347	0.6641219228285347	0
0.6655857132011933	0.6655857132011933	0
0.6653996666809506	0.6653996666809506	0
0.6658522978880574	0.6658522978880574	0
0.666676476411624	0.666676476411624	0
0.6660969978174526	0.6660969978174526	0
0.6659311384328936	0.6659311384328936	0
0.9422222222222223	0.9422222222222223	0
0.8754581117806925	0.8754581117806925	0
0.8198723837342838	0.8198723837342838	0
0.803828539129495	0.803828539129495	0
0.7446485547775885	0.7446485547775885	0
0.7037793702937719	0.7037793702937719	0
0.6904751562142218	0.6904751562142218	0
0.6797282985935819	0.6797282985935819	0
0.6746727453426061	0.6746727453426061	0
0.6750137133703475	0.6750137133703475	0
0.6738839860882062	0.6738839860882062	0
0.6691481674643025	0.6691481674643025	0
0.6665822949285773	0.6665822949285773	0
0.66496679284787	0.66496679284787	0
0.664471723516946	0.664471723516946	0
0.6632152918953231	0.6632152918953231	0
0.6627974554169833	0.6627974554169833	0
0.6640099735491775	0.6640099735491775	0
0.6655187892747415	0.6655187892747415	0
0.6654226799436074	0.6654226799436074	0
0.6659143535915777	0.6659143535915777	0
0.6666512142000158	0.6666512142000158	0
0.6660243237862287	0.6660243237862287	0
0.6659209046265785	0.6659209046265785	0
0.9533333333333335	0.9533333333333335	0
0.8976406299014993	0.8976406299014993	0
0.8528587995911165	0.8528587995911165	0
0.8302431121304199	0.8302431121304199	0
0.7637241950817157	0.7637241950817157	0
0.7215938486824494	0.7215938486824494	0
